0.160826816481301 0.255300274323693 0.340580629357155 0.243292279837851
0.411828271449703 0.223195628297463 0.116591293351524 0.24838480690131
0.236563045327729 0.407678523784008 0.217924193151269 0.137834237736995
0.21868484234263 0.350718872104821 0.106035978226114 0.324560307326434
0.536957620877918 0.0936044832277581 0.122324018072906 0.247113877821418
0.295153929108229 0.23385749765071 0.145830407812112 0.325158165428949
0.201403106766146 0.149657540254605 0.186307449823889 0.46263190315536
0.191236043597876 0.280326212350583 0.333128605774728 0.195309138276813
0.237435106788499 0.19596285665975 0.195155292340483 0.371446744211268
0.361696776962059 0.342749532013261 0.13563247916999 0.15992121185469
0.399169640175653 0.131432593770923 0.100628167000701 0.368769599052722
0.192088217692206 0.245308063475828 0.35090115515856 0.211702563673406
0.248129048822391 0.333405557400682 0.320004501627208 0.0984608921497184
0.0819022129329029 0.376976702281953 0.362161988494322 0.178959096290822
0.383226119055392 0.167881242681226 0.139858644504904 0.309033993758478
0.217964135452412 0.436842808914115 0.103956787574184 0.241236268059289
0.228791004096343 0.246753784877193 0.377473853626492 0.146981357399971
0.242299324947438 0.130871630332817 0.135375626230924 0.49145341848882
0.199473466140002 0.319129935733423 0.248317001571761 0.233079596554815
0.235167579398862 0.305517532746201 0.27273310628169 0.186581781573247
0.144656449038742 0.37672098786289 0.319484203189719 0.15913835990865
0.28485578145746 0.304691868702758 0.206327056071524 0.204125293768258
0.116679068585698 0.241046754361094 0.446999698773903 0.195274478279306
0.30806604620106 0.114023303097975 0.231990364136641 0.345920286564324
0.205144819015607 0.173566252607158 0.384678814707168 0.236610113670066
0.317722040363601 0.178991659203648 0.174585362440672 0.32870093799208
0.503492420775548 0.248152033907007 0.128575115286849 0.119780430030596
0.434335236792369 0.141422049041877 0.211882602229882 0.212360111935871
0.339246435726348 0.118623420242285 0.127146810111722 0.414983333919645
0.306374328573506 0.253327111015932 0.189034044500112 0.251264515910451
0.259034674073908 0.249365615583799 0.267036758031937 0.224562952310356
0.307933689614676 0.389445684159057 0.0977066832135044 0.204913943012763
0.247037781924508 0.27838232479573 0.218310993029383 0.256268900250378
0.215782346285835 0.238849823889059 0.145282301849112 0.400085527975994
0.134548975527874 0.468061033432162 0.260313512625626 0.137076478414338
0.24787522395914 0.285513262481741 0.213335254656043 0.253276258903076
0.157851869516571 0.106350696054602 0.570796866862734 0.165000567566093
0.357381671672534 0.254245350565184 0.262176355645363 0.126196622116919
0.223636490296755 0.240360623775861 0.343930897482568 0.192071988444816
0.174739148972821 0.339375522533912 0.30521016194757 0.180675166545698
0.160748978309315 0.267123005625425 0.416499558561135 0.155628457504126
0.171481621117509 0.404520805548894 0.279159142046814 0.144838431286783
0.375027258353057 0.256557713897096 0.242922074273312 0.125492953476535
0.185841859124171 0.318614397574564 0.302364513512171 0.193179229789094
0.246216283620416 0.157851053058829 0.256637891438095 0.33929477188266
0.110860510781274 0.189510933819722 0.251740853682239 0.447887701716765
0.381904920484488 0.156679361366308 0.265018680034007 0.196397038115197
0.220086653101487 0.246556661517846 0.358689806573111 0.174666878807556
0.446713743840737 0.233555222034402 0.0753421633139107 0.244388870810951
0.208882865507565 0.40528361309177 0.252287024158725 0.133546497241939
0.193848808061451 0.269179736509736 0.122973537929479 0.413997917499334
0.560533663713984 0.13772458716929 0.0725336349193108 0.229208114197415
0.296247861931507 0.296751199251552 0.109808037171691 0.29719290164525
0.226154387549821 0.206122369340931 0.170387647736297 0.39733559537295
0.247604059642019 0.257115738351668 0.319092295258198 0.176187906748115
0.268364193605694 0.1475385692167 0.249577986692008 0.334519250485598
0.344445249635179 0.362285344702252 0.120087763914025 0.173181641748543
0.387112468698881 0.105225833482009 0.122796863363925 0.384864834455185
0.201887638717878 0.304875394468842 0.274501634484538 0.218735332328742
0.282242943976251 0.350184993402935 0.275635590220717 0.0919364724000971
0.0785448852441847 0.389648706024726 0.358416369112078 0.173390039619011
0.383226119055392 0.184291540116003 0.126972900677112 0.305509440151493
0.257399700062587 0.40629122177579 0.105730315001761 0.230578763159862
0.266784518878627 0.263745279979605 0.317158279159543 0.152311921982226
0.259354257948493 0.111907045835082 0.115396549054966 0.513342147161459
0.233749180739063 0.284393305278997 0.20014005130308 0.28171746267886
0.185932580800167 0.270641062594843 0.344409675696248 0.199016680908741
0.102134070295581 0.404252405962423 0.355338892448569 0.138274631293427
0.300909870760821 0.306635291155072 0.167880899879885 0.224573938204223
0.134367547930058 0.262349973261087 0.405880841107751 0.197401637701104
0.310953658939474 0.149339759399345 0.197450340196724 0.342256241464457
0.189482876784371 0.135118684326769 0.446187387600385 0.229211051288475
0.247220414843191 0.238367913485608 0.16281061755563 0.351601054115572
0.521562006811111 0.206340203746566 0.151373591183556 0.120724198258767
0.430115346930372 0.130594616183818 0.204318774024425 0.234971262861385
0.330619368115261 0.0876652290474805 0.183759242883084 0.397956159954174
0.207740190824765 0.269541931444218 0.23685363929453 0.285864238436487
0.270256240212465 0.180207994249492 0.296825311769973 0.252710453768071
0.300428114268381 0.377105261159943 0.111866843212078 0.210599781359598
0.221818616256849 0.318086444023557 0.198438331669542 0.261656608050051
0.192887424841013 0.198888895901355 0.160244916042904 0.447978763214729
0.13030488733843 0.434505065850238 0.298068904983566 0.137121141827765
0.176229513574667 0.314973247082285 0.229139279243894 0.279657960099154
0.148736671587948 0.125567510313436 0.544554847684854 0.181140970413761
0.371513719245173 0.200078017552737 0.246063539509499 0.182344723692591
0.172837783149859 0.267079856127613 0.310044191701235 0.250038169021293
0.189749696447779 0.309581777010127 0.380124754981761 0.120543771560333
0.157314344048248 0.286874598636157 0.404480031276706 0.151331026038888
0.202153273960521 0.408095676250308 0.255010382748554 0.134740667040617
0.32272843712939 0.240728454838868 0.294442904008403 0.142100204023339
0.143161335020827 0.338302667629322 0.304645083164965 0.213890914184886
0.2516606126021 0.135190612444848 0.272107165025318 0.341041609927734
0.127399241964665 0.22425881746228 0.208255053819701 0.440086886753354
0.365779301294208 0.140707752947103 0.295661391422653 0.197851554336035
0.233218890191517 0.284510738892735 0.294363363323518 0.187907007592229
0.441988789638198 0.226449860352505 0.0773709114275727 0.254190438581724
0.229963213705867 0.397274486105626 0.230270127868719 0.142492172319787
0.171587195501782 0.256841060712518 0.106407986809623 0.465163756976077
0.53935875558728 0.195977791549452 0.0512662596449822 0.213397193218286
0.301555351646558 0.234796920944749 0.149265303256773 0.314382424151919
0.246026342390895 0.219967025563431 0.167652584547122 0.366354047498552
0.287596925602832 0.270590582817631 0.284926675123753 0.156885816455784
0.252318742825619 0.200264374721879 0.207019091145763 0.340397791306739
0.289297964224976 0.37870965878625 0.13445518702164 0.197537189967134
0.431843533223849 0.107710253755695 0.0724756394977305 0.387970573522726
0.238166955121549 0.306897246214509 0.302922398575962 0.15201340008798
0.303144471942158 0.344343682353054 0.230795937243765 0.121715908461023
0.0814982594961409 0.403800791375087 0.29544920827901 0.219251740849762
0.377474739441162 0.213971544092685 0.121823540967063 0.28673017549909
0.275843108141334 0.400404109358531 0.0944949050034259 0.229257877496708
0.238592219146154 0.265978815199753 0.28888398798785 0.206544977666243
0.249381015872845 0.124487649708439 0.126329763655629 0.499801570763086
0.218555980377381 0.264488682505822 0.193174932796157 0.323780404320639
0.161034066567103 0.249689950619252 0.389109707057092 0.200166275756553
0.109720254189308 0.399792173007253 0.375003271977991 0.115484300825449
0.3072266505359 0.267995024317752 0.156679089508754 0.268099235637593
0.11209211711034 0.29444922702686 0.399092955015545 0.194365700847256
0.263777317331773 0.15222789708937 0.196784392355244 0.387210393223614
0.185612254418869 0.121135562690212 0.460687278305723 0.232564904585196
0.228312548780827 0.211889322122197 0.138389386735622 0.421408742361354
0.49877529761052 0.191946279866732 0.194532581462163 0.114745841060585
0.463793912744997 0.154868311293696 0.200901764105941 0.180436011855366
0.340633149341268 0.0889935495285965 0.201580405705741 0.368792895424394
0.197069302266968 0.270277885557988 0.193620067359551 0.339032744815493
0.274005196133502 0.221219819913228 0.261487726105153 0.243287257848118
0.280900001806823 0.400587393129593 0.0784972972068083 0.240015307856776
0.206566339385962 0.319657430584103 0.198878305112823 0.274897924917112
0.153464949102329 0.233209101997518 0.176022272168085 0.437303676732068
0.108523788309545 0.457089293829188 0.316403774989058 0.117983142872208
0.160500682516299 0.341738589971406 0.206899331761882 0.290861395750413
0.131944181731933 0.0929645791152381 0.553535219319097 0.221556019833732
0.326753418368367 0.205406045130808 0.249768040668289 0.218072495832536
0.203636363379607 0.219406208032389 0.292255329293329 0.284702099294675
0.213174201517631 0.308262777688462 0.35741609575848 0.121146925035427
0.148517922115028 0.299363063251465 0.359336552057301 0.192782462576206
0.1519811596814 0.424363457308867 0.240149791985863 0.183505591023871
0.270182431049161 0.258505508571293 0.254710047355703 0.216602013023842
0.132890685721336 0.340462540716979 0.292478714744962 0.234168058816723
0.307341916630358 0.145351166296013 0.25300711178943 0.294299805284199
0.120552781934018 0.209344247353758 0.211686294667268 0.458416676044955
0.371444091855631 0.17083792638184 0.287112798128545 0.170605183633984
0.291216761148996 0.234858566727511 0.284787817215565 0.189136854907928
0.464969395059088 0.24229824235029 0.0754332305032614 0.217299132087362
0.239389536442412 0.353892034451447 0.258987274700051 0.14773115440609
0.202621504441488 0.234482583631811 0.120236004861195 0.442659907065505
0.581251737349346 0.134835608128272 0.043054028487169 0.240858626035212
0.313546509291219 0.26057234624382 0.156530847043117 0.269350297421844
0.27293861120669 0.169647746624735 0.167309937857735 0.39010370431084
0.279351941372572 0.260745441438003 0.275641265025953 0.184261352163472
0.297616946989174 0.173966746599032 0.205723638074402 0.322692668337392
0.32741472731476 0.394158682475393 0.120163265746205 0.158263324463642
0.538725344588868 0.0507817479722596 0.0998029960550923 0.31068991138378
0.281631781134045 0.282682029285649 0.287257469197418 0.148428720382889
0.320142371592754 0.34021148755345 0.213284043702678 0.126362097151117
0.121958272029144 0.433419976169224 0.279215099566486 0.165406652235146
0.353314303691944 0.224057429662837 0.139277147213335 0.283351119431884
0.254398344967985 0.427409268567315 0.0964141368873746 0.221778249577325
0.221735547183267 0.302645893694545 0.25141467192347 0.224203887198717
0.243385565133562 0.14348345772099 0.0977685556077254 0.515362421537723
0.216244072307849 0.240347924351141 0.238406985355889 0.305001017985121
0.123645236435718 0.248764445137824 0.409570432149654 0.218019886276804
0.10175851084103 0.400271761653229 0.395132911045445 0.102836816460296
0.265194351938859 0.277413140682147 0.199759176538129 0.257633330840865
0.0953020520166755 0.338596755740662 0.412380533311694 0.153720658930969
0.184929629232869 0.180900746156158 0.228242503171555 0.405927121439418
0.187012810496584 0.143196910162694 0.456173827785843 0.21361645155488
0.21823090817897 0.164421773751137 0.159253930822712 0.458093387247181
0.465371112249524 0.175670832265513 0.235891677697991 0.123066377786972
0.437852426210567 0.182700876133323 0.178896226365753 0.200550471290356
0.353252328909987 0.0579537422757778 0.225634722300006 0.363159206514229
0.226874379128489 0.292866746878388 0.125378199354417 0.354880674638706
0.267903004360259 0.246162267891766 0.312840177218205 0.173094550529771
0.26505776220156 0.419252240117987 0.0577505444706496 0.257939453209803
0.178783943356746 0.313321212628417 0.19862649412674 0.309268349888097
0.153470722318582 0.188834982792351 0.204957220948892 0.452737073940175
0.0698008257726958 0.441375214687572 0.361669902208715 0.127154057331018
0.170230306875469 0.373374303688375 0.176987393545345 0.279407995890812
0.157483827296209 0.0909798558303975 0.532825439978556 0.218710876894837
0.336030468711011 0.191892015471244 0.247745365156164 0.224332150661581
0.221973915588293 0.203376001448716 0.307832643028013 0.266817439934978
0.234589863823293 0.287689270724324 0.362175603524474 0.115545261927909
0.142094462569551 0.305691401170432 0.364825041159873 0.187389095100143
0.171807628570769 0.395282214241818 0.232948174815505 0.199961982371909
0.283279278888349 0.27951133435116 0.216213191616199 0.220996195144292
0.15130959165193 0.376696020048693 0.239597214294067 0.23239717400531
0.327332771416369 0.159321400954349 0.224778765595056 0.288567062034226
0.178155329619401 0.175373419558193 0.191249104823763 0.455222145998643
0.358457684158896 0.257053779706232 0.24706238523944 0.137426150895431
0.273383287749482 0.24861548520976 0.293412494761887 0.184588732278871
0.469788133380861 0.199396142549295 0.100521845130282 0.230293878939562
0.208433788042692 0.34050940853983 0.232403513909524 0.218653289507954
0.198956717944823 0.229452527804583 0.0658462489793379 0.505744505271256
0.587315033354942 0.145823688920867 0.0727355446057495 0.194125733118442
0.330838806713174 0.222474985484545 0.223590650768104 0.223095557034177
0.261603164899487 0.211312733775315 0.147746260189397 0.379337841135801
0.321456516707388 0.250948936878076 0.295505964136574 0.132088582277962
0.345047912718465 0.166075986131178 0.195598203757241 0.293277897393115
0.344122334976133 0.399436479962026 0.116359770777754 0.140081414284087
0.527488249979336 0.040352450252876 0.109061452315524 0.323097847452265
0.272747259379819 0.318153931875428 0.266037558463783 0.14306125028097
0.305990633247364 0.357568024544879 0.212894106624098 0.123547235583659
0.0851835711432729 0.449303576555083 0.249074231614927 0.216438620686716
0.366123872341335 0.159336251189863 0.172091612734704 0.302448263734097
0.245971418409381 0.449700660166307 0.125381048915056 0.178946872509256
0.268920146944652 0.293749632462106 0.251749486871034 0.185580733722207
0.175612736474053 0.145623509388802 0.155361753908763 0.523402000228382
0.201074784555489 0.22016889812067 0.227121640588504 0.351634676735337
0.168649084719968 0.250713776965752 0.386303380391642 0.194333757922638
0.143611318269252 0.376117226397135 0.363178721777737 0.117092733555876
0.241968424917737 0.280733637164922 0.205098469277647 0.272199468639694
0.100101111940647 0.334819401087668 0.378121006402831 0.186958480568855
0.189290333874891 0.171740443850331 0.210144679260907 0.428824543013871
0.169466632311436 0.118125848690285 0.467011682393805 0.245395836604474
0.229082045845002 0.142219493214843 0.190070097798713 0.438628363141442
0.483459861940902 0.159477504532896 0.273778440660435 0.0832841928657668
0.451977415714329 0.213707155482418 0.181052052181615 0.153263376621638
0.349674977304933 0.0632944066555421 0.196172988634922 0.390857627404603
0.257019436395999 0.319958012121168 0.121806167900466 0.301216383582367
0.305317587120797 0.212647410943016 0.332561820233715 0.149473181702472
0.290390019818825 0.392954509619506 0.0518606335571114 0.264794837004557
0.20634652262487 0.248606628542094 0.227097072538101 0.317949776294935
0.184716414154229 0.225448698657301 0.1612334709043 0.428601416284169
0.0725367359066201 0.380745441442844 0.394028444863844 0.152689377786692
0.127568791467506 0.392555435690642 0.212201731129674 0.267674041712177
0.171206281173772 0.113811690409517 0.583780831979753 0.131201196436958
0.325634966906705 0.152663427611701 0.269735212136596 0.251966393344998
0.286873629477756 0.202987529718895 0.274060565779581 0.236078275023768
0.178274123846585 0.280438222816694 0.416749748761458 0.124537904575263
0.179431196000408 0.306900122329924 0.355393317450888 0.15827536421878
0.152366877833793 0.380389345718798 0.24391085692809 0.223332919519319
0.27982842339201 0.299040128604871 0.247558713100235 0.173572734902885
0.13810917318709 0.343457235661916 0.242226369913137 0.276207221237856
0.301492279405321 0.163582544646187 0.24407603763184 0.290849138316653
0.186608917824558 0.135708641741687 0.246606423794836 0.431076016638919
0.324736940118567 0.285895847773984 0.239381924597581 0.149985287509867
0.251496681141896 0.268560724619332 0.294329634358891 0.185612959879881
0.472460257284037 0.165944254450215 0.12895435986997 0.232641128395778
0.267090831714394 0.336375268847652 0.196944300153266 0.199589599284689
0.211392080025401 0.207462765527939 0.0660288132216152 0.515116341225045
0.611293734227918 0.132063059601281 0.0849360784372416 0.171707127733559
0.325892242749861 0.210036552740306 0.277899174250281 0.186172030259551
0.282658236700434 0.224462924814628 0.130402702109368 0.36247613637557
0.377720513903608 0.255945734890947 0.235084083475996 0.13124966772945
0.361699922831931 0.151456969559509 0.209903706835745 0.276939400772814
0.365300240570365 0.38909687872889 0.0978121526389169 0.147790728061828
0.53274876437162 0.0666796570235327 0.08113562692875 0.319435951676097
0.29546587381278 0.287246707593737 0.280563581917583 0.1367238366759
0.378793584387693 0.398581258653565 0.157292149108052 0.0653330078506897
0.0695017342203871 0.42660856720291 0.254985432114322 0.248904266462381
0.356866975050865 0.0885364269552994 0.183964355158725 0.370632242835111
0.245971418409381 0.477747191489651 0.0645863014455748 0.211695088655394
0.276599455278552 0.280523558912511 0.236863002436206 0.20601398337273
0.14323887301542 0.0796953388731115 0.19835447954534 0.578711308566128
0.201168352165509 0.210756448958915 0.250340716148841 0.337734482726735
0.193660833447379 0.227893640770237 0.379181576902361 0.199263948880022
0.0924039201931762 0.407419366770872 0.367584578178 0.132592134857952
0.221590605508842 0.220377103311585 0.281576005796007 0.276456285383567
0.0731540360612125 0.331748828003845 0.388128562756061 0.206968573178882
0.149158140083677 0.162534575405926 0.207350137848175 0.480957146662222
0.167040476940077 0.164919696460017 0.452126033419355 0.215913793180552
0.230297494156998 0.0968425949421814 0.198490780898834 0.474369130001987
0.467184264903155 0.145745317548625 0.282168692597525 0.104901724950696
0.442414177354342 0.169661027203121 0.232311000539623 0.155613794902914
0.355407408241702 0.0446780725452765 0.19711979231694 0.402794726896082
0.269377296786328 0.269772608427701 0.145461849113598 0.315388245672373
0.285920157452919 0.17936699937082 0.328990537964747 0.205722305211514
0.307634356869768 0.369416738466009 0.0561961310397912 0.266752773624432
0.240957642286583 0.21227209300434 0.222291053498277 0.3244792112108
0.260642755910942 0.252673708824178 0.140688691231082 0.345994844033799
0.126032318996154 0.333783004764258 0.400864540548983 0.139320135690605
0.116439150889214 0.382808446408794 0.231971625083018 0.268780777618973
0.16499568859258 0.0814807634536066 0.598136483647327 0.155387064306486
0.376511411938896 0.157435587761579 0.264881023090869 0.201171977208656
0.317748952550297 0.181527716436769 0.275767244723755 0.224956086289179
0.187792737192739 0.309915340213585 0.375258068658104 0.127033853935572
0.174979414634621 0.28463848579452 0.342408717474553 0.197973382096306
0.194443264019155 0.428029826978239 0.182646314705602 0.194880594297004
0.226745087422878 0.316435326251563 0.269189510123189 0.18763007620237
0.117666536282318 0.331043414123704 0.233028117440576 0.318261932153401
0.317456499689107 0.169183969923023 0.243669537703045 0.269689992684825
0.177849706064078 0.1600344030571 0.268664476352822 0.393451414526
0.284084369233427 0.29477860466611 0.231435463752167 0.189701562348296
0.267822809443339 0.323263115792091 0.28056042783779 0.12835364692678
0.48804931341896 0.166187271003792 0.191547318569649 0.154216097007599
0.298499555012621 0.362297614939481 0.129021173731165 0.210181656316734
0.250596061946711 0.15611052513244 0.0816546252359472 0.511638787684903
0.658506109328853 0.0673115098202139 0.100794991504737 0.173387389346196
0.31884495305264 0.19775606506369 0.252122536619511 0.231276445264158
0.277842281059919 0.226192227080076 0.141605067199507 0.354360424660498
0.378785993791955 0.230049067230966 0.227370304227698 0.16379463474938
0.357067707368142 0.19197279907166 0.203495922555145 0.247463571005053
0.410091750852449 0.34455449408066 0.140260840535748 0.105092914531143
0.511164628414093 0.148831660539044 0.08113562692875 0.258868084118113
0.318766550460121 0.273114441905351 0.27144308255162 0.136675925082908
0.355473223405368 0.351905793071627 0.193174209687076 0.099446773835929
0.0541345959743128 0.415098097962308 0.249216434560353 0.281550871503026
0.342686862804907 0.100842473353889 0.18902627426117 0.367444389580034
0.264704144587513 0.439358083829028 0.0803521563132157 0.215585615270244
0.290160124350292 0.288120382549652 0.197528772258869 0.224190720841187
0.0971312338002318 0.130175249128056 0.180316881785946 0.592376635285766
0.177146958546031 0.215516903577287 0.250249685007495 0.357086452869187
0.192109498782688 0.255352427170039 0.378138134481001 0.174399939566271
0.113889409974656 0.391369277084694 0.347374051748417 0.147367261192232
0.241516966579089 0.194459673788042 0.268398225489574 0.295625134143294
0.0708794589045719 0.342508423139304 0.382590553910882 0.204021564045242
0.161770962095256 0.21265729241718 0.168385816442083 0.457185929045482
0.165102176348649 0.210000173721234 0.395221700066778 0.229675949863339
0.28841535200017 0.0842714680676451 0.147750160253605 0.47956301967858
0.461991546516039 0.0948840088423988 0.31410265512216 0.129021789519401
0.46955168640675 0.204244053804588 0.187021778766932 0.139182481021729
0.366909957253195 0.0278078412882234 0.155970245272752 0.449311956185829
0.26372820943528 0.288107253227753 0.156340634947081 0.291823902389886
0.317930323555473 0.140419636498979 0.344357090979357 0.19729294896619
0.303235240014421 0.347772213952033 0.0628248528176066 0.28616769321594
0.213726602324085 0.203041528859668 0.283149797968446 0.300082070847801
0.292184556357518 0.227922823840955 0.193332882278957 0.286559737522571
0.178839688143349 0.295376029004832 0.417315358612442 0.108468924239378
0.10500075798323 0.422485726386854 0.25265930441244 0.219854211217477
0.140075437383757 0.0980548011514713 0.580579735416619 0.181290026048153
0.36148124232384 0.126018513840977 0.280202076364379 0.232298167470805
0.342843968803478 0.199611853956823 0.278732386370319 0.178811790869379
0.200866266495813 0.273659925970962 0.376059414626024 0.149414392907201
0.235073914315766 0.267747781453752 0.333591503625156 0.163586800605326
0.196657527736334 0.404800630683097 0.149611881292771 0.248929960287799
0.266654178327863 0.350247518392176 0.237137417089044 0.145960886190917
0.143327167377843 0.317438300219945 0.230077949103602 0.30915658329861
0.261400442097184 0.173637201951777 0.252604812969458 0.312357542981581
0.197822523733701 0.144575325478829 0.256651305449739 0.400950845337731
0.299089086372954 0.312270915322345 0.23698490352839 0.151655094776311
0.224422592211511 0.304626483023188 0.2951187580859 0.175832166679401
0.471357305160418 0.149737358197518 0.183504613725966 0.195400722916099
0.322618709749021 0.3677281746254 0.126394861183801 0.183258254441778
0.293904050682325 0.105020134158017 0.0711525539065547 0.529923261253104
0.619279342449415 0.0521396093238614 0.0737085445582502 0.254872503668473
0.358573737590515 0.122019198376032 0.260347747474528 0.259059316558925
0.321977939875422 0.217470046672582 0.0841693278040656 0.37638268564793
0.405569691791736 0.197485647003005 0.223869938744357 0.173074722460902
0.380770251563254 0.192855566881914 0.237769255500449 0.188604926054383
0.419781254906126 0.393627140319734 0.110589340779816 0.0760022639943242
0.485663861044571 0.181103401054761 0.0531602962639738 0.280072441636695
0.295456196725124 0.249461204884288 0.334037779634734 0.121044818755853
0.277520873969131 0.384018257124252 0.208276525485944 0.130184343420673
0.100622443020541 0.446615537821761 0.187128749917597 0.265633269240101
0.350886552051155 0.137506486301474 0.166121261604468 0.345485700042902
0.269700466682907 0.428381779790833 0.090484063712261 0.211433689813999
0.30535362434755 0.28250492196222 0.242213007119921 0.16992844657031
0.166010925940267 0.145185720921413 0.15199745159185 0.536805901546471
0.199273036581248 0.18860586774527 0.225115880886207 0.387005214787275
0.169042313959821 0.258513656910402 0.413887593916466 0.158556435213311
0.124188072490945 0.410722623000136 0.320195199796805 0.144894104712114
0.221809693055999 0.194729968448046 0.260020042538446 0.323440295957509
0.039142617933292 0.383944505816987 0.355803492829614 0.221109383420107
0.218639040911006 0.20599409070278 0.152824275842636 0.422542592543578
0.186001055516739 0.178762425199854 0.399454273610918 0.235782245672489
0.321076810006066 0.0416285886455896 0.188986586358629 0.448308014989716
0.457567968752666 0.12178708890953 0.304636476837668 0.116008465500135
0.427246422401779 0.217188500850036 0.187073561175196 0.16849151557299
0.382790925017146 0.0430186185939885 0.153361864695458 0.420828591693408
0.259664111749075 0.264426751965328 0.183403122124399 0.292506014161198
0.332494037901623 0.111365798471804 0.343446148012773 0.2126940156138
0.308852950950769 0.334306646908283 0.0988677900290661 0.257972612111882
0.213520162393605 0.197310786451472 0.27134465935954 0.317824391795383
0.302465086803261 0.211001849007762 0.184964077524966 0.301568986664011
0.163068896480259 0.338614788790722 0.392939735636802 0.105376579092217
0.114778548698682 0.416582694092845 0.274081364595689 0.194557392612784
0.140386431090564 0.0964954263498895 0.580234102301698 0.182884040257848
0.423817753523668 0.120107031226512 0.24509917865654 0.21097603659328
0.298521807613266 0.2037964056452 0.278039990294854 0.219641796446679
0.251212778342687 0.198510676388643 0.415186394348665 0.135090150920005
0.236911334430082 0.261692153754509 0.311920391615366 0.189476120200043
0.20491460614483 0.392949074613646 0.158710445904984 0.24342587333654
0.274475743018538 0.36134490750254 0.242166444317055 0.122012905161867
0.192033918205684 0.350958856763899 0.208072182054334 0.248935042976083
0.258587794452288 0.216501975234559 0.242483698050728 0.282426532262425
0.226996194652381 0.166676325482578 0.219137339650732 0.387190140214309
0.338887284221676 0.381098706083479 0.158544904214831 0.121469105480015
0.247791598523497 0.33280429654524 0.283360438774125 0.136043666157138
0.446526665483761 0.171770545432292 0.1904311725912 0.191271616492747
0.349846599867977 0.355351032935751 0.077099505548106 0.217702861648165
0.307247237748818 0.0618596875411957 0.0788458904206123 0.552047184289374
0.613668420295842 0.0432422261620409 0.11063009458907 0.232459258953047
0.372263408395403 0.125998462086822 0.265944521668219 0.235793607849556
0.344768072658543 0.227784465106282 0.099318125941736 0.32812933629344
0.438902613577505 0.135513536860772 0.263175069957398 0.162408779604326
0.394483477937493 0.172093244143613 0.246404650107421 0.187018627811473
0.383689638878137 0.45570174939727 0.111187172701002 0.0494214390235908
0.466936888065077 0.14992902824878 0.0827751364033758 0.300358947282767
0.347934436282365 0.24560589678557 0.322058717571114 0.0844009493609513
0.24322010084399 0.374212420188259 0.234337326479526 0.148230152488226
0.111224125259753 0.426950647840257 0.192012389781289 0.269812837118701
0.400079604317647 0.147592515004264 0.14073103597305 0.311596844705039
0.263587837856967 0.419275863102847 0.0992700000708786 0.217866298969308
0.278257139262929 0.304901510928004 0.232382318370713 0.184459031438353
0.17818522348933 0.194761045714526 0.0858212444261504 0.541232486369993
0.237568621696222 0.203991432697427 0.19811374930234 0.360326196304011
0.180514919792208 0.227374564227541 0.383772185506846 0.208338330473404
0.134195109393188 0.449672461926919 0.30565091799676 0.110481510683132
0.236438161218845 0.16576699913956 0.261214155862609 0.336580683778986
0.0254195123045501 0.401322092881389 0.324910971785608 0.248347423028453
0.216918615453546 0.233110282968892 0.176381182118553 0.37358991945901
0.240193418044567 0.127047361564362 0.387219522528194 0.245539697862877
0.297568545724511 0.0493329319314668 0.183722575280814 0.469375947063208
0.446196943001088 0.0821045613886038 0.286107884210405 0.185590611399902
0.457179533748105 0.192108750917989 0.189739626295334 0.160972089038572
0.412205637363771 0.0178767364368024 0.165052071544474 0.404865554654953
0.244230748231561 0.262901260588222 0.198753511017093 0.294114480163124
0.367520563043062 0.112874638022465 0.283426519885435 0.236178279049039
0.325085578284144 0.322875137407448 0.0975897269969884 0.25444955731142
0.180487973863991 0.291691575218484 0.267951928129998 0.259868522787527
0.340219415980812 0.199050132519069 0.124183583510932 0.336546867989187
0.188994875428621 0.288925085472432 0.418259274193306 0.10382076490564
0.133564645126039 0.390852754268176 0.3263039064376 0.149278694168185
0.104401392038244 0.114961807700189 0.604778254721246 0.175858545540321
0.418868273583553 0.136169616124248 0.218212027011044 0.226750083281155
0.299249511966897 0.21162274913827 0.261841495462357 0.227286243432475
0.323585222619385 0.202167312904741 0.369060007220059 0.105187457255815
0.261852745468244 0.240257218700233 0.292316704404892 0.205573331426631
0.240411120819572 0.382118226228998 0.126082188524418 0.251388464427012
0.316717818946327 0.400364122004144 0.219962138817729 0.0629559202318003
0.274032560844476 0.294659054009825 0.17518677042814 0.256121614717559
0.287243516613345 0.211046549003066 0.200200260248039 0.30150967413555
0.24818013273725 0.155250098303688 0.195973069880236 0.400596699078826
0.350151810442879 0.35603949187823 0.146134278248099 0.147674419430792
0.227802369943117 0.322356324975866 0.291245660835429 0.158595644245588
0.435198594314206 0.169625742890121 0.20817885087294 0.186996811922733
0.306525644974261 0.337495012571772 0.078670998212622 0.277308344241344
0.349889495111423 0.0360065437749061 0.0505620635476731 0.563541897565998
0.622386193906102 0.064674706482841 0.112138330054805 0.200800769556251
0.324454606191895 0.15879194958466 0.301858892999674 0.214894551223771
0.318864875536736 0.200370114784067 0.0738528509670322 0.406912158712165
0.43526540397301 0.111223731558375 0.298611896535041 0.154898967933574
0.400283681835018 0.163392707841555 0.2770826155829 0.159240994740528
0.383689638878137 0.409570071652127 0.165261359177648 0.0414789302920877
0.467047467131754 0.154370722395733 0.113254413788542 0.265327396683971
0.327504473903671 0.289065923302848 0.323462059933142 0.0599675428603399
0.228863740335162 0.395039154592804 0.230312421000944 0.14578468407109
0.105883862716576 0.432805774123388 0.168214783832068 0.293095579327968
0.385080354798332 0.174877534300951 0.150614002291451 0.289428108609266
0.268223285202175 0.441531277809735 0.0894212213178029 0.200824215670288
0.313859476262656 0.328236254144405 0.199019246925803 0.158885022667135
0.172869230706041 0.220815552544932 0.0505920325667454 0.555723184182282
0.289236770789388 0.169440108118494 0.179341063902595 0.361982057189523
0.219953583942865 0.191379124385896 0.327657632940996 0.261009658730242
0.129038625705728 0.489919526878028 0.276977461434077 0.104064385982167
0.257722944687426 0.167186965627007 0.258253629740131 0.316836459945436
0.0296351887293421 0.355611420687717 0.320748565981808 0.294004824601133
0.207317669780827 0.302429342412552 0.16988562109857 0.320367366708052
0.285144067739805 0.129402086391817 0.321316952975777 0.264136892892601
0.311476805877187 0.0164419215199175 0.156909038252894 0.515172234350002
0.444043726786005 0.105298172034434 0.266185122928919 0.184472978250642
0.44837401612863 0.156924122180364 0.24052803259546 0.154173829095547
0.407432333823347 0.00241438915959514 0.166912291820759 0.423240985196299
0.249991510588947 0.28452735493276 0.158563454200883 0.306917680277409
0.360865505273094 0.111134287948796 0.311913337407642 0.216086869370468
0.3393151925834 0.309305898963123 0.0990804661944587 0.252298442259017
0.180483872878166 0.313441193280069 0.259175888313559 0.246899045528206
0.305671011691868 0.226323265328274 0.123166301125786 0.344839421854072
0.150049247471039 0.297691287594637 0.43318051924206 0.119078945692263
0.104387278987138 0.402903673485466 0.368775082357819 0.123933965169578
0.14484767925719 0.126554849793052 0.55497692526777 0.173620545681987
0.428597619192056 0.138840653360244 0.25140862035479 0.181153107092911
0.304252943080334 0.238637595906268 0.263209688115529 0.193899772897869
0.331160453146821 0.183652107410846 0.381786011438043 0.10340142800429
0.243401961035309 0.268907969228556 0.284726357668058 0.202963712068076
0.209878395477954 0.32324409830246 0.170313592067799 0.296563914151787
0.323284614012792 0.397000596672192 0.188648919907947 0.0910658694070687
0.314161727942096 0.235030683611402 0.211570303958311 0.239237284488191
0.302738316512515 0.199719723046718 0.255679046343085 0.241862914097683
0.298069408232912 0.100831664857717 0.164801352356406 0.436297574552966
0.359881862005534 0.368750739872096 0.126229679136339 0.14513771898603
0.238360820456171 0.322502296110637 0.280258973278123 0.158877910155069
0.456007069476109 0.158674928155443 0.197812893961821 0.187505108406628
0.349332693271516 0.330007377600733 0.0367507997881355 0.283909129339616
0.329999352413582 0.0169331230409942 0.0965131627874285 0.556554361757996
0.632816737781657 0.0910442580695267 0.119415745264488 0.156723258884328
0.316567284894582 0.170903248330391 0.245108803865817 0.267420662909209
0.279753835242799 0.229388341742645 0.0463954877212563 0.4444623352933
0.458342806434796 0.124904639397819 0.283135366222015 0.133617187945371
0.393319156947282 0.163619022737108 0.271670803042058 0.171391017273551
0.373064859489829 0.363195765144485 0.176296318359791 0.0874430570058945
0.457148529131785 0.155623613222169 0.119926317076766 0.26730154056928
0.367651107583649 0.234523496165353 0.322867635913341 0.0749577603376559
0.239314733924055 0.374423771110731 0.2534613362657 0.132800158699514
0.103433470321318 0.410550340691096 0.154954749366138 0.331061439621448
0.446309947313488 0.163392368588295 0.122490524369397 0.26780715972882
0.294865844164515 0.454127068544948 0.0179352670333677 0.23307182025717
0.280879144356073 0.30768282667542 0.206565556749905 0.204872472218602
0.117826645016234 0.201663056488301 0.086040916477176 0.59446938201829
0.270274640780657 0.172237391048026 0.175668173997312 0.381819794174005
0.231302342132571 0.135362369811521 0.375900294059271 0.257434993996637
0.150657330936958 0.479780480029975 0.287829728404401 0.0817324606286657
0.226679858416625 0.160822780409472 0.244669924532565 0.367827436641339
0.00749387358741652 0.336232418302177 0.372202709155568 0.284070998954839
0.216072381122871 0.290508016137801 0.135870113888291 0.357549488851037
0.244263269889837 0.198606852625269 0.314529711481028 0.242600166003866
0.305958047364852 0.015796673713821 0.126604069139108 0.551641209782219
0.41331666842216 0.165136681675557 0.280056908671149 0.141489741231134
0.414572335529057 0.181229183332336 0.253243566285521 0.150954914853086
0.405203976518063 0.00640286065295293 0.178769885805801 0.409623277023184
0.252350367595713 0.238282536721925 0.156037630951867 0.353329464730494
0.35628240631252 0.145343758632504 0.317323094065542 0.181050740989434
0.313550455217866 0.354947799084823 0.0558198176970784 0.275681928000232
0.165712911692015 0.271913100972798 0.236740273183325 0.325633714151862
0.29546233242769 0.2344536624171 0.139791941667101 0.33029206348811
0.185402308172202 0.237602825864008 0.434059190740564 0.142935675223225
0.0961508376449774 0.383022360400842 0.374007166172736 0.146819635781445
0.17431421961196 0.0835784154097439 0.559157597118688 0.182949767859608
0.429634404932927 0.184827900605164 0.231609375083656 0.153928319378252
0.313831421876508 0.266574860524499 0.241462231490658 0.178131486108335
0.280236450464962 0.214145932118656 0.3659706274389 0.139646989977482
0.245572124247886 0.250983799969643 0.2824685181767 0.22097555760577
0.299543407993569 0.3706494182544 0.125474278977021 0.20433289477501
0.340295923113572 0.35251616100421 0.204702618346866 0.102485297535352
0.361066006209271 0.216293697872314 0.21167881554708 0.210961480371335
0.269427824606501 0.219081636949403 0.238639427707767 0.272851110736328
0.271489301998734 0.162643198416365 0.148084203795841 0.417783295789061
0.370735770658906 0.375698984822132 0.152204645355267 0.101360599163696
0.239721272084159 0.31154693459512 0.345596999672725 0.103134793647996
0.490509311597489 0.149073133634584 0.215481930067329 0.144935624700599
0.415109332592636 0.321231840267747 0.00382614468501085 0.259832682454605
0.344893997125912 0.0298030860268544 0.108695555427235 0.516607361419998
0.672866434442956 0.067862158081774 0.156079249407268 0.103192158068002
0.36462549967243 0.122940311996312 0.25289282116931 0.259541367161948
0.32507702222755 0.214569102534636 0.0664405841193547 0.393913291118459
0.469512493325003 0.137999078179082 0.285420583727429 0.107067844768486
0.397341921175567 0.189356188780945 0.302804597506462 0.110497292537027
0.398083324240439 0.428392384007168 0.118288481028403 0.0552358107239894
0.467855342870001 0.146929261478262 0.0999415279364768 0.28527386771526
0.34543803381616 0.234013584762293 0.285764307327251 0.134784074094295
0.271269160516038 0.387338287590672 0.234909258704083 0.106483293189207
0.0656206210066673 0.381776967488675 0.199738031832371 0.352864379672286
0.486287949726897 0.123005289643235 0.0495147113656745 0.341192049264193
0.287659544886328 0.456804586668476 0.0330404341286843 0.222495434316512
0.309322204624255 0.280845282351776 0.15180595528704 0.258026557736929
0.128929490943468 0.245310419466964 0.0135872504062342 0.612172839183334
0.27716993460573 0.160396539809796 0.212231554362572 0.350201971221902
0.223853603749908 0.138270547636678 0.290607663893921 0.347268184719494
0.167893367697691 0.450106303297897 0.270232187936423 0.111768141067989
0.228394988915257 0.155094924385303 0.204121697946022 0.412388388753417
0.00165526283749196 0.339048256815374 0.354571564898538 0.304724915448595
0.217956499299402 0.294538892529136 0.117929107091391 0.369575501080072
0.229630975621024 0.197293237442388 0.257909997938278 0.31516578899831
0.268678724289652 0.000594160388327238 0.191242189453447 0.539484925868573
0.3920466144662 0.145132919137012 0.278547009944787 0.184273456452001
0.427269516524077 0.158707734678912 0.242886717208596 0.171136031588415
0.38985346712969 0.0106037724426198 0.178426726155581 0.421116034272109
0.244584399021036 0.232310264302322 0.166031127093264 0.357074209583378
0.312243632722519 0.15442811901549 0.330921736121419 0.202406512140572
0.359259211768314 0.302916371585218 0.0429613900668066 0.294863026579661
0.151863062921246 0.307185908408629 0.229127812983581 0.311823215686544
0.294654312642945 0.241586952367534 0.112007671793582 0.351751063195939
0.236997851246857 0.256319741589972 0.411813777582475 0.0948686295806966
0.0743488192775249 0.381518968662326 0.370989926108517 0.173142285951632
0.147680968386384 0.105036405494053 0.579628562999356 0.167654063120206
0.445535078184526 0.177188447167287 0.25106617962739 0.126210295020797
0.346149409298502 0.227365564418371 0.253308299014242 0.173176727268886
0.271652037125112 0.236300998576 0.333340505119804 0.158706459179084
