0.180902218275256 0.172085104495329 0.4643816864556 0.182630990773815
0.204836186502378 0.33800591881797 0.29253994009416 0.164617954585491
0.167631561901171 0.166132846650359 0.270883146864386 0.395352444584084
0.109742359586584 0.268697485050336 0.348972713766885 0.272587441596194
0.305549734642621 0.157001469976394 0.225348590677343 0.312100204703641
0.196024368322874 0.177989140884602 0.286552481462073 0.33943400933045
0.370129326101147 0.182004276338261 0.165322380909101 0.282544016651491
0.370532945310331 0.247028989806041 0.187982738996835 0.194455325886793
0.10779484940467 0.356963088160057 0.342408074255884 0.192833988179389
0.307909121196199 0.163535495463721 0.319177567962437 0.209377815377642
0.149605635497582 0.330631914023796 0.246329587851372 0.27343286262725
0.239164405014129 0.0835915011936772 0.199555066206291 0.477689027585903
0.284589826360128 0.127336825431088 0.355962754145856 0.232110594062928
0.167978744291767 0.138101392913976 0.542623888904221 0.151295973890036
0.234254425943675 0.180199711282545 0.222856715037497 0.362689147736283
0.333785533677169 0.245182740858092 0.275634966899118 0.145396758565621
0.237888921901726 0.210483059377493 0.404692186389356 0.146935832331425
0.267610786213138 0.17819789000282 0.32718856847765 0.227002755306393
0.188370515823534 0.308098454865567 0.188977513654853 0.314553515656046
0.272711699615663 0.257933104450967 0.0809331711578408 0.388422024775529
0.305415232281185 0.145590322879136 0.395573890162386 0.153420554677293
0.335726680115907 0.165063426934468 0.278993886232947 0.220216006716678
0.369309525215606 0.0679445897585913 0.34172618533794 0.221019699687862
0.199532479150213 0.29630986422632 0.263960625155974 0.240197031467494
0.263827593203922 0.10968589286698 0.206365564288201 0.420120949640897
0.197124176114049 0.308249446963876 0.15218065452915 0.342445722392925
0.226326947163871 0.237475092415991 0.170451551686042 0.365746408734095
0.335414576855296 0.185783647887551 0.158918527697447 0.319883247559705
0.21452135999086 0.282714675221635 0.274943694890954 0.227820269896551
0.317166969588516 0.115141748224368 0.188724881378425 0.378966400808691
0.397025929193012 0.183264031240242 0.156630511530054 0.263079528036692
0.165352608812936 0.15866357652485 0.290453904273678 0.385529910388536
0.273354912648026 0.247478538956549 0.182570270956253 0.296596277439172
0.428004377196939 0.211298809970876 0.176797676257278 0.183899136574907
0.147067126755933 0.400349848941548 0.19008107594448 0.262501948358039
0.154730238566262 0.212477203959735 0.283054737474832 0.349737819999171
0.271858591707629 0.230314798122384 0.19500808666451 0.302818523505478
0.195999830009891 0.368108402563204 0.218480163325292 0.217411604101613
0.326122489221407 0.366629111513821 0.167275448346591 0.139972950918181
0.153952493998546 0.351426913388871 0.242766735084504 0.251853857528079
0.463845391943837 0.099360859403778 0.285391756273433 0.151401992378952
0.150728589623625 0.225835124087323 0.354684620579332 0.268751665709719
0.325175514072973 0.0821129520953636 0.278404042692408 0.314307491139255
0.374072561685081 0.194243643876715 0.161080198712331 0.270603595725873
0.150550320365638 0.182090077782174 0.279284628321732 0.388074973530455
0.311634637193675 0.261233961967812 0.293620636396387 0.133510764442127
0.228632304257643 0.325352108038961 0.312169799811791 0.133845787891605
0.211015369968041 0.179188111397945 0.464500159604504 0.145296359029509
0.186522399963595 0.402375373826971 0.247460624733525 0.16364160147591
0.203414066751238 0.219942000555963 0.203014581591148 0.373629351101651
0.104486700231268 0.281694905956658 0.316432784422101 0.297385609389973
0.287242442833152 0.172119461750271 0.182115215379484 0.358522880037093
0.249236823982979 0.173030708943843 0.283266064435535 0.294466402637643
0.384012667653139 0.208726585599355 0.120052742690649 0.287208004056857
0.36835547817718 0.225258492563353 0.216907054390504 0.189478974868963
0.139958706753166 0.377788360038915 0.268976617119126 0.213276316088794
0.360519778024819 0.156912148109833 0.278744547759529 0.20382352610582
0.150028690604822 0.327461799355477 0.225476196002868 0.297033314036834
0.231520889251954 0.11159216928072 0.210747680558621 0.446139260908704
0.255284051612502 0.165979350475358 0.370405531820268 0.208331066091873
0.177010052734122 0.099637267609959 0.555467887635335 0.167884792020585
0.240350486011323 0.16134914731541 0.185607625335697 0.41269274133757
0.279474486304994 0.291705776676337 0.261174192225038 0.167645544793631
0.241172953630707 0.20035775360031 0.392707139868061 0.165762152900921
0.276861443549225 0.128637509136069 0.294291548817782 0.300209498496924
0.184289468619443 0.317635535663166 0.172301352653184 0.325773643064206
0.258729899840162 0.20663898637813 0.105783629937679 0.42884748384403
0.370155492587465 0.182502936136436 0.286844698170652 0.160496873105446
0.364298203911743 0.16865915330691 0.238591037138703 0.228451605642645
0.397299425479098 0.0592481991749457 0.330664331236223 0.212788044109733
0.219288554238148 0.293077578688795 0.301098018593998 0.186535848479059
0.25919568285305 0.132257017666995 0.1965523221212 0.411994977358756
0.22035333023192 0.309802378072621 0.180099120732996 0.289745170962463
0.23550711431246 0.270668193620224 0.140586050254993 0.353238641812323
0.377103496714303 0.17238185689403 0.158642837728608 0.291871808663058
0.246816839348568 0.269806359114866 0.273563205392111 0.209813596144454
0.292017673416785 0.123276363150899 0.197441583257591 0.387264380174725
0.369015424919314 0.187454870479406 0.149155065423654 0.294374639177627
0.16604224718987 0.160139665529278 0.30488302369508 0.368935063585772
0.248442460334442 0.297175745201586 0.176314092102452 0.278067702361519
0.4146220773821 0.172255132273685 0.190422106501368 0.222700683842847
0.171534217738877 0.418026540786374 0.155047675622635 0.255391565852114
0.132995219277072 0.252399449831011 0.283933465801475 0.330671865090443
0.297137064171462 0.261421537340032 0.167837765552011 0.273603632936495
0.167616032515429 0.384462635851643 0.263834656299294 0.184086675333633
0.329171747276805 0.346378495314484 0.151179552525828 0.173270204882882
0.202865892662991 0.392187398838444 0.202747579691848 0.202199128806718
0.375508126790887 0.148830628352398 0.287802522266842 0.187858722589873
0.141770772090106 0.259176849909861 0.294056580985757 0.304995797014276
0.257407494780703 0.0988255399634599 0.305003219700437 0.338763745555401
0.358586772424953 0.186388348859353 0.165223976650192 0.289800902065502
0.199482994951014 0.186257623467952 0.29373611821615 0.320523263364884
0.288609272072245 0.305307550479485 0.242435829772891 0.163647347675379
0.264031672278815 0.31789223138173 0.264173984862983 0.153902111476472
0.229755870006298 0.158771309753922 0.46875799434798 0.1427148258918
0.189146498367207 0.411717681139152 0.253536131699387 0.145599688794254
0.261458335372835 0.196596600576228 0.194429043167062 0.347516020883874
0.104486700231268 0.31057843641812 0.267744842107674 0.317190021242938
0.322558013801821 0.191792182134823 0.135107776105609 0.350542027957748
0.250884495568649 0.187862617835054 0.28120401789021 0.280048868706087
0.381563420551817 0.133571423451644 0.201969707943835 0.282895448052705
0.38052681635563 0.213955072477893 0.213027228456668 0.192490882709809
0.110533872513404 0.370707565045825 0.304913199754748 0.213845362686023
0.343232215860108 0.134228321270049 0.32642738592473 0.196112076945113
0.16971242549117 0.324303368588697 0.216151252850844 0.289832953069289
0.211336883350271 0.13799286459116 0.206723327168062 0.443946924890507
0.258335888150863 0.150454693841278 0.34683182931052 0.244377588697338
0.155176321174085 0.133035689906118 0.577264091645359 0.134523897274438
0.211471333999964 0.171158253467216 0.198758249282846 0.418612163249973
0.293836589273147 0.311534996616921 0.258222706311092 0.13640570779884
0.276672614336389 0.179194626640146 0.376901596188317 0.167231162835147
0.317758901089494 0.151130611875168 0.308852263106164 0.222258223929175
0.198923416294327 0.331458709836179 0.13255642622872 0.337061447640775
0.242885217014898 0.187802539759468 0.104870317570049 0.464441925655584
0.335402190871055 0.172745964427006 0.314287690951941 0.177564153749997
0.387662057210103 0.184674592927151 0.217388715491269 0.210274634371476
0.373211372341568 0.0897457928928281 0.386302977681227 0.150739857084376
0.295467986734576 0.188143401030508 0.291736906557722 0.224651705677194
0.240875379466041 0.162434183374568 0.200624711663325 0.396065725496066
0.204269843655821 0.327661234238169 0.182023716447078 0.286045205658932
0.197939491475082 0.238456243385156 0.191009825390998 0.372594439748765
0.33519849189212 0.194595889399902 0.181198164195289 0.289007454512689
0.263809297258078 0.263502016023542 0.207301649357669 0.26538703736071
0.308434894262837 0.15099705605603 0.171178833386352 0.369389216294781
0.309950089355231 0.205967921201364 0.163559651113426 0.320522338329979
0.163533271857268 0.217344247570873 0.212704465067005 0.406418015504855
0.230648368259242 0.317127757706968 0.163841544307993 0.288382329725797
0.348220411538077 0.172255132273685 0.216388884805796 0.263135571382443
0.151966844460326 0.382942642536361 0.19588439210086 0.269206120902453
0.16238775512771 0.231870976579977 0.324058611908059 0.281682656384254
0.337501409485909 0.227642675843201 0.167628165713885 0.267227748957005
0.161145513473088 0.338903480300625 0.307921821130875 0.192029185095412
0.302364340423619 0.361565496211033 0.152950129214988 0.18312003415036
0.2115869251281 0.361679679240199 0.169831068474948 0.256902327156752
0.355362527473849 0.19294448665848 0.219599885480105 0.232093100387566
0.160948322516791 0.304672274253833 0.249082605373673 0.285296797855703
0.313057711738722 0.0740184050234038 0.281822596283881 0.331101286953993
0.34244553604358 0.186296624057312 0.194318701245972 0.276939138653136
0.184176298335134 0.178742683562575 0.324241287998705 0.312839730103587
0.295297367282365 0.331756679913089 0.20521851507439 0.167727437730156
0.309183298661536 0.275280792891746 0.260489383512295 0.155046524934423
0.235859850658122 0.11401144070229 0.464574212485023 0.185554496154565
0.176205698765132 0.426906127267893 0.238075917482659 0.158812256484315
0.241683585625823 0.162820019312127 0.229983136737744 0.365513258324306
0.116118515663606 0.290060237529372 0.225576025579391 0.368245221227632
0.282066829401659 0.191237503563179 0.179813231954789 0.346882435080373
0.291465490402375 0.208959986989503 0.223302704792528 0.276271817815593
0.420167085096461 0.108923466533883 0.189922740433002 0.280986707936655
0.394495335174359 0.182598721062732 0.223198555364252 0.199707388398657
0.136980374045741 0.330737750034689 0.33623660394581 0.196045271973761
0.301410362777015 0.122197387373736 0.354724580227743 0.221667669621505
0.19303777893293 0.320470677652882 0.178080885521789 0.308410657892399
0.182512831316092 0.115567197499422 0.250046776364822 0.451873194819665
0.261736558544466 0.128717665846456 0.326112293877066 0.283433481732013
0.135176331813281 0.153146272687608 0.605119252774623 0.106558142724487
0.210110241266978 0.158316278005292 0.174959918555115 0.456613562172616
0.257809214106842 0.300933037047309 0.253477952912393 0.187779795933456
0.293607255449428 0.141979659212138 0.370857317324034 0.193555768014399
0.324824060573539 0.190026959154828 0.290960179347676 0.194188800923957
0.206120228579437 0.374709753178931 0.133513606060759 0.285656412180873
0.196994414555572 0.224035980848748 0.098815410598064 0.480154193997615
0.372014991257557 0.160034311569755 0.286101616744172 0.181849080428517
0.448554985171061 0.129485471517366 0.258645166702208 0.163314376609365
0.367281861516488 0.10473250074505 0.365834403762894 0.162151233975568
0.327735088070614 0.186532898249394 0.269800684799352 0.21593132888064
0.267179881104556 0.146093370974119 0.185372331275933 0.401354416645392
0.150347260155432 0.354144312032716 0.191048089254549 0.304460338557304
0.234242449688573 0.188610241373829 0.206355441633846 0.370791867303752
0.371303818018682 0.242528762402621 0.16670555008785 0.219461869490846
0.223260099889987 0.27664245293154 0.217839530953916 0.282257916224557
0.296870653303131 0.169166814961454 0.181059423883402 0.352903107852013
0.320136974082095 0.226808803362065 0.134621401801085 0.318432820754756
0.232815451252936 0.219486314940878 0.192560269678002 0.355137964128184
0.2111699777246 0.332766179601951 0.164534920396741 0.291528922276708
0.316715623096261 0.165616801068799 0.24897543345783 0.26869214237711
0.176926589631108 0.375495836077604 0.225613705434378 0.221963868856909
0.195053018424514 0.188258258702137 0.332890357014786 0.283798365858564
0.31931706868249 0.225272843025271 0.169362579036878 0.286047509255361
0.186384929388073 0.347513724151479 0.245307392151297 0.220793954309152
0.281403604474863 0.353984313653409 0.174287163087247 0.19032491878448
0.210742523704281 0.383732662108826 0.161048710630191 0.244476103556702
0.329751184960846 0.233311211531209 0.189470240710629 0.247467362797316
0.21668879572085 0.2700618812682 0.249082605373673 0.264166717637276
0.289023776423048 0.107206199941598 0.276576154501662 0.327193869133692
0.319901714798381 0.211546754192412 0.170963409287539 0.297588121721667
0.207505502312616 0.131199809780935 0.263415414011654 0.397879273894795
0.28268668961191 0.318528042508117 0.239140142757257 0.159645125122716
0.279250667266477 0.275624467499321 0.262322800930242 0.18280206430396
0.189453949986742 0.0897977328594263 0.53317960456785 0.187568712585982
0.14445359406878 0.457495718711897 0.220046061097695 0.178004626121628
0.226757261591946 0.138362853887881 0.255764773166763 0.37911511135341
0.0877839787421399 0.273826181098968 0.227291405858738 0.411098434300154
0.267710249845762 0.201483371783406 0.151384598385515 0.379421779985317
0.271302710442292 0.18448140531953 0.2771322200406 0.267083664197578
0.384841904671618 0.123218753597461 0.189419945952585 0.302519395778336
0.399635212862265 0.23376343864502 0.203767567716751 0.162833780775964
0.14422640240409 0.349716552492839 0.275709887684872 0.230347157418199
0.252101414855052 0.126033748657638 0.345144103459428 0.276720733027881
0.19303777893293 0.321250378357034 0.184190679832549 0.301521162877487
0.160951278452524 0.165446204220734 0.251875878709167 0.421726638617575
0.286839404606975 0.146647106321292 0.290315609297375 0.276197879774358
0.117864699482752 0.190300276997167 0.578170023165169 0.113665000354911
0.208838535850248 0.204717018433654 0.167859773973478 0.41858467174262
0.286404813062714 0.278936635401134 0.242538353653102 0.19212019788305
0.305907058168345 0.131476030449467 0.390555250415118 0.172061660967071
0.307303833464923 0.216898130230446 0.276798983066474 0.198999053238158
0.174987059224566 0.38124788730539 0.15479056137311 0.288974492096934
0.178991384189774 0.189781491894428 0.13081221934047 0.500414904575329
0.365184963825841 0.176678396529744 0.273007043049192 0.185129596595223
0.466253507397481 0.16128469503001 0.20815366421697 0.16430813335554
0.370163493208195 0.0830980312901749 0.375223068267407 0.171515407234223
0.306470277297769 0.214408472025358 0.248949701653706 0.230171549023168
0.29995117540663 0.166667282359264 0.173787864312392 0.359593677921714
0.145741913085986 0.341387848875004 0.212967986849038 0.299902251189972
0.216630168450612 0.183529656774192 0.257195866415046 0.342644308360151
0.430792978550348 0.158034604102981 0.238710585280556 0.172461832066114
0.255558664393422 0.250066327426159 0.210796155954723 0.283578852225696
0.277251766960626 0.187009666197218 0.160213625055462 0.375524941786694
0.323781273094471 0.242654152112073 0.125204195047806 0.30836037974565
0.253089389655469 0.218999752656237 0.222516896965904 0.30539396072239
0.215224276715705 0.328525915847915 0.190789140453321 0.265460666983059
0.313174947288516 0.184179736995984 0.274785258075875 0.227860057639625
0.16456458469234 0.387012367977874 0.248780730534353 0.199642316795434
0.169566339078446 0.203621314862413 0.34834468092473 0.278467665134411
0.317142919659587 0.268255293810619 0.144341192203482 0.270260594326312
0.208928036617358 0.375149485222475 0.188750336349911 0.227172141810256
0.28893219951332 0.311874863718031 0.192822703584644 0.206370233184006
0.243724868618043 0.371548930227157 0.109157211233312 0.275568989921488
0.347664943325585 0.18194563861277 0.20236711644507 0.268022301616575
0.299092335907201 0.259041708810989 0.208408463486098 0.233457491795711
0.300247122266658 0.105734596856078 0.31151780095838 0.282500479918884
0.281416881653333 0.218710723771099 0.202283669927307 0.297588724648261
0.202428832713687 0.0799500209688059 0.30857352972784 0.409047616589668
0.292922136710877 0.282644776209784 0.206086137030085 0.218346950049255
0.335081366506801 0.266147548964246 0.238676450236354 0.1600946342926
0.201197008984414 0.0607711721586949 0.526864617786633 0.211167201070258
0.16370499258979 0.432716539246638 0.222767998441872 0.1808104697217
0.235478344814136 0.16057095970136 0.202515188108688 0.401435507375815
0.0995765643218184 0.245176747286143 0.279412216128582 0.375834472263457
0.226952632927927 0.224118989728749 0.169506597358007 0.379421779985317
0.297907548232657 0.186980191243929 0.228516108785349 0.286596151738065
0.382622019049001 0.0959836835693513 0.213786030980163 0.307608266401485
0.439712903310645 0.261685234338711 0.160066824191927 0.138535038158717
0.103200997795282 0.371606917324618 0.260258231018754 0.264933853861346
0.233558902115975 0.165098607034152 0.396986796320529 0.204355694529344
0.134058147269397 0.318955940810518 0.225080400457094 0.321905511462991
0.190582352126478 0.15450017314879 0.210004496453827 0.444912978270905
0.30489917335009 0.118498589966442 0.296849971567406 0.279752265116062
0.0773656439807471 0.233057452906522 0.578975540847044 0.110601362265687
0.220805549160889 0.139053827974054 0.17924266001327 0.460897962851787
0.286855973715742 0.252079773101524 0.247744586357324 0.213319666825409
0.3467412526425 0.139039219750175 0.351276895057881 0.162942632549444
0.296927325646922 0.20755134651631 0.268645615796922 0.226875712039845
0.153717008988077 0.404838228445906 0.15087033035862 0.290574432207398
0.198297676347627 0.202645995962121 0.101200442443252 0.497855885247001
0.385264528466605 0.17909070337889 0.254205757804202 0.181439010350302
0.535303701400402 0.114274503500021 0.205452816724882 0.144968978374696
0.337568256195475 0.118620587932711 0.37790507472546 0.165906081146353
0.25424080450087 0.2216531718928 0.261362033704441 0.262743989901889
0.282318000522963 0.174116931482274 0.237471724415293 0.30609334357947
0.176278165590666 0.361044346679685 0.194304709150823 0.268372778578826
0.246429420942987 0.139668866634895 0.227000622869005 0.386901089553113
0.498893086226931 0.148829530239713 0.217157207968181 0.135120175565175
0.279608669697583 0.180817999661943 0.23018072150835 0.309392609132123
0.22646913719459 0.212614389818145 0.233353759560691 0.327562713426574
0.287414160172454 0.247858058587872 0.133588400879487 0.331139380360187
0.230793611742519 0.206433531418589 0.249102054542387 0.313670802296506
0.199014331609757 0.292222178111607 0.259641152306917 0.249122337971718
0.306588981825789 0.195378791542871 0.296247587989504 0.201784638641836
0.206255255071079 0.288056141210833 0.279626454679536 0.226062149038552
0.189932928867492 0.170478142536614 0.327219120286701 0.312369808309193
0.295876124319826 0.32056432784779 0.147999953054731 0.235559594777653
0.283601202592031 0.354881898090654 0.211670395523977 0.149846503793338
0.275999902991125 0.330210082043987 0.207031919108086 0.186758095856802
0.305204556983987 0.329809832745098 0.119172106746035 0.245813503524881
0.335347700695061 0.21143677690804 0.194588340939348 0.258627181457551
0.278520342965069 0.306780628427666 0.20035863456605 0.214340394041214
0.325297187968019 0.093188218027959 0.32286888887479 0.258645705129232
0.278349860913205 0.222750185320936 0.185546666553161 0.313353287212697
0.170646000519101 0.135164918133648 0.307917469231727 0.386271612115524
0.375924161035255 0.237019486383362 0.171722019336463 0.215334333244919
0.300424806097452 0.234095174432033 0.284372998346926 0.181107021123589
0.183307355040703 0.0619893170569978 0.520111245670851 0.234592082231449
0.180970031579507 0.462512174744069 0.168470154167902 0.188047639508522
0.253622182422068 0.17463301590287 0.185273451863347 0.386471349811715
0.147524705845921 0.217901381438981 0.273768309061449 0.36080560365365
0.223916815143669 0.222108343394366 0.19733811462272 0.356636726839245
0.296877812050703 0.186453754744144 0.239417756603158 0.277250676601996
0.40981396750895 0.12000291875563 0.212864704005523 0.257318409729897
0.424206608847815 0.270710002667238 0.159810221702538 0.145273166782409
0.0909722029569798 0.395811600977697 0.230779902605657 0.282436293459667
0.214463955187885 0.149024552858165 0.405431678749268 0.231079813204682
0.111756104914102 0.279714866557877 0.232950288746227 0.375578739781794
0.188357134356159 0.190137481602232 0.176340324031686 0.445165060009923
0.354485795807808 0.0763950275788044 0.308953398699066 0.260165777914321
0.0782220858513117 0.229466775786731 0.579177965450092 0.113133172911865
0.217333694692081 0.131951406145741 0.157736531442506 0.492978367719671
0.304128211235243 0.263277835399878 0.209199375272904 0.223394578091975
0.301693077635395 0.178473340909313 0.334443609419749 0.185389972035542
0.301383916478901 0.195988390927276 0.275751980553978 0.226875712039845
0.182686853802932 0.397772413194352 0.0901636519997817 0.329377081002934
0.249771410962765 0.220257587683773 0.0815846512058043 0.448386350147658
0.358879665372179 0.12981936400872 0.28210451145399 0.229196459165112
0.544425077373738 0.113906717381726 0.161512973602966 0.18015523164157
0.324514829007051 0.149563434557823 0.362526601387255 0.163395135047871
0.245343688913846 0.225589459653535 0.263305119058728 0.265761732373891
0.295717260798727 0.1855340139757 0.271216245714671 0.247532479510903
0.239531689488977 0.33603752097579 0.174732788852783 0.24969800068245
0.232985942629713 0.150577591450713 0.251054206669565 0.36538225925001
0.501100014422595 0.107702207788502 0.217170312276344 0.174027465512558
0.237371612981471 0.236127329338617 0.224451295547897 0.302049762132014
0.210344707181002 0.217215987679765 0.270599930922457 0.301839374216776
0.236144535033497 0.270357358411411 0.167860289163034 0.325637817392057
0.245916048643375 0.219218328767602 0.196264554391606 0.338601068197417
0.200828225828988 0.320096427884475 0.230100556394077 0.24897478989246
0.298528052146011 0.187116627205077 0.320900947445492 0.193454373203419
0.255882132293987 0.293478537976622 0.287807838373127 0.162831491356264
0.169683279415912 0.204201861919738 0.324362754183185 0.301752104481164
0.302098168821745 0.335239370177844 0.143414195482527 0.219248265517883
0.307458946181937 0.290455232081415 0.197642671085631 0.204443150651018
0.267899584484067 0.372849655300006 0.174411891522432 0.184838868693495
0.304364661508331 0.344988108889532 0.0982887893728072 0.25235844022933
0.258927058893974 0.219752014700016 0.259938578381529 0.261382348024482
0.24893278773657 0.306806399438799 0.222140783736808 0.222120029087823
0.335970084719222 0.108661960648047 0.313241402813718 0.242126551819013
0.268926332319008 0.222844858556371 0.165045245056423 0.343183564068197
0.152969971508192 0.148716848413585 0.324921940486495 0.373391239591728
0.380628165654526 0.295229178645243 0.118748405925741 0.205394249774491
0.296879267033818 0.222626886141253 0.306279661533309 0.174214185291621
0.147059530751099 0.064728795000394 0.550934963752079 0.237276710496427
0.171306937430071 0.466191851773209 0.131697577174804 0.230803633621917
0.217429180202989 0.16422222208457 0.217446353698639 0.400902244013802
0.145362943384156 0.222034129455835 0.284832906769622 0.347770020390387
0.265366983469934 0.192119963419982 0.18015704246561 0.362356010644474
0.271487949815533 0.20148426543281 0.255100304934255 0.271927479817403
0.420551393051852 0.180765173672693 0.181145261950195 0.21753817132526
0.436648081655947 0.282723991533476 0.134878143832066 0.14574978297851
0.0893839120039024 0.373185564804965 0.233853279453553 0.30357724373758
0.194114273531078 0.159433930629594 0.423598083607034 0.222853712232294
0.125583787549849 0.288724610278403 0.230077765092441 0.355613837079307
0.139713914023708 0.185421525454239 0.177202165303085 0.497662395218968
0.323199294662585 0.0649178414554295 0.343725058384132 0.268157805497853
0.0389773772753048 0.238048449914803 0.606808621755793 0.116165551054099
0.221159388444232 0.157911421307868 0.137420337945232 0.483508852302667
0.315665831712854 0.248710486567381 0.183172721169133 0.252450960550632
0.277445459295672 0.200600523498924 0.338085197823593 0.183868819381811
0.323762663737236 0.167495764600652 0.290930687080035 0.217810884582077
0.258850580580236 0.376650581187741 0.0779673123271175 0.286531525904905
0.273981336972408 0.254651990334423 0.06884538064117 0.402521292051998
0.358024724741218 0.182446229226182 0.233741778862649 0.225787267169951
0.539834055011737 0.123001869686234 0.159499472089682 0.177664603212347
0.310893032368579 0.125801118015844 0.376168825521201 0.187137024094376
0.276782820220098 0.262980206889157 0.210208693670952 0.250028279219793
0.275117701459265 0.188820267758853 0.303282307533876 0.232779723248006
0.277091129365327 0.366716567821552 0.156017217921693 0.200175084891428
0.257556563498766 0.183809065962271 0.220203475105578 0.338430895433386
0.509083974529099 0.102731431324177 0.225538659378422 0.162645934768302
0.223424948421118 0.258802578749876 0.238553103827417 0.279219369001589
0.234295326542133 0.235219370359073 0.226582394135607 0.303902908963188
0.162154777236981 0.27053626840002 0.186654225050549 0.38065472931245
0.302781028326098 0.18955760488534 0.197671232925719 0.309990133862843
0.209127562033061 0.321146677447306 0.256351166871368 0.213374593648265
0.311943480804493 0.225632937033342 0.242206107716496 0.220217474445669
0.23106906406079 0.292464904687947 0.304029067482341 0.172436963768923
0.181943676322552 0.222837692924678 0.315794171109393 0.279424459643377
0.3238699972911 0.329701296116803 0.140518283594773 0.205910422997324
0.335230766420495 0.290808172568624 0.256408043789414 0.117553017221467
0.260060983592657 0.367855455246381 0.183541402458759 0.188542158702202
0.241296715181412 0.372358283205988 0.112614757665349 0.273730243947251
0.310270197404102 0.187302449471709 0.2563271575124 0.24610019561179
0.207991814381833 0.318316231008655 0.24775102461162 0.225940929997891
0.367057455756797 0.107508682972426 0.278426252547204 0.247007608723573
0.248922058775408 0.249675893563861 0.138579034270403 0.362823013390328
0.142596678732135 0.150745890021914 0.348600216167363 0.358057215078588
0.392379293322483 0.281279838924822 0.0856884437504197 0.240652424002275
0.295681746611534 0.211922867302084 0.289640800425669 0.202754585660714
0.148976446010889 0.0908922108440149 0.484033847952524 0.276097495192572
0.181914306988491 0.472008946090381 0.128012955102189 0.21806379181894
0.255043247229868 0.111506944115897 0.217724656650122 0.415725152004113
0.108791791463795 0.196889419203774 0.280253657582249 0.414065131750182
0.25864290134435 0.191906734223603 0.146990332096787 0.40246003233526
0.283198791984656 0.246778554584017 0.229969398134214 0.240053255297114
0.390872728095843 0.169047338446829 0.20221175740623 0.237868176051098
0.404232833376953 0.280000735745035 0.161149983859833 0.15461644701818
0.0767263234290999 0.360562959552419 0.222943916955348 0.339766800063133
0.166555622069346 0.141478491930021 0.465588318903578 0.226377567097055
0.0967270043351252 0.317177757375428 0.223102281838377 0.36299295645107
0.108111951855938 0.11302138848705 0.243227202027834 0.535639457629178
0.311125950402597 0.0707722236525693 0.349547522462797 0.268554303482037
0.031334215083925 0.23767391389645 0.624699823575086 0.106292047444538
0.239635510660321 0.147426743614993 0.173536186183347 0.439401559541339
0.269266814551398 0.267527772271807 0.226152580508672 0.237052832668123
0.252158588525749 0.209521427491764 0.321743386981315 0.216576597001173
0.341465537201677 0.17580669130043 0.260111660611947 0.222616110885946
0.24576891409646 0.363414555804511 0.0778703016699262 0.312946228429103
0.267849322958116 0.24444550169228 0.0657921049533171 0.421913070396287
0.347563527844132 0.181200135925312 0.189163826580379 0.282072509650177
0.528838729338598 0.123629193531635 0.159485821147554 0.188046255982213
0.325626000093137 0.184694407514363 0.299686622919582 0.189992969472918
0.295764453520525 0.314208010510598 0.183977125602919 0.206050410365958
0.273787452785353 0.24449427776766 0.225095596959211 0.256622672487776
0.232557926940681 0.38684646463835 0.157081326810079 0.223514281610891
0.205008300352457 0.242321465313728 0.227375946070302 0.325294288263514
0.48433059226842 0.110553953979074 0.261337643026841 0.143777810725664
0.245446718054401 0.277918463270455 0.182417142559553 0.29421767611559
0.275936735946243 0.270133210963786 0.19459887376563 0.259331179324341
0.161265467054443 0.291567070487645 0.232747835066946 0.314419627390966
0.318563806803394 0.201372846091545 0.202576558606457 0.277486788498604
0.235097858082551 0.304034902046025 0.238087971480322 0.222779268391101
0.357883594017639 0.240506857757836 0.18694170131553 0.214667846908994
0.225322081435803 0.280051004458798 0.286855885356207 0.207771028749193
0.201439664470817 0.250967791927416 0.301517761087108 0.246074782514659
0.310333405498155 0.352283307757573 0.13549988580742 0.201883400936852
0.337546310617831 0.302637853750904 0.247634635244465 0.112181200386799
0.253059482922791 0.365457778060436 0.208121439627685 0.173361299389088
0.241957378978001 0.356666214394948 0.128918439288307 0.272457967338745
0.282090136041884 0.173094623173047 0.274343113750778 0.270472127034291
0.204862029042718 0.342095006209135 0.255948511832953 0.197094452915194
0.352233436256276 0.126080826990679 0.288222000826635 0.23346373592641
0.309791555533504 0.245537296899446 0.0773532481346383 0.367317899432412
0.124932344193277 0.167232558917146 0.34663196366568 0.361203133223898
0.374672822700268 0.278460598563836 0.0867737338419977 0.260092844893899
0.324574440309242 0.214314320674631 0.266440339058291 0.194670899957836
0.135629273273767 0.101397890477949 0.452763242946967 0.310209593301316
0.137749033110466 0.471452992549774 0.177279637824562 0.213518336515198
0.232432827235415 0.0879507376066584 0.228823595795572 0.450792839362354
0.158441490915197 0.184505328177158 0.267290852335315 0.38976232857233
0.247478263206207 0.224670413007852 0.134613525648341 0.393237798137601
0.248200238138857 0.258518668047037 0.272689960103541 0.220591133710566
0.400879272148001 0.110227835167892 0.182126402680632 0.306766490003475
0.398549743683177 0.265517972242288 0.21674750916518 0.119184774909355
0.0694622556959052 0.363214451837496 0.219750388604673 0.347572903861927
0.192755753180891 0.150706849672561 0.431138172068281 0.225399225078267
0.13379913455793 0.323537770681103 0.179670138309897 0.36299295645107
0.138678608282465 0.0710834660160795 0.254799093022508 0.535438832678948
0.268267282701812 0.10027237751707 0.357790256216083 0.273670083565034
0.0754209897262715 0.225089460022881 0.605772119224296 0.0937174310265511
0.243485234275306 0.110667536240577 0.217584317661831 0.428262911822285
0.266976828680222 0.280103761715383 0.195754956696358 0.257164452908036
0.297255486651233 0.210786225440297 0.310621914713183 0.181336373195287
0.348773634001211 0.161720956589169 0.273704912184403 0.215800497225218
0.253117912394862 0.36224516678386 0.0955325234627787 0.289104397358499
0.219145118791109 0.26635618975215 0.112762826817226 0.401735864639514
0.371794833638224 0.212547107961721 0.118759261892164 0.296898796507892
0.518984407685342 0.201253502332658 0.112044386229117 0.167717703752883
0.325715727359595 0.138988907944478 0.294512524301719 0.240782840394208
0.327246567761751 0.316732463149643 0.111597832100611 0.244423136987995
0.301080250948024 0.26401716555614 0.169475374490351 0.265427209005486
0.268134471724225 0.3593103976501 0.176355053993542 0.196200076632134
0.236088659753405 0.254073573373319 0.215248697761913 0.294589069111363
0.436279719810741 0.0908217140726308 0.302354529410137 0.170544036706492
0.269726267941107 0.268012487312356 0.202588169899082 0.259673074847455
0.362720941595989 0.159386609600142 0.209413854873696 0.268478593930173
0.167683866526465 0.31225122718256 0.194962254982054 0.325102651308921
0.313611543821134 0.243524582687678 0.1724176685037 0.270446204987488
0.239837192982483 0.290895547346501 0.210132845358216 0.259134414312799
0.44356095891113 0.164529715113721 0.174158175291681 0.217751150683468
0.223399007735639 0.30335129574232 0.27568515192136 0.197564544600681
0.224774221981497 0.212712724070899 0.33580208931986 0.226710964627744
0.378156063728007 0.359501475554537 0.110999847029942 0.151342613687514
0.347100090948875 0.286275490487871 0.3064816514861 0.0601427670771548
0.226854024721788 0.347829500845028 0.248077506716909 0.177238967716274
0.286341254008326 0.37148625551826 0.137571030405732 0.204601460067682
0.205894364887868 0.182471010907712 0.302470222783135 0.309164401421286
0.186781066960114 0.328654825755664 0.304148257449828 0.180415849834394
0.355216479983276 0.128926717554592 0.304716631144537 0.211140171317596
0.316863889461003 0.262440995751266 0.0880951811274617 0.33259993366027
0.15544161156815 0.160707535891685 0.312577473940876 0.371273378599289
0.423393701726491 0.202760797647354 0.0753531222704771 0.298492378355678
0.344721026339265 0.211513005927437 0.218963987674916 0.224801980058382
0.125974164499454 0.114651568958345 0.460155941071717 0.299218325470484
0.172736316032259 0.474901083991307 0.158900924243084 0.193461675733351
0.175833095078805 0.11395703567068 0.237823275731668 0.472386593518847
0.207232045448676 0.184044677120085 0.260324196750331 0.348399080680908
0.224006860439325 0.271838519442253 0.0973300693984795 0.406824550719942
0.257429373000237 0.240701141235768 0.24649286390451 0.255376621859484
0.444148764903645 0.108054780216184 0.19561347548185 0.252182979398322
0.432746765005502 0.25391675268902 0.182532962354345 0.130803519951133
0.0722066075180896 0.315742108383358 0.231972995566987 0.380078288531566
0.13942637115898 0.168133346096575 0.423639015426274 0.268801267318171
0.157079995821559 0.311620525840224 0.133587185359514 0.397712292978702
0.152964461211343 0.055481074773797 0.236176277652181 0.555378186362678
0.27312598823129 0.0950706552662847 0.378903138503791 0.252900217998635
0.0598169268996659 0.197967668686196 0.612266184965141 0.129949219448998
0.245463707035253 0.126144190890988 0.219851063129036 0.408541038944723
0.247274226822506 0.295175750624423 0.234153881527193 0.223396141025878
0.340782246004932 0.213827997786775 0.262074856271274 0.183314899937019
0.362045617149508 0.154144574743303 0.292618318422828 0.19119148968436
0.285920248394303 0.349517002066304 0.123029947886706 0.241532801652687
0.209733974482131 0.269214378093056 0.120320084652513 0.400731562772299
0.447441753040285 0.193528191286598 0.108273611985832 0.250756443687285
0.518744238487555 0.182700437813585 0.0961478783817611 0.202407445317099
0.328883252386543 0.21158144937439 0.248248898951171 0.211286399287896
0.337568678692907 0.302722247721218 0.143601994094584 0.216107079491291
0.256478744854274 0.25011470158264 0.190782301585053 0.302624251978033
0.266643423828246 0.326936035724341 0.209102490122098 0.197318050325315
0.170051234540843 0.26496717431379 0.251378867145163 0.313602724000203
0.412858342250151 0.0991589882489322 0.29930220397399 0.188680465526927
0.30646653027604 0.224415500753369 0.149145043687441 0.31997292528315
0.312843885308621 0.165234615625331 0.211889049052683 0.310032450013365
0.149986795242409 0.349231084968188 0.150458401785543 0.35032371800386
0.325773770224732 0.195592514819146 0.189948556816895 0.288685158139228
0.241986818593975 0.291039535031943 0.177813211020307 0.289160435353775
0.432112962526898 0.170167091490848 0.176038230264979 0.221681715717275
0.22650298269778 0.343874458558272 0.288676312913893 0.140946245830054
0.23574605276095 0.229964898399213 0.334763324850301 0.199525723989535
0.365726281969315 0.34097464912815 0.143966309442093 0.149332759460442
0.287075920674028 0.29281383531442 0.311475653592932 0.108634590418619
0.232932492519276 0.313760510357888 0.258012485876062 0.195294511246774
0.308669548234062 0.335456918043649 0.0936099677508788 0.26226356597141
0.203032899537143 0.113484889010824 0.326323084711888 0.357159126740144
0.1877858636914 0.370120566051489 0.289823936055741 0.15226963420137
0.39413518472654 0.127686557960138 0.257963493940905 0.220214763372417
0.330861517424548 0.224625574373957 0.119387866894865 0.325125041306631
0.160228359209778 0.157970992167372 0.339008262559621 0.342792386063228
0.445259124610493 0.190254575015572 0.053167838766982 0.311318461606953
0.344856399971922 0.192919532672268 0.227433681404337 0.234790385951473
0.152530583777949 0.106700805035927 0.468170416003123 0.272598195183001
0.168043053316668 0.518764641078332 0.153114534071232 0.160077771533769
0.17618342819459 0.115965622519067 0.244145701498516 0.463705247787827
0.210185305037361 0.182515986638293 0.273300879838676 0.333997828485669
0.229450912259411 0.2387527227396 0.110639882421559 0.42115648257943
0.242399883308868 0.2736243234406 0.28053966761037 0.203436125640162
0.421957108284102 0.125558110316046 0.209405742923599 0.243079038476254
0.413139000173758 0.242539585627583 0.198139279237694 0.146182134960964
0.0436241705076077 0.288935556076842 0.259585717795501 0.40785455562005
0.145415648288973 0.208262154000541 0.351558309081124 0.294763888629362
0.19799235124593 0.293208789248272 0.12025371925179 0.388545140254008
0.123375141883264 0.0554880196171321 0.232450958535106 0.588685879964497
0.259475705403851 0.0960115992005409 0.39309271870892 0.251419976686688
0.0683786568828598 0.182594425649749 0.613745838955968 0.135281078511424
0.241196906728749 0.14936962123778 0.212511197426366 0.396922274607105
0.212074897728476 0.261068309128552 0.221678111286777 0.305178681856196
0.334668178425313 0.273363808667837 0.189652362259576 0.202315650647275
0.4504235787532 0.199063281209281 0.203660346803153 0.146852793234365
0.299535270778632 0.300268568959027 0.149982274626844 0.250213885635497
0.217605231442919 0.238208095478512 0.130081504137371 0.414105168941197
0.454242091980514 0.185067983106703 0.132521501299679 0.228168423613104
0.485081958437216 0.209532012371167 0.12825015938828 0.177135869803338
0.338483660278682 0.239832318365408 0.218457175468394 0.203226845887515
0.30403128372621 0.324262164616781 0.169231440773379 0.202475110883631
0.230783045843298 0.253930797956706 0.213765437362811 0.301520718837184
0.262651299903119 0.35689349360064 0.165727355723869 0.214727850772373
0.159072760462842 0.265208611082346 0.28230090036383 0.293417728090982
0.382749230844242 0.14207195595573 0.287093322127826 0.188085491072201
0.281472528575497 0.264894088392887 0.119289993494295 0.334343389537321
0.335311737191887 0.138269816293132 0.23783389586299 0.288584550651991
0.157749175861943 0.310611374247811 0.158923432144181 0.372716017746065
0.306518307161713 0.154226360124449 0.192433003959237 0.346822328754601
0.267637379193727 0.315394837387195 0.148765880539772 0.268201902879306
0.389224589943351 0.170818363824773 0.228616027943511 0.211341018288365
0.213269688604265 0.389529278865663 0.268650241387084 0.128550791142988
0.246409199967601 0.238673422142767 0.362809336938027 0.152108040951606
0.331778765946134 0.332628775107553 0.124971064547916 0.210621394398397
0.31574468112412 0.232077195510912 0.303662444041545 0.148515679323423
0.210305364469778 0.307944440402417 0.299474605573887 0.182275589553918
0.272131568399815 0.353662323722249 0.0670570874399597 0.307149020437976
0.248498349811202 0.1018822994122 0.331833322105789 0.317786028670808
