0.282003187296019 0.274664189895612 0.207170984140089 0.23616163866828
0.191021392925182 0.301318432914492 0.265916428682342 0.241743745477985
0.265993871504098 0.270896330269868 0.26155507374728 0.201554724478754
0.197436987350636 0.224058919758376 0.226690155488579 0.351813937402409
0.260381112112614 0.214897910850089 0.33398115022111 0.190739826816187
0.18982385727568 0.249463917327494 0.333775550872087 0.226936674524739
0.138532480231805 0.354389965606667 0.225312157530234 0.281765396631294
0.285357693601518 0.194371616569188 0.222506353284897 0.297764336544396
0.227556344236089 0.336602885741814 0.211866680702069 0.223974089320028
0.343328790536533 0.175657023145342 0.235799934158426 0.245214252159698
0.350346206007068 0.199812929664206 0.274120387121806 0.17572047720692
0.360273319471497 0.235146108368015 0.172249439695846 0.232331132464641
0.303697322311673 0.188464247208772 0.226553587132035 0.281284843347521
0.236992080587655 0.264442459968243 0.235593945055846 0.262971514388257
0.252497318014113 0.273782791877533 0.211085526761778 0.262634363346575
0.151424327843098 0.509123279019426 0.13328844507838 0.206163948059096
0.288837740480155 0.300499484442137 0.0884556690183945 0.322207106059313
0.164390495303892 0.27172183621665 0.198304548878002 0.365583119601456
0.33615873469218 0.245750176680175 0.261557957162103 0.156533131465543
0.255540618884743 0.145281111492615 0.352780859960918 0.246397409661724
0.182411344751808 0.270782205151176 0.251875970787556 0.29493047930946
0.157493124454416 0.288109449906266 0.303288585843407 0.251108839795911
0.247266557510276 0.349436302781042 0.155198017392853 0.248099122315829
0.300418464815164 0.107857058552088 0.268223874456158 0.32350060217659
0.163589995640805 0.24847931080326 0.185693806562847 0.402236886993089
0.296455356006803 0.295956066908866 0.29324418405794 0.114344393026391
0.115958720508704 0.170677568585515 0.285307881361199 0.428055829544582
0.152378574307552 0.204168951509662 0.350058300711148 0.293394173471638
0.212250469557111 0.168220099931195 0.385081084954624 0.234448345557069
0.172070041848543 0.325735468181848 0.303193354940538 0.199001135029071
0.237212431411255 0.348556184526415 0.198254761770029 0.215976622292301
0.353772887802045 0.246389924263812 0.208175649435705 0.191661538498438
0.21905183113961 0.309035326864871 0.154144330442713 0.317768511552807
0.245974579833892 0.178797789400316 0.246721536493855 0.328506094271937
0.329421234997908 0.19500811850103 0.302507924703836 0.173062721797226
0.249926666470477 0.215124411879525 0.346737773272035 0.188211148377963
0.293689450725533 0.207897322289432 0.337976396277081 0.160436830707954
0.289148915610925 0.350934152548459 0.216848752732624 0.143068179107993
0.159269751938699 0.303063118919085 0.249545209398647 0.288121919743568
0.265661017122527 0.40303841651423 0.154976880869541 0.176323685493702
0.284453054074598 0.284823016398282 0.276321920572042 0.154402008955078
0.193047257357567 0.287465791141722 0.301729009648306 0.217757941852404
0.189760888853323 0.259791143678141 0.320184517703833 0.230263449764703
0.276803868275612 0.25459609464659 0.220302196612749 0.248297840465049
0.158223962459693 0.283266380203543 0.288288954858396 0.270220702478368
0.262003894315439 0.280592246752858 0.241105706353591 0.216298152578112
0.343973957762788 0.153333771677684 0.284312889593067 0.218379380966461
0.303318630351957 0.278728435772701 0.234692930572624 0.183260003302719
0.241180719918343 0.237380658555709 0.271332577519299 0.250106044006648
0.237260536481982 0.314630454258411 0.28176479522312 0.166344214036488
0.161560059540613 0.24876519001888 0.18349605428488 0.406178696155627
0.229821712202343 0.238779563679093 0.329525165656845 0.201873558461719
0.163913230638629 0.312610165240158 0.319747399445623 0.20372920467559
0.208968925232619 0.291205024308571 0.213762667596702 0.286063382862107
0.290345415055172 0.210859893986563 0.193707397495363 0.305087293462902
0.186304822876426 0.36700322676923 0.26866500200179 0.178026948352555
0.339060914942447 0.204752804320762 0.205930654706758 0.250255626030034
0.273386675265626 0.238703326718117 0.291974125733836 0.195935872282422
0.316453042632537 0.2767855332867 0.180213593085758 0.226547830995004
0.328033966934636 0.208333649806895 0.195753712142719 0.26787867111575
0.239261544533068 0.259073272641374 0.243773172883195 0.257892009942363
0.266981646255201 0.309306136075542 0.190869183000357 0.232843034668901
0.123321471544888 0.490751068223202 0.168403086659111 0.217524373572799
0.243334033255885 0.313884742655522 0.102303323418555 0.340477900670039
0.179758120445408 0.296898576514697 0.206673575280945 0.316669727758949
0.354999755402713 0.213741312758665 0.235301341202529 0.195957590636093
0.254133122678513 0.161326062006948 0.364153120384295 0.220387694930243
0.171950496268318 0.240080360978158 0.221162624326722 0.366806518426802
0.185615406034415 0.267050663583437 0.285853691031812 0.261480239350335
0.233777540264683 0.368460922700988 0.215013135004869 0.18274840202946
0.353335291891279 0.127779562875855 0.228615994092684 0.290269151140182
0.218035398459769 0.188143748663744 0.173723754300079 0.420097098576409
0.320155938394194 0.248572435451525 0.330542939737452 0.100728686416829
0.0913313585265747 0.220515141417408 0.266414871005667 0.42173862905035
0.170548970697457 0.229199937548863 0.28963847896031 0.310612612793371
0.218691891212584 0.165838842043731 0.418633795177636 0.196835471566049
0.190953784083446 0.348750999898949 0.221326339968743 0.238968876048862
0.220265914579151 0.382702150506548 0.203388563276628 0.193643371637672
0.378197328105164 0.236381672596789 0.210907929175281 0.174513070122766
0.195215527427741 0.289168130808577 0.174714072564446 0.340902269199236
0.218198928821112 0.22636203868232 0.244573630272638 0.31086540222393
0.34393896835948 0.174759763587829 0.27058167848359 0.210719589569101
0.239506989464629 0.21402326720855 0.361160113124934 0.185309630201886
0.25273869071304 0.227834304802605 0.368293600227916 0.151133404256438
0.285481445764374 0.360511805168378 0.220937319155785 0.133069429911463
0.14983002605586 0.313833671396419 0.275956188151767 0.260380114395954
0.254730819605372 0.417648264145303 0.146618949824657 0.181001966424668
0.284780119405528 0.287429068727347 0.262160151771929 0.165630660095196
0.195248246474249 0.277100469526477 0.314255337322583 0.21339594667669
0.153170157517286 0.246508071318514 0.318106703669413 0.282215067494786
0.291613375284952 0.246950034615916 0.227928813078608 0.233507777020524
0.140035592277514 0.221143608640534 0.335538987067955 0.303281812013997
0.281691222890385 0.342284956100557 0.178989320374711 0.197034500634346
0.382433409858928 0.178544173564991 0.271114683287097 0.167907733288983
0.287743052416287 0.328768770753868 0.16335876453361 0.220129412296235
0.249988488474633 0.262921146996019 0.298501468428824 0.188588896100524
0.190616741711629 0.37060169050598 0.311293961898758 0.127487605883632
0.16028246237355 0.295873389175235 0.14035186064397 0.403492287807246
0.245064997322575 0.240596289759235 0.315553048428877 0.198785664489313
0.217678966215956 0.294850138849261 0.271718461287673 0.21575243364711
0.256489290845201 0.291569016445707 0.189477236605844 0.262464456103247
0.274102495419911 0.234855099752386 0.225954493393855 0.265087911433848
0.17937411092951 0.382015547831616 0.234759628854799 0.203850712384075
0.30953566467032 0.249139132262664 0.205930654706758 0.235394548360259
0.256336051441737 0.2272833871424 0.295701136208376 0.220679425207487
0.26428460347849 0.318562275444227 0.165126196940658 0.252026924136625
0.35976236632243 0.214265356644041 0.175550720345596 0.250421556687933
0.223291003706394 0.242985517476311 0.283097355469474 0.250626123347822
0.25562425767964 0.290860581694072 0.218966886878659 0.234548273747629
0.0963928043329832 0.515514279138463 0.185566449659256 0.202526466869297
0.248610615808936 0.300963284475459 0.133344546694962 0.317081553020643
0.217917180079608 0.305956361648761 0.191382599186398 0.284743859085234
0.389705419928686 0.184377502988226 0.218873922228767 0.207043154854321
0.258643737798457 0.141820867717571 0.424019744407129 0.175515650076843
0.207814753522025 0.182899269680042 0.279757495988347 0.329528480809586
0.225746002409508 0.275612912749863 0.298852838453027 0.199788246387602
0.245975055959108 0.348367752159184 0.227192697658051 0.178464494223657
0.364447361928331 0.131680322566296 0.223396537288932 0.280475778216441
0.25617646541913 0.204713736348232 0.137820158952888 0.40128963927975
0.329217030718749 0.245210302621445 0.307454629707163 0.118118036952643
0.108626338110978 0.239133278969811 0.216811359921097 0.435429022998113
0.217845454366654 0.208107214867512 0.282259100151182 0.291788230614652
0.235568491610102 0.180900356478368 0.398128800766614 0.185402351144915
0.210553151290129 0.282953640617962 0.242500328647236 0.263992879444673
0.207976819747356 0.347230594933381 0.208647686581487 0.236144898737775
0.349795472778207 0.299960299546828 0.199631376704181 0.150612850970783
0.181468158086887 0.260419363154399 0.186401225903599 0.371711252855115
0.266288415880154 0.255425845889014 0.25101133133517 0.227274406895662
0.313387258100311 0.226867872270852 0.244056518133452 0.215688351495385
0.177670302012469 0.205314803698285 0.400184557625617 0.216830336663629
0.219435571540698 0.224649498392615 0.410341224715812 0.145573705350875
0.291066416183669 0.340829660317419 0.203449912995568 0.164654010503343
0.177971616805006 0.244248513343332 0.325799836303494 0.251980033548168
0.28022554653309 0.424602892065943 0.155080975783237 0.14009058561773
0.329799199738241 0.274990607752393 0.207324228639442 0.187885963869924
0.1874293874852 0.301821316131964 0.290193173462512 0.220556122920323
0.193820488193285 0.231933417797101 0.230134905152603 0.34411118885701
0.257363480265496 0.291368233039143 0.219983114654598 0.231285172040763
0.154882638327059 0.221952825238816 0.266760134001922 0.356404402432203
0.271981343774696 0.336315860480463 0.173229054976872 0.218473740767969
0.398757605089774 0.18190384706901 0.248161089049764 0.171177458791452
0.27000637378757 0.331729416178769 0.169653515322557 0.228610694711103
0.248610252683289 0.264360281632913 0.2893325256905 0.197696939993299
0.168832378309808 0.370919728695997 0.327229441055664 0.133018451938531
0.133198611878731 0.348388283004592 0.174768873158284 0.343644231958394
0.230103487886905 0.287852633751429 0.288959230163631 0.193084648198035
0.196035925822709 0.286748129939342 0.265366643021116 0.251849301216833
0.259011177155042 0.288403920767875 0.175157495258273 0.27742740681881
0.250492456911716 0.260417994044329 0.226839863819968 0.262249685223987
0.14004859951472 0.385273106000459 0.26097685764601 0.213701436838811
0.297758573015371 0.265516353106815 0.215451350140943 0.221273723736872
0.278446312814028 0.244090569578277 0.269312598248948 0.208150519358747
0.241761400841978 0.36929283735163 0.194002880953016 0.194942880853377
0.379008058205109 0.229934838263302 0.145021999219566 0.246035104312022
0.241725428177737 0.23234475240167 0.243905075802579 0.282024743618014
0.207528435246397 0.3377817870459 0.200745435169845 0.253944342537858
0.108006046742641 0.457842374603663 0.20751707226069 0.226634506393005
0.254526448543836 0.2760760282443 0.145674829913723 0.323722693298141
0.255325847154822 0.291434154958599 0.162500061043318 0.290739936843261
0.422925796998351 0.22727652186937 0.181229211435374 0.168568469696905
0.251345816693402 0.177189480719927 0.40880953342116 0.162655169165511
0.229410431139031 0.18206623956516 0.269534795197147 0.318988534098662
0.200361456920294 0.277517695065113 0.308311585761263 0.213809262253331
0.288867160026249 0.290029256867647 0.300104255556675 0.120999327549429
0.389217878469652 0.117318682104576 0.215654746674841 0.277808692750931
0.269638622163338 0.200088191371789 0.145877620078897 0.384395566385976
0.323298396076601 0.178729257447731 0.338756566563634 0.159215779912034
0.0940776574823281 0.279734033261329 0.244735856630699 0.381452452625644
0.236303603774179 0.225494761146281 0.257639728678091 0.280561906401449
0.275293734607621 0.204109203497491 0.405349874144492 0.115247187750395
0.278614110251852 0.226308718908877 0.233032680171107 0.262044490668164
0.223812526846533 0.310090985000016 0.248587474006588 0.217509014146863
0.357249942071796 0.32069006742723 0.170073677244344 0.15198631325663
0.164419903524345 0.255216373466721 0.203452477764866 0.376911245244067
0.274092201151398 0.225428354069929 0.300272962715239 0.200206482063435
0.304150377918022 0.240751008832924 0.202591861152045 0.252506752097009
0.181806361317634 0.200812514567234 0.413198060517026 0.204183063598106
0.22697882787822 0.241242740253006 0.392312001961982 0.139466429906792
0.277359998877576 0.320324369879697 0.211710809163053 0.190604822079674
0.18295688455546 0.22015919990517 0.332587293492551 0.264296622046819
0.244385050182079 0.422272116873703 0.175330625648091 0.158012207296127
0.337951837269989 0.316473572981472 0.159625855082374 0.185948734666165
0.189153474425722 0.290451835491104 0.31133104255864 0.209063647524534
0.174057925459909 0.193302727610118 0.302810752641757 0.329828594288216
0.195910004311019 0.328556716208446 0.222712041621264 0.252821237859272
0.161601077749607 0.230691257423143 0.268833112394165 0.338874552433085
0.245527653182962 0.32032288958777 0.20201753648991 0.232131920739358
0.385351725025536 0.166698952957053 0.220145182977077 0.227804139040335
0.308851883159756 0.36336748674139 0.151133442189735 0.176647187909118
0.248797505692351 0.259660388756243 0.280640582003346 0.21090152354806
0.16452800667531 0.362685938113253 0.34312558115866 0.129660474052778
0.138000338214158 0.31624345542265 0.185444045951264 0.360312160411929
0.220434133270706 0.328598891904078 0.279911049701071 0.171055925124145
0.231501973559991 0.242990854272767 0.270207928679883 0.255299243487359
0.230525233248335 0.310579907268099 0.203363992729819 0.255530866753747
0.251227329166259 0.272206825177491 0.260946759816924 0.215619085839325
0.176262429639772 0.390219159616463 0.248084939859682 0.185433470884083
0.25767095279988 0.319786582659455 0.224168812782595 0.19837365175807
0.309901402815719 0.29476296821975 0.169416473777969 0.225919155186562
0.204581494280473 0.408933940697996 0.205931113910159 0.180553451111372
0.402411313869852 0.227461564989512 0.134328286733612 0.235798834407023
0.25085150243481 0.242649887540003 0.22289230003382 0.283606309991366
0.254319980850753 0.324446122283483 0.179991506994881 0.241242389870883
0.135954842863113 0.452937070174542 0.224274318454865 0.18683376850748
0.291535005930998 0.236916089557074 0.148665264692345 0.322883639819583
0.248532775854333 0.314038515424956 0.172313744913333 0.265114963807378
0.465019538723317 0.187620878761535 0.172960543980543 0.174399038534605
0.29878134500691 0.151921093554075 0.372663574441546 0.176633986997469
0.229743479751841 0.159579610041823 0.277387084132247 0.333289826074088
0.257154063758574 0.24084028069418 0.298416363441507 0.203589292105739
0.317769425967973 0.215675795993239 0.302350572777526 0.164204205261261
0.409876762009379 0.0813952445457628 0.184404050482113 0.324323942962746
0.304683947023013 0.148176228413969 0.155161022181198 0.39197880238182
0.2975436164586 0.14609811977166 0.3331328774735 0.223225386296241
0.0974113657246086 0.248262210728271 0.27067196340356 0.383654460143561
0.21832386646118 0.237016740212591 0.239022665668213 0.305636727658016
0.285004762666867 0.254790957908689 0.368901308314714 0.0913029711097293
0.281639723249442 0.277668877950237 0.21719143329168 0.223499965508641
0.223529139356917 0.329725032220477 0.232309424610237 0.214436403812369
0.408008417812236 0.250971319142727 0.16310002609969 0.177920236945347
0.171656655007633 0.25306010317134 0.196659973569975 0.378623268251052
0.242028938556068 0.197298343717459 0.369603530622548 0.191069187103925
0.254525288974155 0.253558839168729 0.224783375750716 0.267132496106399
0.206467033402063 0.176418493797256 0.417024460997491 0.20009001180319
0.225613341922026 0.242051813619697 0.421734364489093 0.110600479969184
0.296630612719521 0.31511467039704 0.195947127053516 0.192307589829923
0.16935724888899 0.196791693505652 0.360145679376009 0.273705378229348
0.244545492201193 0.401954877984301 0.12042880217097 0.233070827643536
0.305447664320869 0.340409776225847 0.150372714485235 0.203769844968049
0.221292460793221 0.257171726266962 0.30851123148318 0.213024581456637
0.142664330024252 0.189678260262137 0.304602819180231 0.36305459053338
0.133065822819491 0.360730372909789 0.192029868948441 0.314173935322279
0.174743311068256 0.199863124855449 0.269828235710699 0.355565328365596
0.2564070687011 0.316609187509094 0.177169164117112 0.249814579672694
0.341348809985644 0.182776352921031 0.20605253480223 0.269822302291094
0.281350208255268 0.367498348329446 0.130510320505551 0.220641122909735
0.270184724411234 0.246853735530682 0.242218672480615 0.24074286757747
0.164007249066263 0.35707225363946 0.284712878462727 0.194207618831549
0.126715480056998 0.32991946085573 0.242703810304776 0.300661248782496
0.211276514914303 0.3645060892461 0.27655687326452 0.147660522575077
0.213872801663731 0.277629757341611 0.275361537968274 0.233135903026385
0.196936669027053 0.33391451334143 0.234304655310362 0.234844162321155
0.215154551034912 0.299534433779846 0.270385305766448 0.214925709418794
0.17853934931716 0.380824182130237 0.258382854721849 0.182253613830754
0.272130893550265 0.359488239249205 0.233342785716381 0.135038081484149
0.299470826338053 0.321781002154042 0.228728785169082 0.150019386338823
0.175123049668372 0.440656591677642 0.211713726812271 0.172506631841715
0.406413214993991 0.152737342688938 0.191295333852427 0.249554108464644
0.268212904958049 0.280784930262573 0.162294587260223 0.288707577519155
0.232008389127052 0.362663707095566 0.23013599688438 0.175191906893003
0.10525007296351 0.427760692160976 0.236621592751782 0.230367642123732
0.300230374091259 0.238443171860148 0.180193764845562 0.281132689203031
0.301354642771989 0.288211537562212 0.195070653130313 0.215363166535485
0.466352766593372 0.197785977484326 0.149314968979405 0.186546286942897
0.277894357145897 0.18153807612539 0.348626767747779 0.191940798980933
0.24808560559838 0.146556357180947 0.253971434694436 0.351386602526236
0.286973100196704 0.194297407245254 0.293078189395024 0.225651303163018
0.349350751610738 0.177121536481364 0.273486528023226 0.200041183884672
0.379683302586353 0.10680548803042 0.227716703950569 0.285794505432658
0.286359715567678 0.152612199170427 0.168395692816045 0.39263239244585
0.366736014699157 0.140937286871804 0.32226897380223 0.170057724626809
0.141526026842391 0.229702443858977 0.270238474159827 0.358533055138804
0.179853050553249 0.192643888624759 0.290059400419172 0.337443660402819
0.272927720526568 0.230123267493754 0.397140075100658 0.0998089368790202
0.313706211073055 0.224511965303282 0.231852475683934 0.229929347939729
0.204631385909389 0.325740999398868 0.273835423438238 0.195792191253504
0.398385400836416 0.259415809845549 0.186648563359611 0.155550225958423
0.137848791398233 0.262615836689549 0.197452776713825 0.402082595198393
0.233503367515259 0.233332359632815 0.33102007552748 0.202144197324445
0.279566455248032 0.259308812462589 0.244555752307364 0.216568979982015
0.194290678462479 0.182523252237307 0.40744173364743 0.215744335652784
0.266831395454092 0.203437598342794 0.400028902147896 0.129702104055218
0.306462099088306 0.274367957240926 0.17626116376254 0.242908779908228
0.247495711535156 0.206299464254694 0.295751754361126 0.250453069849024
0.198258399326202 0.389247571609506 0.186960740310785 0.225533288753507
0.292108721588207 0.317945702171114 0.18507476503724 0.204870811203439
0.244371662290824 0.238918185606008 0.302868648343474 0.213841503759694
0.0982237045035962 0.175098124882917 0.318357552314059 0.408320618299427
0.109149694081872 0.333453126116988 0.181876112547172 0.375521067253968
0.208217148571954 0.211233873276626 0.222996568444611 0.357552409706809
0.181397804701573 0.341691868097915 0.171333292875824 0.305577034324689
0.341196727529602 0.171137827181486 0.167454102905113 0.320211342383799
0.295284331649115 0.387716906921469 0.115280115176416 0.201718646253
0.24992793576676 0.232197133329397 0.227934238916444 0.2899406919874
0.185273183235322 0.363010954767349 0.277600352838039 0.17411550915929
0.154567978977399 0.32976081617277 0.235170244343719 0.280500960506112
0.18645905218315 0.353905729729416 0.267815584940866 0.191819633146568
0.198182116699083 0.270952866582348 0.282453633967088 0.248411382751481
0.194562876347771 0.307870966152101 0.276617703967159 0.220948453532969
0.242516236031779 0.295198725416631 0.248881110720303 0.213403927831286
0.168155723569524 0.403329666954305 0.225397188636116 0.203117420840055
0.265119969764409 0.35147279443847 0.202664962902058 0.180742272895063
0.291636818287204 0.358518709580115 0.199059351820037 0.150785120312645
0.204024974670364 0.416261433960706 0.206258345435602 0.173455245933327
0.42156745215445 0.217658335215396 0.180941969580849 0.179832243049304
0.28713687095092 0.334771276483636 0.117492245597643 0.2605996069678
0.22396667340033 0.347789313247562 0.259471927338925 0.168772086013184
0.167378236139168 0.386494857520032 0.211767863469742 0.234359042871059
0.331256356477458 0.251579410034195 0.156039730146249 0.261124503342098
0.331177090825154 0.271872491630394 0.168863587967133 0.228086829577319
0.450369232640986 0.210699979431828 0.194057725100965 0.144873062826221
0.237599113754595 0.202656692455595 0.347575244310289 0.212168949479521
0.28075025153309 0.217700158947395 0.195455463540462 0.306094125979053
0.31199739813492 0.204218472241415 0.264088383258209 0.219695746365455
0.344415402517453 0.206942927396095 0.261100888940586 0.187540781145866
0.379142611315627 0.124590191343793 0.234983521693062 0.261283675647518
0.292146550160842 0.104256697681877 0.192506228167838 0.411090523989444
0.366854692477094 0.119048729172528 0.318378724698223 0.195717853652155
0.17605128672926 0.236710677525397 0.238554524540063 0.34868351120528
0.176532148997541 0.173796684194265 0.323155330278146 0.326515836530048
0.255363546255612 0.269062228048996 0.384463626475378 0.0911105992200133
0.311871820248394 0.211067294454734 0.256229563187605 0.220831322109267
0.207635689815735 0.301980366874369 0.302850395535013 0.187533547774883
0.359822641556677 0.296533717471638 0.19312066010896 0.150522980862725
0.11784348511103 0.164369642709682 0.260019475708312 0.457767396470975
0.19740035257626 0.229223643481138 0.365644185544219 0.207731818398382
0.267409022157999 0.284304546970272 0.259792225483993 0.188494205387736
0.23970434067049 0.143246019042282 0.385205216732866 0.231844423554362
0.251426110526399 0.260678151519756 0.356669442752609 0.131226295201236
0.33576885083988 0.274650577186864 0.160597317197828 0.228983254775428
0.273949121996701 0.20034509881661 0.301761811719197 0.223943967467491
0.176511265806236 0.397020696373713 0.178653005800622 0.247815032019428
0.328185956039866 0.288569681323993 0.136463279131528 0.246781083504614
0.227305553151119 0.221768913557163 0.31957909061316 0.231346442678558
0.0884048118570153 0.206996812924755 0.312231748265562 0.392366626952667
0.102546675823406 0.358273537444516 0.147158475764729 0.392021310967349
0.199721274934224 0.196057546407803 0.204551027596423 0.39967015106155
0.184256419058528 0.390007207872041 0.128320356776857 0.297416016292574
0.308231549975896 0.165302049054993 0.197767171527604 0.328699229441507
0.302932779748032 0.396857221938899 0.111410113735315 0.188799884577754
0.297847791470127 0.202029849309407 0.199959501271317 0.30016285794915
0.162776010389562 0.360150654332363 0.32768921091278 0.149384124365295
0.120793054990178 0.367498975058392 0.277841015701089 0.23386695425034
0.183524920999722 0.382866812335527 0.25320758405843 0.180400682606321
0.184907680220115 0.334535480454479 0.191931834601564 0.288625004723843
0.204932584049965 0.251575117013696 0.315933223093989 0.22755907584235
0.224187846250252 0.286057895756167 0.30112707916085 0.18862717883273
0.201687137547723 0.360775412013827 0.234293226880827 0.203244223557623
0.231169168739497 0.397731141046844 0.191347519752894 0.179752170460765
0.266120791942355 0.31565152504498 0.185547797965123 0.232679885047542
0.19529904981643 0.388575210933876 0.23818276085029 0.177942978399405
0.382926400823381 0.234117156506268 0.239666202285694 0.143290240384658
0.252576964746689 0.349625720953893 0.123124309460511 0.274673004838907
0.268421995971196 0.327692581665836 0.230336488707869 0.173548933655099
0.190593039635543 0.341791464608562 0.219346316757457 0.248269178998438
0.339955518636341 0.209152486645347 0.180688033358847 0.270203961359466
0.331667867181464 0.23970225926246 0.180098272738758 0.248531600817319
0.460279841300252 0.218619593605998 0.199948363546236 0.121152201547514
0.257669909306469 0.191758394296586 0.29685544341614 0.253716252980805
0.292363063345756 0.233864088039394 0.175767931820779 0.298004916794071
0.311247487127915 0.230796068468122 0.239771278394042 0.218185166009921
0.329325253604012 0.21242090278066 0.239633875865569 0.218619967749759
0.354028381703109 0.150201640208013 0.218263884586191 0.277506093502688
0.306109203189853 0.118899948623176 0.187891818037531 0.38709903014944
0.39237922325224 0.120513412350875 0.326779139756937 0.160328224639948
0.191967164019795 0.206464459406115 0.232891538875969 0.368676837698121
0.196964595603533 0.155120319039004 0.290211539138741 0.357703546218722
0.28361900436772 0.24476126104927 0.342770932379251 0.12884880220376
0.296706947366671 0.189663312715311 0.3382909539759 0.175338785942118
0.189607339059232 0.26920912009885 0.309609391896181 0.231574148945738
0.395251581735504 0.303879121022064 0.166049719118726 0.134819578123706
0.138978410226651 0.158856554583947 0.251268672812792 0.45089636237661
0.242737429131266 0.16303281168138 0.370359433758998 0.223870325428355
0.234105564193788 0.30862294357885 0.2968949098859 0.160376582341462
0.238174560826504 0.154460159402525 0.32393516399694 0.283430115774031
0.252410574431151 0.197723412312121 0.358664499463048 0.19120151379368
0.337447218287919 0.257943582399773 0.197227372151103 0.207381827161205
0.253918483904271 0.199387310976449 0.311021692775111 0.235672512344169
0.174893366082885 0.389974381998238 0.189088956562516 0.246043295356361
0.316650457365372 0.287220332510465 0.156220662232915 0.239908547891248
0.231871066680934 0.236230906046104 0.313018704448814 0.218879322824149
0.1443976283795 0.17164967265284 0.30625919458072 0.37769350438694
0.0981491650862258 0.351538269401394 0.173289542048871 0.377023023463508
0.21208763412617 0.214695873310677 0.16225706698369 0.410959425579462
0.168966877043585 0.370349645874158 0.153130722341047 0.30755275474121
0.299272112622126 0.169374020421641 0.194760853170529 0.336593013785704
0.256047783455385 0.388717606718183 0.154316074072108 0.200918535754324
0.353506462689261 0.155298315506594 0.223062554137962 0.268132667666183
0.148651862935285 0.353527781551355 0.346244653703747 0.151575701809614
0.155422611340588 0.346693778792237 0.254068093996868 0.243815515870307
0.141503181429531 0.420205654856948 0.26221490692816 0.176076256785362
0.216694514051689 0.298794041312913 0.18219003015547 0.302321414479927
0.179663988174724 0.238304393962305 0.320525925835491 0.26150569202748
0.222348437017181 0.273843117433208 0.267626770885162 0.236181674664449
0.220835854058695 0.3771403569205 0.190986613871637 0.211037175149169
0.181885967899497 0.394360730749778 0.221325781245109 0.202427520105616
0.31546740941774 0.376107600087001 0.165521075758156 0.142903914737104
0.202983013732927 0.408623097248445 0.218765770788999 0.169628118229629
0.434473655940128 0.260910595622131 0.203230432129599 0.101385316308142
0.290437598872225 0.283107865907343 0.141581141238678 0.284873393981754
0.251606229069486 0.387259768775333 0.20541805345583 0.15571594869935
0.214035269956777 0.326866609159791 0.204394579730307 0.254703541153125
0.296338693404757 0.25484243574176 0.153658022365953 0.29516084848753
0.285884607316334 0.240906155618042 0.22243977079728 0.250769466268344
0.475671837843874 0.220040726644819 0.155811789438548 0.14847564607276
0.275872328082232 0.196308937683308 0.289403460096079 0.238415274138381
0.30434041422056 0.199328831801671 0.215162215575297 0.281168538402472
0.338095759431965 0.154023676590519 0.262345923255785 0.24553464072173
0.309463001898522 0.221283035429597 0.258199348418588 0.211054614253293
0.3732714016155 0.157564307213522 0.203706308558026 0.265457982612951
0.301706450585052 0.142499934458784 0.173916676834267 0.381876938121897
0.456307744927065 0.137888229353439 0.338839096423717 0.0669649292957782
0.211649462888224 0.238609440149875 0.188189831670001 0.3615512652919
0.212000984235676 0.151059096211709 0.268047872534421 0.368892047018194
0.256115508599542 0.249071095385434 0.355978190308276 0.138835205706749
0.31414910689598 0.21384988682421 0.280063900016046 0.191937106263764
0.211719494927903 0.285721789884729 0.25499940955279 0.247559305634577
0.38272744983464 0.287033967930356 0.185136948211564 0.14510163402344
0.144737467198525 0.180030825330943 0.241888116478284 0.433343590992248
0.194121151960899 0.152672968606104 0.444086510410993 0.209119369022004
0.214728670939558 0.313888782266624 0.272910860962888 0.19847168583093
0.226628058278933 0.214793612300137 0.297217168150529 0.261361161270401
0.232794959789926 0.182656492382308 0.37385250408086 0.210696043746907
0.352575922948957 0.233299615087478 0.212532539285023 0.201591922678542
0.285511575533018 0.203998846335157 0.329697022503396 0.180792555628429
0.185846094231435 0.357069347446143 0.211506946511978 0.245577611810443
0.305162463336651 0.287955407898103 0.141291456599681 0.265590672165565
0.197017316981975 0.277191825245382 0.312582225199776 0.213208632572867
0.132239474637879 0.244299496719161 0.261591836996026 0.361869191646934
0.138857939693854 0.347406225388736 0.216520872593093 0.297214962324316
0.239275216056945 0.20495461612137 0.159507801602555 0.396262366219129
0.145810015624028 0.370092987127064 0.156277666600107 0.3278193306488
0.307825964733926 0.154562448088076 0.224608824514663 0.313002762663335
0.244902384555705 0.371364343412916 0.156561333170817 0.227171938860563
0.321821356535661 0.170296702353449 0.174573321671871 0.333308619439018
0.156759397783672 0.339234008183819 0.369529305683085 0.134477288349424
0.137660397575643 0.303688482926067 0.297990175726265 0.260660943772024
0.0860435772209402 0.452414817882203 0.307893156267267 0.15364844862959
0.197321656375336 0.313703061402457 0.193465888063656 0.295509394158551
0.19549619357669 0.291307111686607 0.277347802390241 0.235848892346461
0.225657621981927 0.216838111166217 0.291161493202871 0.266342773648985
0.208366074946551 0.342011902708401 0.202906766685765 0.246715255659284
0.170894486918032 0.34711698627145 0.286768009149096 0.195220517661423
0.322371789551814 0.399412483687213 0.156095076580536 0.122120650180437
0.230330486956854 0.356863088451162 0.245474222773449 0.167332201818535
0.410867912354043 0.264459835825705 0.224651867325552 0.100020384494701
0.241015131884481 0.276883881745718 0.212434368778597 0.269666617591203
0.215551585162368 0.459811159432069 0.199005808925901 0.125631446479662
0.212185353996439 0.311390388889871 0.205059712530657 0.271364544583033
0.283705158505543 0.262672436276647 0.166611056351057 0.287011348866753
0.276537092711883 0.240063701100782 0.19976792293113 0.283631283256205
0.506133775859524 0.208019382996152 0.17034248036677 0.115504360777553
0.301766708926198 0.223317603793067 0.272000120664458 0.202915566616277
0.33535553412591 0.132289747559247 0.232339242573549 0.300015475741293
0.344849913323199 0.148786171593462 0.279264449391636 0.227099465691704
0.308543681708662 0.201230886003405 0.291521547712931 0.198703884575001
0.382419108051261 0.183141421095695 0.18691136712921 0.247528103723834
0.230137791922325 0.197669280269794 0.190417679057498 0.381775248750384
0.436171356972366 0.154513426398944 0.351321245443788 0.0579939711849018
0.190177746610923 0.239154239030458 0.166439261214667 0.404228753143952
0.291739339395901 0.160732704405116 0.194624053121711 0.352903903077272
0.2755969194715 0.206009951672594 0.365461162806793 0.152931966049112
0.357643729107418 0.200937218571381 0.296843253165514 0.144575799155687
0.14878141169692 0.318645710919401 0.310694825201888 0.221878052181791
0.405044771479736 0.265800245170712 0.157833054021447 0.171321929328105
0.173428499069656 0.242110340551774 0.158260281236206 0.426200879142365
0.203776572250972 0.166136992547301 0.428110330757912 0.201976104443814
0.221944027894397 0.251291164404577 0.315254447157217 0.21151036054381
0.251779062385671 0.197479758893324 0.3205823882579 0.230158790463106
0.188786753446648 0.231921774878652 0.349715692976024 0.229575778698677
0.337356682988532 0.240792922686112 0.247004347775366 0.17484604654999
0.314432158482668 0.147637806712005 0.323683627919681 0.214246406885647
0.17489721594922 0.314553754301799 0.24842062623258 0.262128403516402
0.288911555800055 0.260397642409357 0.160481003520505 0.290209798270082
0.197461204919556 0.312203435762195 0.289677122990588 0.200658236327661
0.136116078387693 0.292354570838635 0.235164825582992 0.33636452519068
0.146833131328468 0.335276356903237 0.215386291806055 0.30250421996224
0.277827566968723 0.163604279370168 0.192622480189854 0.365945673471255
0.164785360273544 0.370867055448398 0.15055604717756 0.313791537100498
0.31713289696883 0.210819217150096 0.205982617552737 0.266065268328338
0.285479115940204 0.391329614488405 0.141205096742329 0.181986172829063
0.288512173603526 0.189527453703273 0.198872311980178 0.323088060713022
0.199437283653888 0.335525258861133 0.35509748932613 0.109939968158849
0.152939382193551 0.317594195364349 0.269951429724135 0.259514992717965
0.113230220535721 0.407910235046841 0.3069219870854 0.171937557332038
0.202343038684832 0.298026507307923 0.228409329825081 0.271221124182164
0.185314410896825 0.270968443530425 0.306386740577537 0.237330404995213
0.223501757388122 0.240953015992491 0.263377696196748 0.272167530422639
0.230645589278155 0.348989246186175 0.185380993330027 0.234984171205644
0.176489732729887 0.352317621104177 0.259909047677506 0.21128359848843
0.304779317603222 0.398260982101949 0.133298547590388 0.16366115270444
0.252482370857951 0.371715256606065 0.204204749356253 0.171597623179731
0.376471692012019 0.282431618019923 0.21050748026431 0.130589209703748
0.158143830592738 0.275746015520392 0.229188355233166 0.336921798653704
0.241559175843915 0.464468006381434 0.174916809000022 0.11905600877463
0.127618528216819 0.368155169357945 0.214124147878339 0.290102154546897
0.258875893169968 0.265017615530836 0.183721574507608 0.292384916791588
0.275231352652995 0.233989121604147 0.239295105509007 0.251484420233851
0.465984768738889 0.209233714629098 0.161959995805472 0.16282152082654
0.293305882644972 0.201811267240511 0.283099574615923 0.221783275498594
0.35526793607939 0.132289747559247 0.232054680447514 0.280387635913849
0.377111405978579 0.124698101470936 0.264269947620929 0.233920544929556
0.333374714618814 0.175122611231573 0.308390113811787 0.183112560337826
0.358883090828465 0.149123689630994 0.20419056350263 0.28780265603791
0.246271419718405 0.159575722368346 0.168615976478247 0.425536881435002
0.433804108318467 0.12595946281831 0.380966188565608 0.0592702402976155
0.186010362236036 0.256201792534111 0.209901388382399 0.347886456847454
0.282959247575384 0.199973109403534 0.185599357960214 0.331468285060869
0.256614049444543 0.218564769202921 0.405040148445011 0.119781032907525
0.345922017425961 0.1920397756885 0.311105840131438 0.150932366754101
0.143995513363272 0.304775144930346 0.331159341912378 0.220069999794004
0.408649594842284 0.262872890074968 0.174468215921641 0.154009299161107
0.178772204729854 0.201475066515452 0.183774542032105 0.43597818672259
0.190289168713825 0.179916491341184 0.478446343526006 0.151347996418984
0.235979395830991 0.214128031399198 0.312241125487212 0.237651447282599
0.285211299223359 0.166539184997974 0.324273733175652 0.223975782603015
0.178864455047615 0.266499169074019 0.327563553944928 0.227072821933438
0.264627257105378 0.223934374771804 0.263122756520754 0.248315611602063
0.317040422254649 0.146136973281677 0.302501701974697 0.234320902488977
0.170379337683168 0.311540314144279 0.219641211453306 0.298439136719247
0.306327697983411 0.257489990152812 0.182331109343756 0.25385120252002
0.183585720971051 0.307059378531404 0.305983313008664 0.203371587488881
0.113029736160513 0.286620165620245 0.246105829818056 0.354244268401186
0.137238687329238 0.350679229408602 0.262998362511564 0.249083720750597
0.29658846392597 0.163443419844964 0.17132922303044 0.368638893198626
0.17812181461124 0.40832552978296 0.120962191959296 0.292590463646503
0.276728530232064 0.193578498007959 0.242782665459318 0.286910306300659
0.24880339539474 0.411838339329461 0.170377243475946 0.168981021799853
0.331138809712143 0.17559946678805 0.11839771790774 0.374864005592068
0.223071601450566 0.361005751105375 0.344325198273276 0.0715974491707837
0.15897100419196 0.358601793586117 0.296185998076946 0.186241204144978
0.105391546622801 0.401493617037743 0.307359111275321 0.185755725064135
0.205496685823802 0.30689226245243 0.240636348555563 0.246974703168205
0.202975991025886 0.239821685666963 0.298949751184219 0.258252572122932
0.288080604259276 0.264798742866915 0.224261508314138 0.22285914455967
0.229594486559816 0.329510275315334 0.153042272630255 0.287852965494595
0.141453381413511 0.36858010965445 0.280709180447598 0.209257328484441
0.225864557922593 0.448385266709541 0.133412691334965 0.192337484032901
0.211965996219414 0.445341246452252 0.172902071242682 0.169790686085652
0.329646802830139 0.340224296600077 0.224461468349578 0.105667432220207
0.157520453541068 0.239155098565945 0.177680890256417 0.425643557636569
0.26860153702398 0.475487029784493 0.119539704785163 0.136371728406363
0.137480648026078 0.365604179124515 0.216554713283277 0.28036045956613
0.257524299129797 0.309673147018496 0.206816831692077 0.22598572215963
0.330067495368062 0.169331748203742 0.249116336194345 0.251484420233851
0.497036882639549 0.270335313416452 0.176146018253593 0.0564817856904059
0.261993564603517 0.203729427247846 0.307360733303218 0.226916274845418
0.321840302780829 0.146880060513053 0.250242677879474 0.281036958826644
0.338474119431706 0.193539571992811 0.227273168565594 0.240713140009889
0.244902394345528 0.207818504936232 0.348143441056913 0.199135659661328
0.388409392528854 0.152082109782839 0.183284278416682 0.276224219271625
0.244108538517039 0.164761889110697 0.229731640448369 0.361397931923895
0.401502070901509 0.102097313403238 0.389836525578531 0.106564090116722
0.220734131416746 0.207397233906804 0.243225705865165 0.328642928811286
0.247971948669767 0.177152669579398 0.182500734674445 0.39237464707639
0.292359943934353 0.191472306552886 0.411141025930017 0.105026723582745
0.359716578138956 0.163581402771707 0.316232207774681 0.160469811314657
0.1156150314121 0.254129831134224 0.350748134900011 0.279507002553664
0.435803270944455 0.27274389691348 0.182098740566269 0.109354091575797
0.164850114943352 0.130882317111429 0.222298306742512 0.481969261202706
0.19447290807937 0.206970700516005 0.47348934154957 0.125067049855055
0.175002880568837 0.235456833648825 0.33425653448417 0.255283751298169
0.294051432775799 0.174179177456254 0.281412792238699 0.250356597529248
0.155409733618462 0.332092403296634 0.328873535706662 0.183624327378243
0.237988481763234 0.186250236652583 0.24692438168335 0.328836899900832
0.262843314236669 0.174161960715714 0.288269778455296 0.27472494659232
0.179219578087411 0.283291247047075 0.248497298486943 0.288991876378571
0.31561322006693 0.175958386920088 0.190513040166076 0.317915352846906
0.218254295098187 0.293705288227057 0.298923085826436 0.18911733084832
