0.184865271545019 0.350908500027249 0.192306112685089 0.271920115742642
0.215117783174357 0.291734676945199 0.257359346404007 0.235788193476438
0.350302177253071 0.279817561505002 0.13390792055048 0.235972340691447
0.335817945954796 0.19180183657591 0.264417423385075 0.207962794084219
0.258140445153041 0.278693516906833 0.349903579882389 0.113262458057736
0.355312926231165 0.270671448262583 0.222544444073526 0.151471181432727
0.170751142702974 0.198629939595587 0.416575203626962 0.214043714074476
0.0677649774370486 0.508466344524823 0.250891905957144 0.172876772080984
0.331597536595778 0.323641492445262 0.155858983291703 0.188901987667257
0.300213558664586 0.279221527170239 0.242902382606118 0.177662531559057
0.172908282419458 0.33904912289251 0.271981121833505 0.216061472854527
0.377014591470618 0.23222231959994 0.115707004428103 0.275056084501339
0.248017784522539 0.282925214885421 0.265659808697266 0.203397191894774
0.285479619939371 0.234275996442262 0.275865385016867 0.204378998601499
0.321250390234962 0.328842523709786 0.214102249793546 0.135804836261706
0.124563078092453 0.317353556748688 0.292346590596181 0.265736774562678
0.265861771613284 0.223438614420222 0.211865992630313 0.29883362133618
0.315282601786239 0.285186283421792 0.178405944114266 0.221125170677703
0.313621883188718 0.160601239145533 0.40276404379575 0.123012833869999
0.222740919182331 0.198891076947806 0.305068502369181 0.273299501500683
0.308059962700778 0.352012298363488 0.135994209435301 0.203933529500433
0.330047667857117 0.370841525779264 0.145042916725766 0.154067889637853
0.173680715092609 0.211657439058646 0.247512255405566 0.367149590443179
0.236645082725109 0.211372613567576 0.288108742044685 0.26387356166263
0.184755361470428 0.150605630056218 0.359070340784967 0.305568667688387
0.134670627851004 0.332935335425324 0.272572999186716 0.259821037536955
0.215445203891105 0.205690951093912 0.261877068599405 0.316986776415579
0.381543400927356 0.364501615918295 0.153908564883676 0.100046418270674
0.277105860676639 0.190302994675674 0.270823887160948 0.26176725748674
0.259304671327644 0.22503057618668 0.332940894375506 0.18272385811017
0.288700468911193 0.239206422797689 0.26650657067919 0.205586537611928
0.187216853083117 0.293313140720801 0.345815833162637 0.173654173033445
0.250164588352077 0.184789558706919 0.323598246087092 0.241447606853911
0.291038317874239 0.174360643618167 0.273525853226751 0.261075185280843
0.365305870368691 0.208548624280453 0.18986740222846 0.236278103122396
0.362239480289291 0.263326207442477 0.206434765775193 0.167999546493038
0.195911510262261 0.374593610912264 0.229215570232787 0.200279308592688
0.247285789809121 0.236869067597143 0.200695347203065 0.315149795390671
0.0706715701901294 0.38756203262091 0.281886983326679 0.259879413862282
0.412134091021592 0.200994799969234 0.158734247815077 0.228136861194098
0.174313591521649 0.269914554583887 0.280109364322415 0.27566248957205
0.252927184593667 0.186981527630792 0.273751007528181 0.286340280247359
0.251712983108812 0.184782153092605 0.314717728431009 0.248787135367574
0.289304785440537 0.241949951031999 0.204136370402087 0.264608893125378
0.212501973750483 0.15630327218094 0.319486946869328 0.31170780719925
0.0885961884107281 0.178472270876818 0.411061109018733 0.321870431693721
0.226856038910079 0.175244116255343 0.2799398347634 0.317960010071178
0.196159927756995 0.320678787051106 0.221725049313006 0.261436235878892
0.269286550708786 0.233979057570396 0.262797715637168 0.23393667608365
0.323679691330654 0.241022642779967 0.190591974059278 0.2447056918301
0.334485493905549 0.187863367774121 0.264491090063584 0.213160048256745
0.244083893079588 0.288417548848566 0.345028067304097 0.122470490767748
0.324208786259152 0.250943508650817 0.251205566141823 0.173642138948208
0.111527265495133 0.261342983033858 0.406192148267837 0.220937603203172
0.0857535558592764 0.430131073511621 0.281914901242601 0.202200469386501
0.350749584086712 0.29594794454892 0.158773287671077 0.194529183693292
0.285708440265193 0.311311282755423 0.266440370920756 0.136539906058628
0.17231041674947 0.343400964737129 0.267983555416412 0.21630506309699
0.34751041912383 0.276498073038646 0.108262345680695 0.267729162156829
0.246954247850384 0.244022709223595 0.242178954240255 0.266844088685766
0.267420912473255 0.240576160799789 0.31739999733304 0.174602929393917
0.293555101545388 0.350275268392319 0.207663149890328 0.148506480171965
0.160526857052738 0.297768637475068 0.274415400102199 0.267289105369995
0.239413355398149 0.201009810424505 0.243127500302338 0.316449333875008
0.348268847375803 0.277081563024406 0.223558907660836 0.151090681938955
0.298942190386699 0.221342786623198 0.385423820939021 0.0942912020510824
0.270002801959424 0.151592797706147 0.329932965388366 0.248471434946064
0.302326808539643 0.336026077801589 0.154419697982956 0.207227415675812
0.338638085724644 0.353603742293939 0.086093608506167 0.22166456347525
0.193822763544425 0.216036655686795 0.215587462822698 0.374553117946081
0.231008951642681 0.189605965021249 0.300883688835572 0.278501394500498
0.185340623487986 0.181461948216876 0.330096920378275 0.303100507916863
0.150334197294864 0.3437046986794 0.242969178502583 0.262991925523153
0.212846244468201 0.202606796981182 0.260024717440082 0.324522241110535
0.323330696529618 0.369900720067841 0.163244725228213 0.143523858174328
0.268246799896261 0.189043719359413 0.255893811526909 0.286815669217417
0.208963037311858 0.234695464575623 0.304348478796609 0.251993019315909
0.279176161348224 0.183527643695525 0.217973660383428 0.319322534572823
0.177708570252178 0.383117502312615 0.336282540123798 0.102891387311409
0.220994846974377 0.203395225838407 0.297016724038874 0.278593203148342
0.354247529857724 0.108925002912185 0.311450001991911 0.225377465238181
0.331505308648419 0.277860538925821 0.177209904399401 0.213424248026359
0.344735343838703 0.279133031690761 0.261908133918623 0.114223490551913
0.227202123260679 0.317786110019945 0.263493052295831 0.191518714423545
0.238263092090074 0.237349112102236 0.193081868142246 0.331305927665444
0.0719963685838911 0.371689733933446 0.276692639333471 0.279621258149191
0.437614701631112 0.208253725934523 0.147632674074479 0.206498898359886
0.178707023706237 0.247932266421197 0.287101731366273 0.286258978506293
0.289676026982292 0.182768894023115 0.260811848119038 0.266743230875554
0.182043391991395 0.17214513548934 0.291523839418681 0.354287633100584
0.282013415415633 0.209282649297089 0.228376349521825 0.280327585765453
0.245319262314302 0.117505207646154 0.301046866295546 0.336128663743998
0.0655569435328551 0.182457629005375 0.356892909305857 0.395092518155913
0.165403973012905 0.236695402484182 0.262523041440045 0.335377583062868
0.174552199000497 0.382459291863593 0.201391920488875 0.241596588647036
0.249534627375398 0.233368048342819 0.269723989593364 0.247373334688419
0.291014701929999 0.281333366987633 0.182132266814513 0.245519664267855
0.328158709560694 0.201369061194423 0.257136947092713 0.21333528215217
0.235729948991722 0.311341313062485 0.337658146238696 0.115270591707097
0.34156863605229 0.242246068140667 0.252215280308689 0.163970015498354
0.109294845603617 0.252820243271883 0.382199670904629 0.255685240219871
0.117616128113889 0.434368121565968 0.208206070067137 0.239809680253005
0.333967467022135 0.249121127511848 0.188721499592223 0.228189905873794
0.292166280386777 0.275646212466609 0.299375784196601 0.132811722950013
0.171708492393164 0.355987262076423 0.240795142705155 0.231509102825259
0.309787150456361 0.285437855923782 0.133196291993798 0.271578701626059
0.218393353477744 0.242248511517341 0.274079501551197 0.265278633453718
0.253999418820978 0.286669248600334 0.298646250488444 0.160685082090243
0.303246594682894 0.326580805748849 0.22590350952542 0.144269090042837
0.205947230813601 0.301512243046867 0.260582979054353 0.231957547085179
0.123256760401576 0.250887283391414 0.29146200274857 0.334393953458439
0.329625370730573 0.287837971325355 0.214732228425047 0.167804429519025
0.337170746108861 0.204215715016969 0.362287528401347 0.0963260104728227
0.264507813255556 0.232177198511093 0.324847343503574 0.178467644729776
0.295499247971881 0.34443938376754 0.173565842984243 0.186495525276337
0.283808385870045 0.343839346761973 0.129710897687733 0.242641369680249
0.180280052927241 0.196623766605509 0.242850244243421 0.38024593622383
0.249767884568674 0.223388092258895 0.310678064496867 0.216165958675564
0.214596252364839 0.180353230996972 0.33254203251796 0.272508484120228
0.118715257378493 0.342063976826509 0.265405848960993 0.273814916834005
0.194047825449925 0.234888953746177 0.253504072690101 0.317559148113796
0.261836265158516 0.40451570495689 0.18744095927679 0.146207070607804
0.242777668320596 0.191418305071509 0.264963280940862 0.300840745667033
0.252172567946198 0.18937261294849 0.313297246074953 0.24515757303036
0.315079761060989 0.177970210301974 0.218209253941019 0.288740774696019
0.157914228871703 0.364062966489672 0.352403298532013 0.125619506106612
0.208973082041944 0.208393702292463 0.313835188656119 0.268798027009474
0.382390581694829 0.125245886755767 0.279219803492164 0.21314372805724
0.398512951039091 0.270270869976453 0.113460563751337 0.217755615233119
0.344766905091829 0.214976234767854 0.307834999312618 0.132421860827699
0.245881106317131 0.327742060904559 0.247757790652991 0.178619042125318
0.31311386069765 0.189651830299697 0.203183845569503 0.29405046343315
0.0848751652051169 0.348531666369665 0.285542398611126 0.281050769814092
0.452906969219778 0.239357134119822 0.120840437162182 0.186895459498218
0.150821899409356 0.275900258118566 0.313152373010088 0.26012546946199
0.288714712357418 0.195082156198418 0.270275200648603 0.24592793079556
0.208787195700209 0.165669871282812 0.268867430488484 0.356675502528496
0.289867705524295 0.163770973938805 0.221481327852491 0.324879992684409
0.21216469249776 0.145376426709099 0.299402832653758 0.343056048139383
0.0850016349633996 0.174466324768445 0.336242429357476 0.404289610910679
0.164849203346272 0.272175037344713 0.174336429302685 0.38863933000633
0.168721583590847 0.363933727484068 0.264708545577794 0.202636143347291
0.230434757679906 0.249905362012506 0.273517456708975 0.246142423598613
0.264325158063912 0.310904807710427 0.152823965190835 0.271946069034826
0.323329037960093 0.222370794556633 0.236701394264 0.217598773219274
0.222319803179054 0.262985980480926 0.379374396224316 0.135319820115703
0.363644238674061 0.274937111820037 0.207868044439772 0.153550605066131
0.088813171230467 0.302350186584402 0.358813797956645 0.250022844228486
0.0759276097655067 0.472249992186154 0.233610571523206 0.218211826525133
0.354899442070869 0.235973075563328 0.22620169377203 0.182925788593773
0.295121379954548 0.282787121543743 0.250800298227406 0.171291200274303
0.163629939482571 0.343374884200938 0.233046758379623 0.259948417936868
0.29193535943192 0.285238144804724 0.140064866523452 0.282761629239904
0.243199129193248 0.216218102664374 0.310149256312608 0.230433511829769
0.282944207147022 0.289067967418192 0.283245564879824 0.144742260554961
0.285336793193454 0.295194223242028 0.265229316157826 0.154239667406693
0.215913784642745 0.264536078589711 0.280327284384449 0.239222852383094
0.144992679802393 0.274882878665442 0.309503448843437 0.270620992688728
0.386483811376311 0.282586194176549 0.159749357607862 0.171180636839278
0.341398141417996 0.1764095394004 0.409266266542826 0.0729260526387782
0.221596934342312 0.242147623306849 0.330208215336392 0.206047227014447
0.291275306152371 0.306910784021247 0.204981622669146 0.196832287157236
0.305104080172579 0.335711845929194 0.155426793534685 0.203757280363542
0.165422698137967 0.221543199740583 0.250130947534019 0.362903154587431
0.260808967330623 0.201030930450136 0.290566088212333 0.247594014006908
0.222485138214228 0.152768381338084 0.368484935841991 0.256261544605697
0.113886173686909 0.322009411625229 0.297189597053122 0.26691481763474
0.193271702444727 0.188549212286362 0.279986157403745 0.338192927865166
0.270941992741453 0.398082884036291 0.229541428387091 0.101433694835166
0.240880520644387 0.167014118246241 0.289100834129346 0.303004526980026
0.253118713305392 0.158897334260826 0.326150745099594 0.261833207334188
0.290616349267876 0.200910037851246 0.254304751453743 0.254168861427136
0.191683060926623 0.369238773543128 0.298838768957071 0.140239396573177
0.202618449673633 0.176029962612896 0.273362715876899 0.347988871836573
0.420668503642713 0.102838120219423 0.280912833746846 0.195580542391018
0.395009585503802 0.279790878059654 0.0827125394827952 0.242486996953749
0.333834368767576 0.237101172509173 0.271489070876705 0.157575387846546
0.224049775334163 0.335464329996314 0.256181630820225 0.184304263849298
0.345794942194062 0.21340070296166 0.174068537050982 0.266735817793296
0.151033942139143 0.309773260140347 0.257472508535996 0.281720289184514
0.461706482614256 0.217121608213969 0.113713652208893 0.207458256962881
0.143272109081453 0.254294041352626 0.30072862075598 0.301705228809941
0.328396065305955 0.150245394308672 0.238111918351052 0.283246622034321
0.222701916466688 0.149843434137806 0.255512442977072 0.371942206418434
0.272219626615616 0.16865871415968 0.220509572653357 0.338612086571347
0.210742310142092 0.186711322248429 0.274949918792735 0.327596448816744
0.0995251023965728 0.157863451030289 0.34069458033609 0.401916866237049
0.162427378991594 0.26435709289697 0.164499290807044 0.408716237304392
0.226154186099772 0.380620530493429 0.207004536921938 0.186220746484861
0.2080718845471 0.295293005215645 0.250902738410547 0.245732371826708
0.273529066097581 0.320905528767139 0.140641012441991 0.264924392693289
0.350565920819235 0.221938115278322 0.244639194432293 0.182856769470149
0.145958104463572 0.300797283835028 0.427892432378881 0.12535217932252
0.334067013879286 0.30867400765972 0.183142907865647 0.174116070595347
0.0899327794005871 0.315597485289793 0.387699602800967 0.206770132508653
0.0744790796496211 0.458797161991425 0.253400628348356 0.213323130010598
0.357091118701042 0.216613525188535 0.236288958549424 0.190006397560999
0.324981583254452 0.274762958709698 0.222469326309803 0.177786131726047
0.0985201486151439 0.381624872577567 0.251244994981516 0.268609983825774
0.335568180058874 0.279667058129097 0.124797026222067 0.259967735589962
0.19371813192863 0.221677049638624 0.323029463369487 0.26157535506326
0.290066324532756 0.298848102301669 0.301775288639099 0.109310284526476
0.265907690344937 0.296179007661443 0.251399669095014 0.186513632898606
0.20492747265873 0.310225835909344 0.286595366617595 0.198251324814331
0.184808945699054 0.26520415742961 0.299024619233508 0.250962277637828
0.366961085084986 0.242803275675835 0.179588855403191 0.210646783835988
0.341652289837477 0.182296993979751 0.391647349183321 0.0844033669994508
0.18043767929056 0.294313931408581 0.321351506692667 0.203896882608192
0.278740723013603 0.274737764571555 0.217638266882858 0.228883245531984
0.304718680794442 0.280670268233092 0.154069338087834 0.260541712884632
0.175402133770671 0.197305308401584 0.278968944109768 0.348323613717977
0.248566270535476 0.21208436814318 0.270700270263158 0.268649091058186
0.232043709472322 0.0895337530493107 0.372092726503035 0.306329810975333
0.095064951153903 0.329925956404665 0.24483396596149 0.330175126479941
0.225223526543087 0.212270012441204 0.269585760160534 0.292920700855175
0.316868177786844 0.356129479357793 0.224836270965096 0.102166071890267
0.231389659482775 0.241868001446798 0.281366401213888 0.245375937856538
0.254877184489103 0.166643692488277 0.308994658336459 0.26948446468616
0.261035519375801 0.221621695896429 0.217370242214816 0.299972542512953
0.171869780956074 0.386548975600834 0.309549252071306 0.132031991371785
0.243272723831347 0.168787492861387 0.292843317348049 0.295096465959217
0.462984510424479 0.0993293688631473 0.203218220923885 0.234467899788488
0.417402675630372 0.228426233943397 0.147207890694894 0.206963199731336
0.368043085231339 0.273721488185728 0.213253518703132 0.144981907879801
0.21453591682631 0.330698609441454 0.256809247688812 0.197956226043424
0.364060772680842 0.196694514199333 0.141008974878707 0.298235738241119
0.184537803433736 0.38867263191568 0.208733079287033 0.21805648536355
0.465534422058711 0.219779223444388 0.126969181401868 0.187717173095034
0.11876683607902 0.28727822317793 0.302790370733273 0.291164570009777
0.337211771361566 0.139204093605599 0.263636003430139 0.259948131602696
0.257101494703895 0.15238273889809 0.185952459440471 0.404563306957543
0.289432317290549 0.171392502944506 0.233424866979733 0.305750312785212
0.172576729992585 0.215865095361351 0.28609972791226 0.325458446733805
0.0995251023965728 0.192380318303776 0.302711261853797 0.405383317445855
0.18717761323063 0.282700320602888 0.159169347201578 0.370952718964904
0.251520822762283 0.35228707466285 0.231963048439554 0.164229054135313
0.220182294584085 0.26559488665982 0.253425291931523 0.260797526824572
0.266088089205915 0.345417658632028 0.154137420040713 0.234356832121344
0.344342942823596 0.224229737081628 0.240174270125917 0.191253049968859
0.128839119810656 0.34236495894661 0.419450100638947 0.109345820603787
0.351531245229745 0.298661802516727 0.198282736831413 0.151524215422115
0.131085999505339 0.30206695307151 0.353788668651214 0.213058378771937
0.105980471668602 0.417780500382834 0.263518016702039 0.212721011246525
0.340215364410083 0.270469244338114 0.200463007704978 0.188852383546825
0.363274845668388 0.297334271654336 0.18846854947362 0.150922333203656
0.0985201486151439 0.343410445758099 0.273352215498289 0.284717190128469
0.347755665810803 0.278136879358907 0.12660314291409 0.2475043119162
0.220937731518801 0.222539863792867 0.2993812960145 0.257141108673832
0.252772931298034 0.290939216625953 0.347634344611059 0.108653507464954
0.237502719877846 0.330844934172377 0.20063367122512 0.231018674724657
0.196875380537514 0.338724284195317 0.296490372183663 0.167909963083506
0.132085588547792 0.240251372026608 0.340032217664824 0.287630821760777
0.352930709689317 0.239280354333898 0.200147771889525 0.20764116408726
0.379570300092566 0.17947138691138 0.345435933514372 0.0955223794816823
0.150214464716634 0.35219377138001 0.279523373561755 0.2180683903416
0.281155957085272 0.284234682752512 0.200647716147358 0.233961644014858
0.279267026784921 0.323642015217496 0.142226162408156 0.254864795589428
0.169095319723396 0.231311882260953 0.26098286741206 0.33860993060359
0.322365992705701 0.192858433174617 0.283474675385194 0.201300898734488
0.249875422311283 0.0915457650867593 0.420718003631338 0.23786080897062
0.0853400291297238 0.357669165203012 0.240760255576945 0.316230550090319
0.253000465086043 0.147311614787086 0.284998448194655 0.314689471932215
0.313774929606032 0.342652708643169 0.225323718134239 0.118248643616559
0.282032055555865 0.229970254984889 0.261209498894602 0.226788190564644
0.198806046246844 0.198402726696066 0.303570598921223 0.299220628135867
0.259013469328275 0.20835215526382 0.228720012624104 0.303914362783801
0.198780329846084 0.42343570128034 0.248482967423629 0.129301001449947
0.22164572913071 0.18726906683028 0.292074101194046 0.299011102844964
0.419598521129859 0.110836441384055 0.232987941730393 0.236577095755693
0.402485379703656 0.266381561642125 0.130204985272771 0.200928073381447
0.35325541048952 0.265624629646808 0.208732039262977 0.172387920600695
0.247224039697642 0.286050813344475 0.271872018163281 0.194853128794601
0.321057886367362 0.254739443373108 0.0783891345948286 0.345813535664702
0.16907028002282 0.392576935288518 0.218763811177617 0.219588973511045
0.445301754698023 0.174482663495914 0.166140539535767 0.214075042270296
0.11030129064079 0.268266660953453 0.277866796926391 0.343565251479366
0.339624794694632 0.171567368409683 0.234197658156182 0.254610178739504
0.218294619677111 0.166152162359144 0.124229609531488 0.491323608432258
0.201832037865744 0.170829550456543 0.275435835123319 0.351902576554393
0.199231409373175 0.182092134904797 0.276558898145485 0.342117557576544
0.0954454655873894 0.216909315747625 0.314298819457867 0.373346399207118
0.187085968301141 0.237838155568605 0.211266372121509 0.363809504008745
0.215783475229288 0.362401467469859 0.255910483492387 0.165904573808467
0.213573242321583 0.270270866059874 0.252927089959882 0.263228801658661
0.228264985564056 0.345863180889387 0.160319030986791 0.265552802559765
0.292933174137897 0.248171730323525 0.227957015491902 0.230938080046676
0.100145988680234 0.320576621859119 0.464016978954474 0.115260410506173
0.338458426182371 0.316166862478422 0.175303416955819 0.170071294383389
0.179025418192359 0.31377603430173 0.312131322833557 0.195067224672355
0.129821452028421 0.453666546294881 0.258818466621926 0.157693535054771
0.284709991407122 0.296398899170112 0.204836059600505 0.214055049822261
0.368575269409962 0.315881893826963 0.186091021178 0.129451815585075
0.111631656851178 0.355379011519443 0.254915225332206 0.278074106297173
0.288979228307983 0.29061593190604 0.147821685168154 0.272583154617824
0.234703401470482 0.22520004155735 0.294814681061864 0.245281875910305
0.203866157020467 0.30350494481561 0.339130778551542 0.15349811961238
0.250850866592116 0.260488037600329 0.236246980392212 0.252414115415342
0.129534818219528 0.36826101806478 0.271744158784324 0.230460004931368
0.101496502678068 0.260673426382339 0.359542467801778 0.278287603137815
0.318757662204953 0.245036824953134 0.258597511974577 0.177608000867337
0.380588466372685 0.140816258761832 0.388410424454477 0.0901848504110069
0.143969815642128 0.354941444455656 0.316966852857808 0.184121887044407
0.235596913194009 0.276191262414441 0.204696238377363 0.283515586014187
0.266102451800227 0.321395312149701 0.185566061829127 0.226936174220945
0.162184651340043 0.259787375599145 0.260786815331342 0.31724115772947
0.265832103402018 0.204435608639098 0.335511843801621 0.194220444157262
0.232024811260902 0.118003920223548 0.389927214066267 0.260044054449283
0.137081637891673 0.361422478642678 0.220995907410881 0.280499976054768
0.24745385875398 0.199679867761788 0.266252252635731 0.286614020848501
0.281590279020045 0.3252390621482 0.254363557754476 0.138807101077279
0.261851452241208 0.22039380771175 0.281687380625369 0.236067359421673
0.19466663220135 0.194712262722158 0.335830133191493 0.274790971884999
0.189040797107956 0.225164957259368 0.242483391341808 0.343310854290869
0.218643364392226 0.373321064033752 0.296255928970063 0.111779642603959
0.237595912276179 0.153287271745152 0.272680182996444 0.336436632982226
0.378105081653387 0.139469581539635 0.234317345677267 0.24810799112971
0.447877780859206 0.247668012338769 0.162258802446936 0.142195404355089
0.368673548460366 0.251423461897101 0.197724628486176 0.182178361156357
0.321739281774819 0.302783403017959 0.236462506374533 0.139014808832688
0.348143227956189 0.257343204607894 0.085792208136183 0.308721359299734
0.209648871508793 0.368397844554412 0.165117724549766 0.256835559387028
0.476845305856416 0.128892335408349 0.138007502024042 0.256254856711193
0.100225153555811 0.259862676577689 0.31325620941774 0.32665596044876
0.326528292771931 0.169629618020349 0.257513059025069 0.246329030182651
0.192364000280143 0.156598642053363 0.148929219549194 0.5021081381173
0.216058484352753 0.164986870292629 0.28619271147207 0.332761933882548
0.173318845963519 0.181573510292201 0.315535539168085 0.329572104576195
0.127102648909048 0.223775664468712 0.270658918811928 0.378462767810312
0.160980058151505 0.287121694583474 0.213614125172944 0.338284122092077
0.221065297571946 0.362516430725914 0.25613882629046 0.16027944541168
0.173326979675768 0.247959484238819 0.245625849667737 0.333087686417676
0.165523433771342 0.37366101057512 0.15563495213042 0.305180603523118
0.288788892779439 0.238457206614844 0.230292258488826 0.242461642116891
0.114457909077684 0.351509547139768 0.437559785582867 0.0964727581996817
0.332452372399604 0.315781410276832 0.190029095975285 0.161737121348279
0.216943296624558 0.294801337742131 0.331080048368858 0.157175317264453
0.206087688992569 0.427167912555343 0.272074548985586 0.0946698494665029
0.277780090176507 0.271792172845693 0.222221486061037 0.228206250916762
0.388629743562819 0.300298227086978 0.151459032253771 0.159612997096432
0.139843608467864 0.357179027326828 0.191991820542443 0.310985543662865
0.267092862191168 0.287722797827563 0.196311336042553 0.248873003938716
0.236219853296801 0.259852888946574 0.231302318155387 0.272624939601237
0.214814058234708 0.317173527241063 0.297874654083488 0.170137760440742
0.266309703860059 0.220677613209149 0.216268927054085 0.296743755876707
0.161557404509787 0.382081494173011 0.250803928399156 0.205557172918046
0.105543200441328 0.277545168215504 0.353594399885454 0.263317231457714
0.329554385067822 0.24199184529469 0.258625069623295 0.169828700014192
0.380729823514232 0.132163583074496 0.399977422210494 0.0871291712007781
0.137658005602213 0.337283240627042 0.34841626069749 0.176642493073255
0.226876420668983 0.319772794350511 0.212588805535341 0.240761979445165
0.282119515437491 0.342925719793578 0.175457426446633 0.199497338322298
0.157677855079213 0.23027153698774 0.273221463104967 0.33882914482808
0.297652440608609 0.182986101192139 0.324081511079246 0.195279947120006
0.24324461254318 0.118751500467753 0.395986415011577 0.24201747197749
0.166500896856154 0.327596505489098 0.284082775872568 0.22181982178218
0.263564765311858 0.179881427520068 0.294660681243239 0.261893125924835
0.343340137813382 0.292854187418294 0.210370469273692 0.153435205494631
0.268758424042281 0.285936787372427 0.214742432140481 0.230562356444812
0.183608562907264 0.213121066352313 0.349005514282916 0.254264856457507
0.226416800925145 0.193805793343164 0.25942051589052 0.320356889841171
0.252212785196496 0.373505906436566 0.308422819349803 0.0658584890171354
0.292849849825603 0.123071716338976 0.265321475270209 0.318756958565212
0.334525279014536 0.128058738820147 0.229549450588969 0.307866531576347
0.460523583185939 0.229415852974713 0.131701961461854 0.178358602377494
0.331757213760294 0.254744044643629 0.217580389758077 0.195918351838
0.295502694209893 0.320164622077421 0.254656644027869 0.129676039684817
0.341146735141684 0.23609276539966 0.0716063334773134 0.351154165981343
0.175642159423692 0.378724263713949 0.175458152605263 0.270175424257096
0.458145885822462 0.125349440165777 0.141794442751192 0.274710231260569
0.07036032689707 0.264178149099974 0.341763660822325 0.323697863180631
0.331543376639988 0.141538087594176 0.271752079728895 0.255166456036941
0.205376093085145 0.152788878783399 0.152136756155545 0.489698271975912
0.193848093207554 0.176408978610122 0.290449008310937 0.339293919871388
0.151842841655895 0.20336238256421 0.29630370144212 0.348491074337776
0.151668876153261 0.192423236139302 0.262984293051518 0.392923594655919
0.1393632828593 0.31887871165134 0.219688631822692 0.322069373666668
0.197696956457108 0.377250744479347 0.228446812119417 0.196605486944128
0.199516633408349 0.250651676979324 0.237524185999097 0.312307503613229
0.160509945049308 0.386105872995791 0.129470760192414 0.323913421762487
0.290326469638558 0.241152963555947 0.222975508864383 0.245545057941112
0.112476436516082 0.350494758364994 0.451638786529234 0.0853900185896895
0.318015956938945 0.30472716128541 0.202313297044554 0.174943584731092
0.190510824983684 0.283292858772796 0.360413621255975 0.165782694987545
0.233535674908501 0.421395163308081 0.232813956493521 0.112255205289897
0.247502389739507 0.252395418596228 0.204457911884104 0.295644279780161
0.369588812267215 0.298964548811864 0.184348374148541 0.14709826477238
0.160172932356154 0.338401926876003 0.251115313895115 0.250309826872727
0.292215647823434 0.315433212656761 0.0915388593594149 0.30081228016039
0.302866611449439 0.249510284070079 0.209541787315713 0.23808131716477
0.244304125963037 0.270919777547785 0.316184069605286 0.168592026883892
0.263569115314493 0.235265446202278 0.193013776143385 0.308151662339844
0.212867382947862 0.361961375172226 0.267433754455461 0.15773748742445
0.108117627925397 0.317260765662279 0.327005636757652 0.247615969654672
0.339630771560987 0.205027312480236 0.250107715030382 0.205234200928395
0.408422090481146 0.113724201301145 0.386613494456386 0.0912402137613219
0.111183165873887 0.31687661545748 0.390732367171517 0.181207851497116
0.202977512801723 0.330887523656938 0.206542110802837 0.259592852738502
0.280357917751509 0.356220105574624 0.180926542625207 0.182495434048659
0.138822669417981 0.232982201795559 0.255019997642632 0.373175131143828
0.238835748660741 0.182357289413405 0.375341493787389 0.203465468138464
0.243670083186856 0.149014813356318 0.415873891350349 0.191441212106476
0.188508611266001 0.324140833803583 0.229622193520092 0.257728361410324
0.250671582352916 0.162113660360101 0.32619760137908 0.261017155907903
0.326913911648469 0.325317249454844 0.209187808312634 0.138581030584053
0.265654633417981 0.278930707214838 0.259670002911441 0.195744656455741
0.140274024353655 0.217381520882908 0.400057011957696 0.242287442805741
0.216902786281062 0.210822044216148 0.248161122572197 0.324114046930593
0.231617113185819 0.377179708659622 0.339453203335292 0.0517499748192662
0.262511221782648 0.165377435824715 0.237984065848175 0.334127276544462
0.344569419755765 0.146889737318162 0.199791120794693 0.30874972213138
0.460692208323242 0.285654002616726 0.141496345353712 0.11215744370632
0.308809058714551 0.233846584147576 0.274166740456567 0.183177616681305
0.309847066827672 0.329712082249746 0.176698562935649 0.183742287986932
0.371900816353901 0.238978102620165 0.0732471838410783 0.315873897184856
0.211582819610735 0.364602364809972 0.166807026574664 0.257007789004629
0.461558925000584 0.0966967271836293 0.175759774841348 0.265984572974439
0.117004053279242 0.289110599866184 0.295134918756811 0.298750428097764
0.361009979969626 0.104922367208724 0.302466098325231 0.231601554496419
0.259788901552313 0.120723719031598 0.16965093357316 0.449836445842929
0.164213235354611 0.17710013547941 0.323059242300481 0.335627386865498
0.119373295530391 0.218114288948691 0.277917851694546 0.384594563826372
0.160010743589218 0.214947421402621 0.233996536231821 0.391045298776341
0.119658063315761 0.313265030716574 0.206376019913341 0.360700886054323
0.162808694481388 0.416617208586645 0.199885087088531 0.220689009843437
0.231965323787155 0.237125376935292 0.233628071221789 0.297281228055763
0.136229684988394 0.38742715076321 0.175566099075293 0.300777065173102
0.335275918911384 0.242407642178301 0.187053771335977 0.235262667574338
0.143535190519689 0.31992425850408 0.450042424274884 0.0864981267013467
0.25616613683149 0.389735668658687 0.195524387504508 0.158573807005315
0.172932446419472 0.249444924549783 0.388372223277656 0.189250405753089
0.189755997255282 0.478222315130007 0.238055346409567 0.0939663412051445
0.220713935044601 0.2195041019891 0.190540718322311 0.369241244643988
0.349807242840802 0.290773400073022 0.171655667803426 0.187763689282751
0.134566979657184 0.3218742344379 0.273675067851854 0.269883718053062
0.315626219050284 0.305119745219826 0.0940714697846748 0.285182565945216
0.312399257416995 0.25874268995753 0.197179743488406 0.231678309137069
0.285554771454564 0.252874921555009 0.369833553913257 0.0917367530771693
0.268074618818098 0.246142089935633 0.170662047286356 0.315121243959913
0.193185637820553 0.30906689093795 0.266800093099638 0.230947378141858
0.0966251507600948 0.319929394271087 0.330218883884785 0.253226571084033
0.35100641017656 0.193739013965099 0.29567965620262 0.159574919655721
0.424262295053451 0.0636719985637208 0.413502248902213 0.0985634574806147
0.110725068759427 0.309123750207257 0.383034752161552 0.197116428871764
0.199284178317017 0.288410234942794 0.223382770507595 0.288922816232594
0.248114344621401 0.383705954206101 0.180680719472844 0.187498981699654
0.168166912840365 0.203286723341327 0.266964595322754 0.361581768495555
0.237264738392215 0.136942695195969 0.374179352906911 0.251613213504905
0.171225211437826 0.1734847818408 0.431873537718786 0.223416469002589
0.193494634703233 0.271568497272571 0.282736006723619 0.252200861300577
0.232834982561727 0.156565159595685 0.350417585986851 0.260182271855738
0.318600041823836 0.364337330231962 0.215865427727038 0.101197200217164
0.285426458695693 0.242163037802763 0.254775321974154 0.217635181527389
0.18863952546433 0.19365372102983 0.367902826149665 0.249803927356174
0.189894353467608 0.225117286459827 0.270986726911793 0.314001633160772
0.248131332232622 0.388633097785731 0.249893266043514 0.113342303938133
0.285098875736463 0.205663522266199 0.190553691409766 0.318683910587573
0.349952108396149 0.123361573979384 0.221593088952217 0.30509322867225
0.505511180321999 0.253968774355095 0.140911670651453 0.0996083746714529
0.341406065560305 0.179703207551537 0.260941292028147 0.217949434860011
0.296236206541392 0.323408865342783 0.237295020833567 0.143059907282258
0.346416844333453 0.249551655838439 0.0755273377805788 0.328504162047529
0.227708563435258 0.339739035216182 0.204954475544203 0.227597925804358
0.360700754112197 0.123081879290734 0.241032805124045 0.275184561473024
0.102599650047204 0.293995230005169 0.296531850662576 0.306873269285051
0.356958645855579 0.0938311508752803 0.313080162655234 0.236130040613907
0.270192629449523 0.10276954719266 0.171721225687673 0.455316597670144
0.137211809503707 0.179763254098649 0.361365191592161 0.321659744805483
0.153432842517219 0.25182959532247 0.251723181817833 0.343014380342479
0.186810456320953 0.270575188346856 0.190002084050316 0.352612271281875
0.113471762683217 0.322251198140001 0.201650619199836 0.362626419976945
0.192163537297634 0.406092641585378 0.197394954413956 0.204348866703031
0.245323808013201 0.197740876543977 0.178360349434694 0.378574966008128
0.095325198314277 0.369433455922513 0.19253318882307 0.34270815694014
0.327337664292599 0.253268842615949 0.191509754241324 0.227883738850128
0.114297849971846 0.335222078591369 0.458385024341565 0.0920950470952197
0.243828770566944 0.420435772521596 0.204912038310965 0.130823418600495
0.161389703103086 0.229143474517507 0.435935256153425 0.173531566225982
0.176909559489298 0.447935438761671 0.258892192544192 0.116262809204839
0.187288502874558 0.277677233827075 0.195415121602285 0.339619141696082
0.350323142572347 0.296118870048167 0.19112671838113 0.162431268998356
0.0901491610971519 0.375260949789271 0.273035731068648 0.261554158044929
0.308819686227036 0.313054664609489 0.0895079250183959 0.288617724145079
0.328002700256342 0.289668479741471 0.160857868704799 0.221470951297388
0.232639003810265 0.255934200833396 0.369551913654639 0.1418748817017
0.262854439441906 0.277183791859456 0.124827097918211 0.335134670780428
0.200826071324101 0.320082981862336 0.26793788825341 0.211153058560152
0.0901273730177611 0.290565792191403 0.335810779112338 0.283496055678498
0.380433581599427 0.20147605993305 0.285277641874919 0.132812716592604
0.367039431225387 0.0851970543857059 0.427038574534808 0.1207249398541
0.182179022712887 0.25619111272554 0.39459156442092 0.167038300140653
0.166682885204633 0.326866359825008 0.20322773206746 0.303223022902899
0.185834755816588 0.392057948477026 0.175957820763256 0.24614947494313
0.188027581425535 0.178247032055398 0.276432641892718 0.357292744626349
0.286160441293278 0.114044455448814 0.397421193180751 0.202373910077157
0.13806306167416 0.199450396801096 0.479890688656598 0.182595852868146
0.217563958536333 0.288380299021853 0.252235261194775 0.241820481247038
0.236922205045667 0.175433682250205 0.294880377747303 0.292763734956825
0.311687885309246 0.343697699795763 0.175280273973402 0.169334140921589
0.266954897922952 0.211051823009709 0.28794860501817 0.234044674049169
0.200359517540144 0.188596003245755 0.341031148929332 0.270013330284768
0.19115279126294 0.251726104501687 0.266524732517133 0.290596371718241
0.20496193493065 0.392279268983492 0.264852262194622 0.137906533891235
0.342201812981971 0.20230698408291 0.195761115071834 0.259730087863285
0.376178484102177 0.116443860350302 0.193941444180531 0.313436211366989
0.572284854377002 0.175861625695912 0.128470504003976 0.12338301592311
0.349222029370149 0.178903994242463 0.318130180131848 0.15374379625554
0.277106472124899 0.333263846977782 0.281242428611454 0.108387252285864
0.366396931127111 0.223763654093198 0.113998871103751 0.29584054367594
0.225687528185913 0.324471689254998 0.22875909145949 0.221081691099599
0.351111053530924 0.0987445326775597 0.249579131695422 0.300565282096095
0.0800368384711409 0.279437080346327 0.34901084404395 0.291515237138582
0.337563796667186 0.143642811600671 0.324003391993602 0.194789999738541
0.240294515441858 0.126534107768025 0.164565225674908 0.468606151115209
0.198833419264621 0.167973541660755 0.313899961207319 0.319293077867305
0.163512496741902 0.221946280816319 0.234134355700261 0.380406866741518
0.15254690808927 0.234747217475387 0.211448312531679 0.401257561903664
0.094936777521831 0.332725034172908 0.214789550287287 0.357548638017974
0.227416248352271 0.438612138481217 0.214674067294307 0.119297545872206
0.152734496560153 0.233885823344754 0.22048187356562 0.392897806529473
0.139865303317675 0.3260177159357 0.212183476871503 0.321933503875121
0.309577191984454 0.271291567456506 0.200698781538867 0.218432459020173
0.136134542264555 0.335619142132828 0.439275771029802 0.0889705445728145
0.263704272297656 0.409092749276606 0.228089870099745 0.0991131083259925
0.20369605531192 0.242301782097086 0.380434007250551 0.173568155340443
0.150686821278953 0.441568944329812 0.251698972539054 0.156045261852181
0.136053103089339 0.364349642176188 0.144131001801154 0.355466252933318
0.340299298091599 0.26681037931362 0.212668066888292 0.180222255706489
0.105484834697354 0.347064492126418 0.261006349721992 0.286444323454235
0.331746389415605 0.284523469444365 0.0819509477847792 0.301779193355251
0.289631537371473 0.316809181844969 0.152119980721356 0.241439300062202
0.229694611582465 0.292344317895437 0.356747398245123 0.121213672276975
0.274519424632052 0.247483209984524 0.161409320889112 0.316588044494312
0.169038706196281 0.332349421050142 0.334371369101037 0.164240503652539
0.0738937525161721 0.361893443920046 0.33726950412541 0.226943299438372
0.366864341793043 0.202323467380923 0.282487432736153 0.148324758089881
0.346938016226161 0.0603707097708574 0.500096270734783 0.0925950032681988
0.197540701877812 0.185326539947894 0.422276119437378 0.194856638736915
0.187344616140896 0.351570552060375 0.154834274143212 0.306250557655518
0.0923286819172534 0.353250570320682 0.282970911428243 0.271449836333822
0.187949215654202 0.160032982702134 0.282901378307981 0.369116423335683
0.286043647388825 0.099186219133619 0.400312579108547 0.214457554369008
0.104646289249916 0.206196889487312 0.506329543326284 0.182827277936487
0.28018299022849 0.231182545547969 0.277404409461789 0.211230054761751
0.284568649173562 0.182277521696288 0.229471164500991 0.303682664629159
0.288581731324692 0.357040631569277 0.179547627101345 0.174830010004687
0.253261975702154 0.255282429562155 0.205891369960006 0.285564224775685
0.223906765960217 0.152593388634694 0.330706100874531 0.292793744530558
0.157628682328724 0.296552439088519 0.292871854619876 0.252947023962881
0.21655381047214 0.394154859411736 0.230001810687249 0.159289519428874
0.363307151789655 0.235694029243544 0.126603210918145 0.274395608048656
0.400002367416794 0.0887305065348135 0.196578635902701 0.314688490145691
0.519009336292591 0.227855847469842 0.153283226914405 0.0998515893231624
0.338622861876512 0.190953756122652 0.328418748403637 0.142004633597199
0.256573161305016 0.360633050332247 0.298796854595144 0.0839969337675927
0.359499709871762 0.205212955872701 0.125999521719415 0.309287812536122
0.223240955220203 0.366397614801091 0.230042844371913 0.180318585606793
0.324465065607667 0.0723690096717146 0.283039943570251 0.320125981150367
