0.390990516871996 0.192802549189835 0.374287010048943 0.0419199238892257
0.865077518877827 0.0482180896185091 0.025546244674815 0.0611581468288488
0.0101824220799 0.551213446024894 0.347261669625485 0.0913424622697212
0.335330623651918 0.143717931276721 0.162115813578165 0.358835631493196
0.599499897671328 0.0759311055449895 0.19600061747403 0.128568379309652
0.0119950319952708 0.237191322609349 0.493820771502777 0.256992873892603
0.245035123434739 0.248145969472029 0.4350157519354 0.0718031551578322
0.323139730484121 0.277000288859397 0.204237002360414 0.195622978296067
0.320329217856663 0.305804386808602 0.272223526227922 0.101642869106813
0.278715259325741 0.326478989863081 0.331761990902706 0.0630437599084715
0.183850686186809 0.0696330969542309 0.219181134499478 0.527335082359482
0.0779827221003311 0.569641460656049 0.0632615717677818 0.289114245475838
0.586072123936363 0.188107919876506 0.15620021032952 0.0696197458576109
0.0622985472493433 0.0708847164481112 0.45259153156634 0.414225204736205
0.106848267304571 0.239547420419811 0.459654630018847 0.193949682256771
0.27224221853665 0.165825307954544 0.252584083570093 0.309348389938713
0.513723041825248 0.0908567970515897 0.0957090691090614 0.299711092014101
0.269077394720772 0.0875895089170418 0.439276093416699 0.204057002945487
0.129163668797195 0.357561695806852 0.0937858851641244 0.419488750231829
0.343123960230018 0.298388914349557 0.0136100029658233 0.344877122454601
0.40564954851603 0.160977448131903 0.0582084359835441 0.375164567368523
0.419964919433008 0.120086820413041 0.367157911007717 0.0927903491462337
0.459958598422634 0.213568063481043 0.183067857233789 0.143405480862533
0.228386173789059 0.115669064626026 0.516721482190221 0.139223279394694
0.124832376336998 0.135609514560206 0.0795844946248695 0.659973614477926
0.10070060133619 0.125843040729238 0.337553823741006 0.435902534193566
0.0526061335113114 0.169083620338561 0.213452305644345 0.564857940505783
0.115282279025084 0.164633008906636 0.650225309664455 0.0698594024038249
0.386316470827185 0.0447597835537506 0.267828324415882 0.301095421203182
0.0854101239592223 0.385681072566525 0.318705242724204 0.210203560750048
0.154024898373539 0.548117203372141 0.166533973794715 0.131323924459605
0.0888530127158541 0.0541604537836975 0.0435533668947382 0.81343316660571
0.193055677207486 0.0771272566379972 0.0318365156190355 0.697980550535482
0.114070128061768 0.577488461087888 0.158641580126893 0.14979983072345
0.239550987973626 0.292528071414705 0.26674381846968 0.201177122141989
0.156662119949478 0.150334336936718 0.439615532841327 0.253388010272476
0.228100499890678 0.0327526977353289 0.618727227977403 0.12041957439659
0.232657185680044 0.16488136335924 0.29990839495828 0.302553056002436
0.0671031370058656 0.27588964109236 0.0171812910477839 0.639825930853991
0.245343891679239 0.128653381907473 0.252980543926393 0.373022182486895
0.172217935647025 0.0474913627453109 0.308134069939948 0.472156631667717
0.223250878309255 0.216957937387609 0.262109872506027 0.297681311797108
0.129928561371404 0.259700312359454 0.243423900084982 0.366947226184161
0.380668218195653 0.0867613834318897 0.347818236376141 0.184752161996316
0.101139568270366 0.246693434601896 0.0233863141857637 0.628780682941974
0.399744162334727 0.0683475189490977 0.234913030382795 0.29699528833338
0.146397425644834 0.0488487127504009 0.228523866105325 0.57622999549944
0.382155883786353 0.22525000998419 0.36028382621073 0.0323102800187267
0.845382168606177 0.0793501470324336 0.0115784205179532 0.0636892638434358
0.0312893630127047 0.541895603986312 0.301281730468808 0.125533302532175
0.302590521001786 0.204642209691762 0.178759102356306 0.314008166950146
0.61273853115358 0.0292530720738821 0.163866442825358 0.19414195394718
0.0336800159616773 0.22572862379652 0.492879730926341 0.247711629315462
0.180427316116059 0.248145969472029 0.486798791816084 0.0846279225958285
0.303048476965063 0.24239405460741 0.220232009706332 0.234325458721194
0.245566704379773 0.311179849980697 0.297512348526093 0.145741097113436
0.299688548845057 0.374553439182474 0.324006482518272 0.00175152945419798
0.157242994061556 0.0341751959087837 0.239793252752962 0.568788557276698
0.0278149531278709 0.608706837843266 0.0267759990031319 0.336702210025732
0.577994524502181 0.170616703902647 0.170530092935918 0.0808586786592543
0.0883514631188568 0.0448318005785977 0.498537799209352 0.368278937093193
0.0623819142015182 0.253926627767331 0.476182420967596 0.207509037063555
0.283153815772477 0.108321681441482 0.265670850948356 0.342853651837685
0.568965978557496 0.0959387866793868 0.0867955539501324 0.248299680812985
0.286614307067031 0.113286905979364 0.39358601853353 0.206512768420075
0.138962726787508 0.36754863381915 0.107061113610707 0.386427525782636
0.355938503835801 0.243323750024497 0.0254468108729166 0.375290935266786
0.493976682055162 0.108177431258387 0.0243495584001372 0.373496328286314
0.435251990666623 0.146186379484049 0.372557857695693 0.0460037721536345
0.472866018602906 0.198655109450019 0.167058076085039 0.161420795862036
0.211566662534042 0.12306079366307 0.494007370602956 0.171365173199932
0.148204815207136 0.157419375408795 0.0507730664528213 0.643602742931248
0.0348835096465125 0.160931647629773 0.333021687950792 0.471163154772922
0.0750196810695557 0.169591089458764 0.180361667833816 0.575027561637864
0.104299889579667 0.158987899414748 0.623325194270654 0.113387016734931
0.361139596395403 0.058680646002618 0.277023747914632 0.303156009687347
0.0717127599525652 0.412761834772404 0.311560907154158 0.203964498120873
0.150251955599308 0.582849651128828 0.152583658502256 0.114314734769608
0.124353178809552 0.0662515456700931 0.00422508374755034 0.805170191772805
0.193247127844552 0.0701009943535078 0.006525136047823 0.730126741754117
0.0895941003809747 0.566219786488183 0.220714367764483 0.12347174536636
0.177840506075 0.263819689737426 0.346443036731202 0.211896767456373
0.13414497265011 0.150266881778149 0.42059426735903 0.29499387821271
0.191630168132651 0.0336683126117594 0.644439858159209 0.130261661096381
0.199580554949396 0.148750410449651 0.326633877200462 0.32503515740049
0.109156788163632 0.312285811691979 0.0403561883089807 0.538201211835408
0.246785304953973 0.111808135572912 0.307751833749504 0.33365472572361
0.140918229989149 0.0676214280383622 0.283946026768641 0.507514315203848
0.254831343648612 0.190860378203773 0.276711159711032 0.277597118436582
0.109312519979781 0.311103213274581 0.23670744082303 0.342876825922608
0.392603623233019 0.0838211913757684 0.340357419240271 0.183217766150942
0.100098553789495 0.267672019039294 0.0496663279253607 0.582563099245849
0.377639786775589 0.0919606451292324 0.249291091569085 0.281108476526094
0.142107831806213 0.0554863446251653 0.223471421836375 0.578934401732246
0.363717494383771 0.236302163226244 0.332606210467134 0.0673741319228507
0.849051619858967 0.094845339059153 0.0113956734861583 0.044707367595721
0.00708312794501863 0.599263509722049 0.274223131895022 0.11943023043791
0.347842357035789 0.223877044652424 0.105818482880167 0.32246211543162
0.621809156426159 0.0331542165518865 0.14542776821688 0.199608858805075
0.00931228639305612 0.290288710350204 0.479513886818875 0.220885116437865
0.23755715123227 0.186817740332703 0.464592307638934 0.111032800796093
0.281421190457781 0.261361757621324 0.226325449509558 0.230891602411337
0.188697454571404 0.331547933913832 0.314559792296664 0.165194819218099
0.298689092858745 0.369656200053415 0.322661176971852 0.00899353011598835
0.073892328648247 0.0623102444311648 0.238560867303851 0.625236559616737
0.0333211535876567 0.569105290671205 0.0451545347078191 0.352419021033319
0.580205481215133 0.174031429671026 0.192936481190522 0.0528266079233192
0.0226196749890782 0.106627754845161 0.476909813546572 0.393842756619189
0.0551188250438773 0.238386742874107 0.487995741763368 0.218498690318647
0.260162734456918 0.123718837337544 0.310990525444197 0.305127902761341
0.528223432982592 0.088402175380822 0.156314646610763 0.227059745025823
0.282506432772753 0.150961178953618 0.37358901187297 0.192943376400658
0.138962726787508 0.337505449562503 0.11042677338848 0.413105050261509
0.343687851491136 0.213640597182161 0.00147595813886123 0.441195593187842
0.480466151001982 0.0942522495915319 0.0331316538680418 0.392149945538444
0.430992810127103 0.153766938235992 0.409599794912111 0.00564045672479446
0.435299610664185 0.181981535330679 0.191738599700137 0.190980254304999
0.178822061217525 0.175265615469006 0.488415933778195 0.157496389535275
0.142865870537789 0.182317956935736 0.0430239739437825 0.631792198582693
0.0380946142951659 0.141074074720096 0.353489262862682 0.467342048122056
0.126798574125881 0.129584947739123 0.163695326144401 0.579921151990595
0.0979043500372401 0.107878654996417 0.735312084414835 0.0589049105515079
0.383320045723556 0.0329334170532872 0.259989500915094 0.323757036308063
0.00821776727730546 0.423218746741635 0.300409858764429 0.268153627216631
0.152844987986393 0.585712087883923 0.152281063980475 0.109161860149209
0.107938784661392 0.0573656046210091 0.010748210897108 0.823947399820491
0.177275760765952 0.0748145012628279 0.00136648468960786 0.746543253281612
0.108066094364232 0.541898133865289 0.17736662096129 0.172669150809188
0.171518162602143 0.258380441510377 0.313113064484773 0.256988331402707
0.115002847912265 0.171873176856676 0.405109018749119 0.30801495648194
0.155249853713139 0.00234228168358352 0.666139335757513 0.176268528845765
0.256446259591074 0.13551183911572 0.305527112689257 0.30251478860395
0.110492329014046 0.341177129395507 0.00217180322583057 0.546158738364616
0.231395696129347 0.0598257818404569 0.348224198995891 0.360554323034304
0.176691095149983 0.0690443296994974 0.301399586233416 0.452864988917104
0.297298834057648 0.189812248686188 0.280313593090306 0.232575324165858
0.111969676615323 0.266234843408419 0.261153119262254 0.360642360714004
0.368734459754061 0.0732345592744375 0.355992020104994 0.202038960866507
0.103207380779269 0.271695996926413 0.0208009960890831 0.604295626205235
0.355415975720288 0.125509939994457 0.200033716117814 0.319040368167441
0.152484068661731 0.0580675251932512 0.231915938592947 0.55753246755207
0.359810504057994 0.284098820267425 0.334957259550652 0.0211334161239288
0.83363091291629 0.129728639733999 0.01861073611396 0.0180297112357504
0.0045177849946168 0.586672970092012 0.278178272919221 0.13063097199415
0.343284592127257 0.231433783246273 0.104820212118247 0.320461412508223
0.630427721196018 0.009298321887584 0.143032355151783 0.217241601764615
0.000130866563218144 0.298932843708233 0.506658042417819 0.194278247310729
0.251401445583563 0.179623885060796 0.481801188511865 0.0871734808437766
0.332452548415762 0.240057540308606 0.229784732735961 0.197705178539671
0.227336037757952 0.352034924724437 0.292251589545218 0.128377447972393
0.319933518947851 0.354047473937518 0.320735836473287 0.00528317064134428
0.101026946625091 0.0834536784066863 0.205305705068269 0.610213669899954
0.0404366314874446 0.595065968935006 0.0971916819890449 0.267305717588505
0.617743136740508 0.162947540774053 0.173244418243088 0.0460649042423513
0.0395491701199767 0.109585416882967 0.457516356120813 0.393349056876243
0.0621183048194271 0.22550344283093 0.468940997859679 0.243437254489964
0.289169654885865 0.145213837913213 0.300369904725505 0.265246602475417
0.52873812921254 0.103089642799666 0.184901678976375 0.183270549011419
0.286561524849059 0.137143180681484 0.379599228597796 0.196696065871661
0.136906167286292 0.302006428198127 0.156716072502622 0.404371332012959
0.345651801963554 0.211621621570152 0.00183720667536231 0.440889369790931
0.456847335814618 0.106712051305235 0.0143471854158285 0.422093427464319
0.378650820419901 0.159554893367373 0.449013327829499 0.0127809583832266
0.399943388867939 0.238287196138672 0.188691259499854 0.173078155493535
0.132420844091703 0.193791385513658 0.496846258587355 0.176941511807284
0.153085800574481 0.174607698744517 0.0633016523224074 0.609004848358595
0.0418509928047359 0.169312428918498 0.337771724905439 0.451064853371328
0.154236046236496 0.0932516138286797 0.160428302280665 0.59208403765416
0.12069732333093 0.143517111514481 0.701384139658256 0.0344014254963332
0.41116557190169 0.0125067438730964 0.284151864967703 0.29217581925751
0.00202367959478076 0.398395184150298 0.314367557291221 0.2852135789637
0.14557728590655 0.628690843187116 0.162368155293218 0.0633637156131165
0.0997227007443239 0.00828244725416888 0.0643117860817792 0.827683065919728
0.152771339981883 0.121197062943922 0.00136648468960786 0.724665112384588
0.145661600528012 0.522750008552067 0.172635064735257 0.158953326184665
0.181322729481899 0.262160171682041 0.327726134637473 0.228790964198587
0.0453429639118348 0.137319986454455 0.413194247507983 0.404142802125727
0.166185602145669 0.000711823022926938 0.65598591736231 0.177116657469094
0.270729052269642 0.0968204322557034 0.306098289145544 0.32635222632911
0.106747715401975 0.298440750926235 0.00434237610974572 0.590469157562043
0.246223643832072 0.0749623646348233 0.371406217050541 0.307407774482564
0.174979065990449 0.0323004839437974 0.256441337772517 0.536279112293237
0.328650378818048 0.149298635878925 0.268101201287265 0.253949784015762
0.104541520799163 0.243353812855165 0.222840158939308 0.429264507406364
0.381977140717656 0.126780838512509 0.295086603201442 0.196155417568393
0.0872909484262997 0.276889147586902 0.029135081393606 0.606684822593193
0.342053537849469 0.0818761842148645 0.215706417825623 0.360363860110044
0.20162631479049 0.102793480791075 0.14746317105667 0.548117033361765
0.354922584697223 0.343604253350238 0.29189646076477 0.00957670118776927
0.84504403604313 0.127547682812925 0.024994051686708 0.00241422945723681
0.00335266174567833 0.59047600505114 0.316537347894818 0.0896339853083637
0.345186787420481 0.234470464523717 0.134710809427232 0.285631938628569
0.611657730927389 0.0297433221572671 0.152280590350685 0.206318356564659
0.000130866563218144 0.320882046223185 0.464479670124109 0.214507417089488
0.250419327983057 0.172425883785258 0.482555473353106 0.094599314878579
0.324546522418399 0.254301866978329 0.228232310030389 0.192919300572883
0.246447613991943 0.406680758720329 0.277648051898164 0.0692235753895644
0.340482341568036 0.363405225750303 0.278849139433115 0.0172632932485456
0.131612257774571 0.0885385316593151 0.110694149392758 0.669155061173356
0.000348429602798638 0.61755769396862 0.0981447116090404 0.283949164819541
0.617835799250505 0.164131091194735 0.194547454947282 0.0234856546074782
0.0496248655135837 0.143308218744553 0.433519420586289 0.373547495155573
0.0687118889024478 0.230938739176898 0.465520163424297 0.234829208496358
0.290932169726676 0.162053940454241 0.257461949536503 0.28955194028258
0.60164016039718 0.082199066424716 0.156311239489359 0.159849533688745
0.288376241560001 0.122100981498695 0.378876835314874 0.21064594162643
0.156236833244406 0.361061796515186 0.0808093299172646 0.401892040323144
0.321031239660674 0.189929106120321 0.0255033451625318 0.463536309056473
0.42097362610244 0.135830349229523 0.00709353973521653 0.436102484932821
0.362852526824466 0.19553014958036 0.441610839618562 6.48397661174444e-06
0.415855890626369 0.217265788604536 0.169170957179256 0.197707363589838
0.165161192808901 0.109518466622729 0.539093544735258 0.186226795833111
0.160577604052232 0.208153004173078 0.0423289042565744 0.588940487518116
0.0626979281023312 0.226363284137629 0.341819853738967 0.369118934021073
0.145950995391489 0.0955418004464359 0.164768059050724 0.593739145111351
0.14632613295598 0.120057596311923 0.728375174626779 0.00524109610531752
0.374071684790286 0.0125067438730964 0.309956829438147 0.303464741898471
0.00202367959478076 0.423171183678654 0.314367557291221 0.260437579435344
0.214427276324498 0.607125132887933 0.124201530281273 0.0542460605062964
0.0764817480383594 0.0148848105483922 0.0121946188897336 0.896438822523515
0.166317873759727 0.0813963072002858 0.00208658826941403 0.750199230770573
0.193642591452419 0.518171954961691 0.134953174299041 0.153232279286849
0.227511728932432 0.215850389844996 0.325948814893476 0.230689066329095
0.0233004288002939 0.122629535654338 0.4505992177157 0.403470817829668
0.125437337540024 0.000711823022926938 0.673285411963631 0.200565427473419
0.250806215161036 0.0945628370502567 0.315497834786462 0.339133113002246
0.114444003358763 0.275159326619902 0.064122075337984 0.546274594683351
0.209015361606306 0.139280336376371 0.402019470991369 0.249684831025954
0.180963027585205 0.053416081100838 0.274091368483019 0.491529522830938
0.320500447150908 0.134687028944585 0.291648313967072 0.253164209937435
0.13213118394639 0.221900499261645 0.241382499936682 0.404585816855283
0.425947946502576 0.108362020586078 0.254125459285668 0.211564573625678
0.123246253614263 0.258022058197078 0.0355496038046749 0.583182084383984
0.329569500165425 0.103063531440942 0.221140820736382 0.346226147657251
0.168947039780476 0.184224757963016 0.13985012917613 0.506978073080378
0.443488451288166 0.312089263491978 0.239222324162916 0.00519996105694058
0.827417948273963 0.154273919828025 0.0058244867166375 0.0124836451813746
0.00349176896322488 0.60399379257983 0.332391715648308 0.0601227228086364
0.295960399539273 0.284356258363066 0.131334409096197 0.288348933001464
0.58033127008325 0.00891900887709443 0.191583587048055 0.2191661339916
0.000130866563218144 0.367047680885797 0.430900477353697 0.201920975197289
0.255110291082767 0.178621421804787 0.465896517336925 0.100371769775521
0.313496060073971 0.272615118774973 0.250006838060462 0.163881983090594
0.24325746563208 0.425348671983527 0.256189967907436 0.075203894476958
0.33620589383068 0.36893190367684 0.247230787472327 0.0476314150201532
0.102268928392908 0.127684098211494 0.141968414763788 0.62807855863181
0.000348429602798638 0.593180738968868 0.0710171438488597 0.335453687579474
0.538240952563691 0.198008636702593 0.202220298167926 0.0615301125657909
0.0866318202401139 0.116406370828829 0.455130509077334 0.341831299853722
0.00709573641242427 0.224467021830904 0.486887315255806 0.281549926500866
0.279777157593145 0.161041047724173 0.285023576183869 0.274158218498814
0.674312727989415 0.0622174127681383 0.146956686845287 0.116513172397159
0.322915008470556 0.140415504189766 0.347834743178534 0.188834744161145
0.208416697887082 0.326394651944919 0.0966404316670554 0.368548218500944
0.305527739683616 0.206761981993982 0.0141679951191586 0.473542283203243
0.3934963780836 0.0844175096415121 0.0675291909430249 0.454556921331863
0.381178626023942 0.240886579536515 0.377928310462931 6.48397661174444e-06
0.437805219609106 0.198955667192613 0.191436291723028 0.171802821475252
0.205993270683703 0.131166646246028 0.495694820407696 0.167145262662573
0.146258645341585 0.218135442127828 0.0385935581946983 0.597012354335888
0.0846093400035687 0.19210216737964 0.402783904948125 0.320504587668667
0.188192581204952 0.0169147685736885 0.192484495049169 0.60240815517219
0.136684250295181 0.111043210070599 0.728026838586737 0.0242457010474828
0.445175972099858 0.00404876805012982 0.326792236384631 0.223983023465381
0.0548276022372688 0.345190182039381 0.323585247478727 0.276396968244623
0.225315825352229 0.633494254680892 0.137595257744245 0.0035946622226341
0.0553340873950314 0.0254083874664503 0.0158900692345551 0.903367455903963
0.136327581622937 0.0923903950816944 0.00314757889773475 0.768134444397634
0.154888888041216 0.480169339394161 0.215570540459773 0.14937123210485
0.213396227958429 0.209184400059308 0.322115481339264 0.255303890642998
0.0550226766918876 0.128888275453134 0.414586039752959 0.40150300810202
0.133755189100447 0.0204905251283224 0.651112267021714 0.194642018749517
0.23524240899719 0.11462581767068 0.318301305137962 0.331830468194168
0.128237676370004 0.333470756094172 0.0534083598301023 0.484883207705721
0.212792585129081 0.121861496349423 0.420055574996665 0.245290343524832
0.166592537649815 0.0587226231369616 0.289773442043329 0.484911397169895
0.306784788214492 0.143865332935796 0.2663884807837 0.282961398066012
0.165995144257673 0.212052701115571 0.256719318883207 0.365232835743549
0.412397814722946 0.14586612056491 0.276703043942788 0.165033020769356
0.114108934516036 0.266577226948705 0.0104471878327513 0.608866650702507
0.374173896612964 0.105091349791995 0.221949860290243 0.298784893304798
0.126484005540412 0.204073527301585 0.146609095199465 0.522833371958538
0.440008298968049 0.369038066531245 0.175664363068723 0.0152892714319828
0.809632253311595 0.154273919828025 0.0270224040464834 0.00907142281389607
0.0442824460745879 0.599112979588653 0.31845415452165 0.0381504198151097
0.216443556024989 0.341736375483986 0.20646014181726 0.235359926673766
0.621781918087206 0.00547587541277852 0.174151068453623 0.198591138046392
0.000130866563218144 0.371209968248648 0.401168578150662 0.227490587037472
0.244882364675525 0.191509754959629 0.465911898728784 0.097695981636062
0.281154560330919 0.264510883998281 0.262337072524487 0.191997483146313
0.228873063722305 0.440124658807479 0.273953259107826 0.0570490183623903
0.280462933512222 0.363585042637552 0.280815906242461 0.0751361176077651
0.0398966322989447 0.198014223398086 0.145728108281138 0.616361036021831
0.000348429602798638 0.564704516358534 0.107135546501069 0.327811507537598
0.545858785679782 0.204509521150771 0.203182367449303 0.0464493257201441
0.0646189708435536 0.103814025934756 0.445324099808694 0.386242903412996
0.0189589178148654 0.270063543690892 0.455645632536832 0.25533190595741
0.299944489107094 0.0526898106767089 0.291942727227854 0.355422972988344
0.647100664073621 0.068618342817269 0.197119254369527 0.0871617387395839
0.32209916402786 0.170595900439982 0.31325678659821 0.194048148933948
0.22202859049787 0.329403385396052 0.065429286031594 0.383138738074483
0.295285327461766 0.204128374559873 0.00372637158997218 0.496859926388389
0.380989769517563 0.0755469190527357 0.0809851836763861 0.462478127753315
0.372735795508382 0.228430101072797 0.39882761944221 6.48397661174444e-06
0.454212879084332 0.187829055438315 0.199378928057366 0.158579137419987
0.186499106379361 0.140847072512305 0.500658357078826 0.171995464029508
0.111622057383501 0.232013543907674 0.0653403307095873 0.591024067999237
0.105081187753582 0.15071674890613 0.353923379125159 0.390278684215129
0.228108682250626 0.000938009358570094 0.167383598244809 0.603569710145996
0.183177191245156 0.0828134917936008 0.69713432399796 0.0368749929632833
0.433430960578587 0.00658475686549146 0.350231801464384 0.209752481091538
0.0429696098848167 0.273710774481164 0.351082405876182 0.332237209757838
0.225955009049287 0.67043142953965 0.100018899188429 0.0035946622226341
0.0861071784667824 0.0302238055417548 0.00835284556229361 0.875316170429169
0.15811838906102 0.0524072168547186 0.00314757889773475 0.786326815186527
0.153623554291163 0.493840254858333 0.206092327630792 0.146443863219711
0.216368644677851 0.194165103827396 0.281049252804936 0.308416998689817
0.0725186803273482 0.119485596325027 0.373551061148084 0.434444662199541
0.190884970310544 0.0167703197463441 0.625359082002584 0.166985627940528
0.220947280147855 0.114570934092121 0.310612437802289 0.353869347957735
0.114515914546605 0.398532693768354 0.0641530641187656 0.422798327566275
0.225378446941194 0.116661944703058 0.3890258643865 0.268933743969248
0.185043574092817 0.00610575691298187 0.273065450129903 0.535785218864298
0.309151120644884 0.13876814039247 0.264655813195769 0.287424925766876
0.178798159207568 0.176827652943283 0.31982663369965 0.324547554149498
0.354531640332873 0.187353734834046 0.323741459389665 0.134373165443417
0.118601111550298 0.20602704351257 0.0882558393936688 0.587116005543462
0.419804087669953 0.114879145042299 0.195663612382105 0.269653154905643
0.104647133787664 0.222546054170157 0.142143996002351 0.530662816039827
0.426171015851749 0.39944076710515 0.169372960203987 0.00501525683911363
0.857348477219951 0.121782661034282 0.0195243618832772 0.00134449986249021
0.0005986096691896 0.627518957589608 0.351168426893609 0.0207140058475935
0.21038546576916 0.332215451124891 0.220659515356564 0.236739567749385
0.600750459417166 0.0625032081652559 0.152262460299946 0.184483872117632
0.000130866563218144 0.45987682729078 0.404814863697373 0.135177442448629
0.259611946332391 0.194585643468094 0.469528218121825 0.0762741920776905
0.305972723172176 0.310760380696427 0.22900136873849 0.154265527392907
0.172183100936847 0.413310507915746 0.313208484696393 0.101297906451013
0.257885481644239 0.373430984273565 0.277557575279607 0.0911259588025885
0.0620282020465249 0.173541795517695 0.150937398854977 0.613492603580803
0.000350723869395075 0.579853055326594 0.109687745701796 0.310108475102214
0.573576772091663 0.212479603346014 0.18622742109434 0.0277162034679834
0.027837859914694 0.0300569544268937 0.485862162755565 0.456243022902847
0.000783109602611187 0.305922901111015 0.45747654572733 0.235817443559045
0.301914756228308 0.052060874333581 0.245320512522869 0.400703856915242
0.682841526086228 0.0749412462070787 0.166078585113637 0.0761386425930562
0.331365470266575 0.155314084502495 0.261171701070704 0.252148744160226
0.230840975305841 0.324650214150951 0.0501378690547603 0.394370941488448
0.25102325187459 0.183697573891909 0.0731844198567965 0.492094754376705
0.326557422071582 0.0836394625762615 0.0813203584753516 0.508482756876805
0.423412539089807 0.196800294729098 0.379780682204483 6.48397661174444e-06
0.487377031476751 0.196040124357942 0.149144015191803 0.167438828973504
0.186201457878943 0.149761488516277 0.51957944686237 0.144457606742411
0.091995543555676 0.171715672317082 0.147297953332891 0.58899083079435
0.120900170941947 0.0967254459069278 0.347015735619321 0.435358647531804
0.190891028544887 0.000938009358570094 0.210313419869229 0.597857542227314
0.175005202506688 0.147209459664552 0.66745196587064 0.0103333719581207
0.482542957757576 0.00793787866467547 0.305678833429397 0.203840330148352
0.0600736728175929 0.266287013937121 0.351793355515506 0.32184595772978
0.206705802756844 0.697885584291845 0.0795295034468227 0.0158791095044883
0.0896065847053346 0.0104509862692795 0.00422285511009157 0.895719573915294
0.143522990742532 0.0524072168547186 0.00963457461966912 0.794435217783081
0.167277356476017 0.486918231411801 0.174635612383897 0.171168799728284
0.213053593422801 0.209021528644513 0.266135532749453 0.311789345183232
0.065366593633089 0.0886777199069151 0.37274846855251 0.473207217907486
0.191150099948681 0.0209062664313268 0.608720386984684 0.179223246635309
0.216467404959302 0.102933041989531 0.301992106767526 0.378607446283642
0.103556064358959 0.453473517053496 0.064022497909211 0.378947920678334
0.242144091418176 0.114552264395727 0.435127792108839 0.208175852077258
0.166860207057 0.000109826781224236 0.309292589040811 0.523737377120965
0.361754577546736 0.109372576503641 0.266491940896286 0.262380905053336
0.17929336680833 0.210155850467235 0.304588468903622 0.305962313820814
0.314234352176292 0.178375007670997 0.399074759087042 0.108315881065668
0.100495718268859 0.22200878915681 0.0244752944451374 0.653020198129193
0.438908369657483 0.104318479005973 0.172994848870058 0.283778302466487
0.0818931473740736 0.260170068595249 0.148585778976058 0.50935100505462
0.410006894849092 0.377559318784804 0.210919232067614 0.00151455429849061
0.818405748114476 0.101946860234508 0.0543850967984052 0.0252622948526107
0.0129942715755288 0.637691543348455 0.333581240532411 0.0157329445436054
0.213092337212821 0.325728250255877 0.216696075404215 0.244483337127088
0.558884997666744 0.0954157454927578 0.116528986096794 0.229170270743705
0.000130866563218144 0.418315500719971 0.410459913171342 0.171093719545468
0.254105734917924 0.222999590982585 0.442899406988265 0.0799952671112267
0.292155597042887 0.282327384829676 0.244489206500829 0.181027811626607
0.17409763280247 0.42511994894973 0.285566105228086 0.115216313019714
0.254448424739581 0.357928351817664 0.333430174815695 0.0541930486270602
0.0611737369837949 0.177590343836373 0.161011023906859 0.600224895272973
0.00211850423924123 0.577828194803652 0.141996348349187 0.27805695260792
0.597952210939009 0.205149501955179 0.193461005778194 0.00343728132761793
0.0235178023807798 0.00721150854506317 0.486561109212689 0.482709579861468
0.000783109602611187 0.29164632454497 0.448346055988439 0.25922450986398
0.305994074106076 0.0734923556886838 0.206193469243283 0.414320100961958
0.686303096023873 0.0459797908740321 0.144138912863336 0.123578200238759
0.355031582350749 0.159306658343737 0.243381891705646 0.242279867599868
0.198998569916079 0.338192536732585 0.0788266188130542 0.383982274538282
0.253032429722821 0.20295982411953 0.0913344582220712 0.452673287935578
0.345276490753403 0.0996999780403122 0.0433061344899776 0.511717396716307
0.415959063109952 0.230948690430875 0.353085762482561 6.48397661174444e-06
0.512907130059136 0.213419008987521 0.168623676946834 0.105050184006508
0.181817642024853 0.163346772705598 0.526906126574065 0.127929458695483
0.0857403846747176 0.176768204304977 0.153744304385619 0.583747106634687
0.119552523870131 0.0285652808987704 0.41237426915494 0.439507926076159
0.21702593418306 0.00639474161281262 0.18277466645773 0.593804657746398
0.163566297437316 0.127423571375217 0.695027945718101 0.0139821854693656
0.478453948962013 0.0445873882189387 0.289616341856004 0.187342320963045
0.0636159357619858 0.272228318798456 0.286311517373938 0.37784422806562
0.188660414425906 0.730026347157156 0.0765300602119469 0.00478317820499189
0.0443179295551185 0.0490032317553415 0.0494257196536264 0.857253119035914
0.208284411931709 0.00350510497586722 0.0107817004673068 0.777428782625117
0.160249309684343 0.452706441164447 0.208712190158146 0.178332058993065
0.186037692013479 0.176398561414823 0.269896333772325 0.367667412799373
0.0341457276267556 0.0684483232114112 0.421486753456321 0.475919195705512
0.175583774813385 0.00652187505131846 0.617353126722779 0.200541223412518
0.214154770289359 0.115033949410503 0.287116132401084 0.383695147899054
0.114639069547225 0.408360838121004 0.0961675800856411 0.38083251224613
0.226163015057263 0.0971015184098839 0.439944213224377 0.236791253308476
0.172305532146386 0.0410346406415531 0.283261861273891 0.50339796593817
0.334571912085295 0.104554772344976 0.254755284211625 0.306118031358104
0.190400287184517 0.15210013205531 0.338653932198595 0.318845648561577
0.308532137616287 0.163700490641799 0.423208294654713 0.104559077087201
0.122138083429956 0.209475404996904 0.0125147412942806 0.655871770278859
0.395422736513327 0.0529113540889496 0.195239508413561 0.356426400984162
0.0843428224355807 0.211532908250734 0.186183186871431 0.517941082442254
0.352376864329297 0.366957282002729 0.262876472762515 0.017789380905459
0.823087743270464 0.139802723887165 0.0217121080004015 0.0153974248419683
8.60324949581888e-05 0.638353781441082 0.311739999031605 0.0498201870323547
0.189837196569953 0.353918355419835 0.249064927817707 0.207179520192506
0.560352649441618 0.123512797305559 0.103912762167577 0.212221791085246
0.000130866563218144 0.449823009956661 0.389843055964428 0.160203067515693
0.227359570579959 0.250316223145132 0.438871337900029 0.0834528683748801
0.277525577174396 0.334118220305225 0.2389337200313 0.149422482489079
0.139316524500639 0.474321302222386 0.271063547372055 0.11529862590492
0.23741330705821 0.386932486625866 0.323177189166418 0.0524770171495064
0.0820458458258083 0.191931647251504 0.0960359571677248 0.629986549754963
0.0343297483397132 0.555943269873597 0.135967927224976 0.273759054561714
0.568404669030322 0.19871689309673 0.230487298399352 0.00239113947359623
0.0197810481533502 0.0201644015628544 0.493982889287635 0.46607166099616
0.000783109602611187 0.321218464533857 0.454882174855082 0.223116251008451
0.349313243287708 0.0734923556886838 0.184411150280778 0.392783250742831
0.667285105805165 0.0759230360169632 0.150195936813025 0.106595921364848
0.38390855754693 0.189469645363603 0.235862161507682 0.190759635581785
0.251969230609324 0.347477862551513 0.042901180645294 0.357651726193869
0.23746684110652 0.13424974768895 0.12264206461531 0.50564134658922
0.36553547873942 0.0601609052205596 0.0744463490556533 0.499857266984367
0.450623536681999 0.215650267923399 0.33371971141799 6.48397661174444e-06
0.506450568218531 0.230885980993307 0.122437363867164 0.140226086920997
0.178229275039066 0.169489909080484 0.496267490402713 0.156013325477737
0.132118001783819 0.196401143461122 0.0880623943597316 0.583418460395328
0.117145923228579 0.00124317352573205 0.455263179059226 0.426347724186463
0.284058175986887 0.00279695908967417 0.133125889504621 0.580018975418818
0.121976313378216 0.115512597792801 0.737893423948043 0.0246176648809416
0.511553364272438 0.0220999270827503 0.233280387656692 0.23306632098812
0.0736922039830046 0.209472351948365 0.317905444049789 0.398930000018842
0.181176735800475 0.770323444468278 0.0481416252898571 0.000358194441390256
0.0157285630564824 0.0355293257598533 0.101235668214175 0.847506442969489
0.160381294976287 0.0237922408537466 0.0844483458209668 0.731378118348999
0.177094699879137 0.429264641719602 0.235496434739504 0.158144223661757
0.24156078713625 0.190538069108294 0.227956872779745 0.339944270975711
0.0148604362923743 0.111357558963133 0.398890342334545 0.474891662409948
0.174962328829969 0.00297745526279581 0.612660658762949 0.209399557144286
0.238295041333229 0.0920874911530012 0.32802162747054 0.34159584004323
0.154763295431435 0.413762577831946 0.0952539958300277 0.336220130906591
0.317129095768486 0.0863209730916175 0.379271611958544 0.217278319181352
0.157616740218038 0.0489868176422508 0.273971933004318 0.519424509135393
0.365747542974196 0.0897077642410056 0.267851457575363 0.276693235209435
0.189521198354547 0.0723497951682282 0.36893348240521 0.369195524072015
0.313226400252181 0.0780359525689116 0.48056871499003 0.128168932188878
0.115180147265266 0.228685779142673 0.0138850288760932 0.642249044715968
0.389410936272369 0.0950824591038084 0.159678892237917 0.355827712385905
0.0949392870972292 0.211432191767886 0.206864185573732 0.486764335561153
0.33803740816921 0.361056851451465 0.280319232389525 0.0205865079897999
0.823087743270464 0.12311756512781 0.00588486554076533 0.0479098260609601
8.60324949581888e-05 0.652318441324723 0.32563492893726 0.0219605972430591
0.189112181002803 0.373569666584324 0.200815692016075 0.236502460396799
0.541279655410606 0.12275279771766 0.15224015121855 0.183727395653184
0.000130866563218144 0.435170251480802 0.381874814935707 0.182824067020272
0.173145793791285 0.200925805493393 0.506867704652807 0.119060696062516
0.28980006726751 0.324927876094278 0.261477223282226 0.123794833355985
0.171476948464435 0.404927067095712 0.262931209686381 0.160664774753472
0.250140362547295 0.356753418831632 0.367496475928457 0.0256097426926161
0.0317370724211225 0.191316611054963 0.131300171790746 0.645646144733169
0.0292175198786376 0.573795189228468 0.0957737609362649 0.30121352995663
0.580072631466654 0.177712724861499 0.242055742039487 0.000158901632360758
0.00294228622206491 0.000196147315639741 0.504387985594566 0.492473580867729
0.00201666119564292 0.293188597376982 0.474615560515302 0.230179180912073
0.365598984273476 0.120450210807355 0.101922466919916 0.412028337999253
0.72090907513422 0.0738087778400832 0.12992416709988 0.0753579799258171
0.385528269228199 0.188373637437214 0.199863891522252 0.226234201812335
0.225680577327807 0.316745383785509 0.0916518011261536 0.365922237760531
0.233682927003115 0.182425069505184 0.0688066954693463 0.515085308022355
0.356711377817791 0.111116205934682 0.0505163768598883 0.481656039387639
0.464143915295611 0.210079677834789 0.325769922892988 6.48397661174444e-06
0.503266247720274 0.217030262352464 0.147130273164465 0.132573216762798
0.145930688591343 0.149393614911868 0.51102329445366 0.193652402043129
0.130327364610129 0.194370816901215 0.0958004255796555 0.579501392909
0.130337170011241 0.0193010737330821 0.436022268732164 0.414339487523513
0.291222946072252 0.00463058107262488 0.107197324477196 0.596949148377928
0.120896506448296 0.133613524264907 0.73760551073712 0.00788445854967733
0.531846031903731 0.0807496884522022 0.232589368739559 0.154814910904508
0.130740112544076 0.165967121722509 0.27047757923468 0.432815186498734
0.231141964726633 0.765966545280145 0.00250536025763085 0.000386129735591854
0.0428955502553531 0.0271941048878944 0.0766467135559278 0.853263631300825
0.186997646038254 0.0072410272935863 0.0768574615654886 0.728903865102671
0.177281983022305 0.410937668066436 0.230510170468076 0.181270178443183
0.20304807332489 0.199467641647931 0.24610583747561 0.351378447551569
0.0209591811243535 0.102374406562664 0.428305247511509 0.448361164801474
0.182769789292178 0.0180615306317366 0.600357897430118 0.198810782645967
0.268500262533824 0.0861273331911837 0.319109599296158 0.326262804978834
0.19663726583221 0.400444086681088 0.0695100032033607 0.333408644283341
0.346184663669136 0.108287826020362 0.383561194982182 0.16196631532832
0.142227702957718 0.0640776724749205 0.282758772786579 0.510935851780782
0.327015010643873 0.0281178482487791 0.361702607123208 0.28316453398414
0.159824955220452 0.0507239856454169 0.421934880905265 0.367516178228865
0.336916369747352 0.0513846400416648 0.501594568751269 0.110104421459714
0.154232189036622 0.20615350881197 0.00781116621844372 0.631803135932964
0.413383913312472 0.0988830948246444 0.179463775269306 0.308269216593578
0.0959052306106673 0.21648687422035 0.220924251259503 0.466683643909479
0.370924120777371 0.365822048632142 0.259906853479993 0.00334697711049425
0.815221467698014 0.161803504967153 0.0228549265975469 0.000120100737286721
0.00343141161772392 0.670852977879666 0.32563492893726 8.06815653495996e-05
0.178378872080303 0.384694137862486 0.197014024523704 0.239912965533506
0.524848599790992 0.135860882615637 0.197136911655955 0.142153605937417
0.000130866563218144 0.482638965762952 0.349677207143958 0.167552960529873
0.153030896820949 0.235018145826547 0.535562162126273 0.076388795226231
0.310372953481869 0.347665718228944 0.213523602315935 0.128437725973252
0.164982690271602 0.436269751020307 0.256511641264829 0.142235917443263
0.248267381184319 0.303807561650884 0.441106114352115 0.00681894281268144
0.0694261196347663 0.154899483177024 0.139384652610271 0.636289744577939
0.0461573138656044 0.587557893395052 0.0626919464350632 0.303592846304281
0.585825769732226 0.174564853773495 0.238706525850252 0.000902850644027458
0.0141742312638648 0.000196147315639741 0.47588417695928 0.509745444461216
0.0050233341596086 0.289293268892041 0.503869269051572 0.201814127896778
0.370480080928047 0.176912586906435 0.0549909482823408 0.397616383883177
0.722558818179202 0.0429961607048491 0.145611967327777 0.0888330537881723
0.39609930406874 0.188905788264562 0.192293317258442 0.222701590408255
0.228846886222094 0.33160191273031 0.0916326881750314 0.347918512872564
0.215455681513281 0.202682641473434 0.0864736273038839 0.495388049709401
0.334596109602952 0.138843175400994 0.00475286856541213 0.521807846430642
0.491986512865881 0.188910574676617 0.31909642848089 6.48397661174444e-06
0.530678213158205 0.219068501265983 0.127211500033253 0.123041785542559
0.0506217644683969 0.147700738593165 0.568767758580541 0.232909738357897
0.120784375018992 0.210614078232907 0.0916516451881039 0.576949901559996
0.135747012542903 0.00969952373096537 0.472578160891395 0.381975302834736
0.274308756395497 0.000131637386139594 0.0833903630667498 0.642169243151614
0.129192685189443 0.0770333008074853 0.780387075388643 0.0133869386144289
0.552158836038759 0.0832435858993319 0.228669101682886 0.135928476379023
0.138728570106245 0.147356192362362 0.252176190514397 0.461739047016996
0.239820504213933 0.74905666320895 0.0107367028415256 0.000386129735591854
0.0358251922858567 0.0232591290579877 0.0486440305583155 0.89227164809784
