0.204087938591953 0.204818229118877 0.293988582297963 0.297105249991207
0.342494140662537 0.443869485689955 0.0753671581846578 0.138269215462851
0.120253956413395 0.19152601363839 0.418163979354779 0.270056050593436
0.189639621289816 0.311974667536276 0.179450895082202 0.318934816091705
0.0785409590156257 0.100142164204906 0.128582251582786 0.692734625196682
0.428238733744223 0.244236100641231 0.19461947655819 0.132905689056357
0.533003104464329 0.281251151735738 0.0682586857374704 0.117487058062463
0.37117233158948 0.131317838803638 0.136909879178625 0.360599950428256
0.208207211622193 0.160708555467137 0.157728869986064 0.473355362924606
0.230083490939132 0.236928670455835 0.293872864645938 0.239114973959095
0.18757799065167 0.390112235046032 0.216611127713209 0.205698646589088
0.583530548819214 0.138829302777712 0.0948073099368203 0.182832838466254
0.198490575928743 0.383419368437999 0.226331143616203 0.191758912017054
0.275422565141703 0.231432920310257 0.134496342399023 0.358648172149016
0.196497563908948 0.350124012457173 0.147565328943818 0.30581309469006
0.31316500241567 0.433784556454976 0.136232689735145 0.116817751394209
0.147251041736204 0.257846514287902 0.22215964168236 0.372742802293534
0.435155083449928 0.238527047601264 0.192637901054603 0.133679967894206
0.118802279480365 0.105926086411874 0.394075585130415 0.381196048977347
0.108078338692726 0.220554824160052 0.531148515895506 0.140218321251716
0.159800985522943 0.39646288413876 0.305989977622996 0.137746152715301
0.308501738152941 0.132313075537095 0.243558683785924 0.315626502524041
0.118082333248871 0.346572527344558 0.279097262103678 0.256247877302894
0.0380745489082582 0.176734147094623 0.211088607953675 0.574102696043444
0.325703019223718 0.363138469202865 0.15529246642902 0.155866045144397
0.302624208291795 0.134403226170127 0.365580057718093 0.197392507819984
0.36305618114003 0.0950551266032254 0.34338094745538 0.198507744801364
0.0430210258381105 0.355304717711167 0.294209804392037 0.307464452058686
0.254581592747349 0.138652289768091 0.35518545156582 0.25158066591874
0.283128631325627 0.359344384278253 0.223335867898396 0.134191116497724
0.302601452332532 0.15833132783714 0.186269866475751 0.352797353354576
0.37043911165711 0.291567995091876 0.0591411112822229 0.278851781968791
0.341477270757299 0.186840519989647 0.310666785964953 0.1610154232881
0.124909490711769 0.511082959379467 0.126811528146017 0.237196021762746
0.222180172030158 0.531922762581331 0.193594503300898 0.0523025620876132
0.0858893889761888 0.153194057739139 0.303493283582072 0.4574232697026
0.531485929715206 0.224812644129903 0.192465579258595 0.0512358468962956
0.116398012737253 0.349048286406418 0.109058027152993 0.425495673703335
0.310309074355212 0.293603407207406 0.186002083681328 0.210085434756054
0.209681098126005 0.118070602792899 0.121632291598032 0.550616007483064
0.433195839094088 0.224159303736205 0.180385829126752 0.162259028042955
0.23297909917965 0.194624686751112 0.398532865782838 0.1738633482864
0.380602726850405 0.161532987375085 0.434718964380411 0.0231453213940982
0.0435285056389384 0.331068669723527 0.366992776689273 0.258410047948262
0.196646005324028 0.284413614897307 0.171376537058919 0.347563842719746
0.285220888608154 0.166768966859528 0.33028423538943 0.217725909142887
0.0652566188356491 0.302795063115931 0.304854612410119 0.3270937056383
0.2408296068107 0.171396720476963 0.312631150560257 0.27514252215208
0.329194297767761 0.464001032984977 0.0894446799579458 0.117359989289316
0.112427128161104 0.187980902959857 0.417418541752034 0.282173427127005
0.151833162489484 0.304882524639549 0.17523234744812 0.368051965422847
0.0495929203679759 0.082811605525374 0.158567776832289 0.709027697274361
0.383140014912208 0.23479352450386 0.189326199192336 0.192740261391596
0.53661163643486 0.271179576606333 0.0672080059559963 0.125000781002811
0.34642048031252 0.177647065183387 0.114985547976453 0.360946906527639
0.196722883343154 0.137609790054558 0.166546087339563 0.499121239262725
0.194411881211699 0.268262660914933 0.232126048518377 0.305199409354991
0.169360431591821 0.409673093804664 0.174184940959772 0.246781533643742
0.581820417730011 0.135928716826428 0.0714436960989561 0.210807169344605
0.225153167884135 0.37771515017822 0.210208236547856 0.18692344538979
0.280165893151202 0.224111784360216 0.186426718529645 0.309295603958937
0.206773945161282 0.335228182898801 0.174938221558039 0.283059650381878
0.362376653682921 0.423605905760542 0.112885222021389 0.101132218535148
0.156600968268217 0.194725226285899 0.245760528572559 0.402913276873325
0.378205367673792 0.242968886336047 0.162932905834076 0.215892840156086
0.159179910897142 0.109403798457298 0.352232741078407 0.379183549567153
0.136247522748604 0.235676422987006 0.466569599600075 0.161506454664315
0.130667499456231 0.411917962582971 0.256215027549662 0.201199510411136
0.313103071699393 0.165253990502097 0.19550898040001 0.3261339573985
0.0965308393384966 0.363583847865681 0.26680942813713 0.273075884658692
0.0723005152880032 0.126279034042466 0.23271756277983 0.568702887889701
0.362271474976868 0.276642860284962 0.185253599537029 0.175832065201142
0.334186965597596 0.0801910586544749 0.412095632280457 0.173526343467472
0.388570820844518 0.0824619494560157 0.306535466018914 0.222431763680553
0.0627209065284244 0.332219484694995 0.329800715769258 0.275258893007323
0.286420313999629 0.0982475605489376 0.347893682195616 0.267438443255818
0.298682850885626 0.356719295174432 0.254438976349166 0.0901588775907764
0.302064975127654 0.191668532670655 0.159972469309261 0.34629402289243
0.336231192504424 0.332468295098491 0.0235559413165887 0.307744571080497
0.365922944190665 0.187500193743773 0.337570848577401 0.109006013488161
0.128513389841436 0.555307676766 0.15788969236145 0.158289241031115
0.198317962329412 0.562279308525563 0.219570252651516 0.0198324764935085
0.0962300243615531 0.15407987605574 0.313055133532187 0.43663496605052
0.576667116410324 0.206456687712395 0.193848967056573 0.0230272288207088
0.142954575264802 0.34874713583044 0.0900006658428781 0.418297623061881
0.307996095509191 0.330886778206327 0.168584106809962 0.19253301947452
0.215252459989991 0.0689717483798754 0.117485686479156 0.598290105150978
0.464669394509957 0.220820967245644 0.151310748731774 0.163198889512625
0.247134113801442 0.205705360396595 0.361075523366091 0.186085002435871
0.333574496975847 0.219888343551702 0.395952999810655 0.0505841596617971
0.0621501203132775 0.383498200603708 0.355045694537381 0.199305984545633
0.17444476902735 0.26976364566271 0.193732803959816 0.362058781350124
0.299418581954222 0.117996426712345 0.321098544968285 0.261486446365148
0.0744391859035591 0.329242113808445 0.320680379672259 0.275638320615736
0.245463596851448 0.153915821019377 0.311499482152787 0.289121099976389
0.322370624400727 0.517953726557478 0.0273046280188868 0.132371021022909
0.0628522865381424 0.262224456024155 0.402656081689986 0.272267175747717
0.148714650338652 0.329976970993164 0.125233057115922 0.396075321552262
0.0952448389943663 0.104542241946499 0.107601333291761 0.692611585767373
0.361819534932004 0.198866466178245 0.194651996089859 0.244662002799892
0.516738236536217 0.285236682578066 0.0347725171852804 0.163252563700436
0.341269191652976 0.173811045729794 0.15708401847433 0.3278357441429
0.181992116950841 0.149773770202592 0.148280486150222 0.519953626696345
0.20536917766628 0.268262660914933 0.225618343098587 0.300749818320201
0.191418939659678 0.386898802283028 0.160861744790551 0.260820513266743
0.544318055645668 0.145081227920426 0.0805316713930525 0.230069045040853
0.264453452785536 0.374936486296165 0.160495310206402 0.200114750711897
0.243307812218332 0.227128030633398 0.228002542923303 0.301561614224968
0.210390729976958 0.289164260663757 0.176499475081726 0.323945534277558
0.402063164668405 0.432370262071254 0.0592941755041396 0.106272397756201
0.152390433232981 0.211961901410049 0.220738801212706 0.414908864144264
0.391966001143584 0.226010170936087 0.159305559453695 0.222718268466635
0.178199081689449 0.0827059101330277 0.368778085007145 0.370316923170378
0.132867538682481 0.249998421051413 0.471339474621959 0.145794565644148
0.107496052884871 0.387244818535124 0.284317611016924 0.22094151756308
0.301598541625085 0.162288817522349 0.21949488739887 0.316617753453696
0.0992439918835352 0.33350200105038 0.316993397535625 0.25026060953046
0.0117744328561056 0.12025205991996 0.328806243317481 0.539167263906454
0.413346534303699 0.337736058880297 0.118027723651104 0.130889683164899
0.308697796773899 0.106844703382251 0.42596150368196 0.15849599616189
0.408554961696984 0.132668288588289 0.28799332348056 0.170783426234167
0.0800893961312379 0.337916019398015 0.338440513855628 0.24355407061512
0.260190847699637 0.148247841191354 0.340601004558892 0.250960306550118
0.322763598676493 0.372385042260018 0.228112785273089 0.0767385737904003
0.243843392501662 0.19782051023626 0.224569855134152 0.333766242127926
0.300265457958817 0.331116852753306 0.0357749725822927 0.332842716705585
0.3867273090768 0.183135207817696 0.319838422513079 0.110299060592425
0.174094866592685 0.525510614913122 0.124116279456748 0.176278239037445
0.156428254416488 0.550470686746945 0.236407053304771 0.0566940055317962
0.100312931888307 0.134437545914235 0.34519476514907 0.420054757048389
0.536875456021159 0.225106583259818 0.19042754256431 0.047590418154712
0.168297497800294 0.33435384550607 0.124189218579183 0.373159438114453
0.277883579251978 0.402155279216817 0.141063727345122 0.178897414186083
0.234920936005786 0.0517183508524918 0.0808863822722535 0.632474330869469
0.481336254486206 0.241156720693952 0.142795378531153 0.134711646288689
0.280333245901423 0.213306796368041 0.346474894303467 0.159885063427069
0.351929544573862 0.198656901228514 0.395006696225576 0.0544068579720475
0.0281697753265016 0.347446079218708 0.392918075160975 0.231466070293816
0.138075705781985 0.316353115898341 0.167080879891242 0.378490298428432
0.360693320261333 0.10211679236949 0.293967514143318 0.243222373225859
0.0743718825854944 0.28392494153189 0.361306106231924 0.280397069650691
0.318788522530928 0.137704617731555 0.297938678405982 0.245568181331535
0.292515943628321 0.474658813474396 0.0751756752947261 0.157649567602556
0.0800664549891703 0.28952906296708 0.359442807307699 0.270961674736051
0.130678255376543 0.366293299011602 0.114485993618375 0.38854245199348
0.0628981494388052 0.0838223521739092 0.0715749873358545 0.781704511051431
0.34728879194285 0.229843208899641 0.189830868483303 0.233037130674207
0.44549243246223 0.332024093290634 0.0501986136509518 0.172284860596184
0.371410898231409 0.137796668590285 0.116696122637136 0.374096310541169
0.20373725852316 0.140106794457825 0.13310441283979 0.523051534179224
0.183591405333272 0.25491231934693 0.223010024867518 0.338486250452279
0.134297106472849 0.36359781725732 0.214817757224178 0.287287319045653
0.559576264639724 0.187754240447365 0.0505975543638643 0.202071940549047
0.290321990726086 0.322523145120168 0.157947648746863 0.229207215406883
0.290709474866522 0.213002420519555 0.191182084238488 0.305106020375435
0.216610930646444 0.322379709884491 0.197055750593352 0.263953608875713
0.422490737599335 0.459439181294056 0.0661658643531994 0.051904216753409
0.156046496886743 0.166867130291447 0.248459298732182 0.428627074089628
0.440874672705678 0.171014706757586 0.18439576369701 0.203714856839726
0.242288616901128 0.0180584408534386 0.368778085007145 0.370874857238289
0.13798038944748 0.218411710908975 0.490386727019245 0.1532211726243
0.118892462095155 0.417064165359785 0.271558677136092 0.192484695408968
0.310272415366731 0.171115819799015 0.192152085607487 0.326459679226767
0.126291480000194 0.292181358052637 0.344193076898445 0.237334085048723
0.0239601759987235 0.139177960380414 0.292347812942276 0.544514050678588
0.430458104458947 0.32777909090412 0.136558794504455 0.105204010132478
0.290775231456187 0.128664205503321 0.411769953525859 0.168790609514633
0.395494832554152 0.11698712923168 0.299625771018991 0.187892267195176
0.123663299109334 0.325016232582036 0.348891983239761 0.202428485068869
0.278946342310742 0.120250330992152 0.295120677972489 0.305682648724618
0.332607773517912 0.354432042164578 0.282523966533455 0.0304362177840555
0.261384838473827 0.201314184469583 0.184338771608574 0.352962205448016
0.312112519838051 0.296417602827981 0.000580867410461389 0.390889009923507
0.356401957700713 0.172345773758872 0.336350902838844 0.134901365701572
0.205166153311046 0.546000380244271 0.114581653398445 0.134251813046238
0.146697270995747 0.575684596437446 0.275632106608879 0.00198602595792803
0.121907356463176 0.107278480027136 0.409626549526736 0.361187613982953
0.558380665801457 0.26180479624081 0.157618792982856 0.0221957449748769
0.159713539242719 0.308108238733934 0.145758733907339 0.386419488116008
0.318905601110931 0.402313327486622 0.130058349220585 0.148722722181863
0.241189327176092 0.0261285013203756 0.195082532789345 0.537599638714188
0.488163548713174 0.24229867785264 0.190652727623527 0.0788850458106586
0.263614129526107 0.220354970501566 0.344467214161634 0.171563685810693
0.389760711618213 0.172592151753179 0.405613315446502 0.0320338211821068
0.0463399227738827 0.372489932591043 0.318159025819892 0.263011118815182
0.154235912750182 0.331288572004082 0.115852595590937 0.398622919654799
0.2857260383859 0.117595334478976 0.304122971436467 0.292555655698657
0.048359313606436 0.357149774586591 0.31807989748456 0.276411014322413
0.315350231932359 0.078370145444109 0.349652808780585 0.256626813842947
0.287577345948019 0.4554856359157 0.0810010829697279 0.175935935166553
0.127340510006794 0.261018861617226 0.338026455124839 0.273614173251141
0.167530511591022 0.334070183691517 0.12570955141354 0.372689753303921
0.0428855987134364 0.130949660166105 0.0750855775943746 0.751079163526084
0.343806151443135 0.228530174832943 0.168944515411757 0.258719158312165
0.442048931271016 0.321229650922428 0.0248778331175859 0.21184358468897
0.338725513564862 0.219320042883751 0.0871263560365202 0.354828087514867
0.199762613229377 0.102311993586773 0.121699447929902 0.576225945253948
0.11542725216902 0.2256109438179 0.284961718236128 0.374000085776952
0.174782512901192 0.299328750096535 0.219791659195422 0.306097077806852
0.556348855187058 0.166412673292624 0.0391016980110153 0.238136773509302
0.268131536525477 0.322802771288944 0.142344510065828 0.266721182119751
0.320045292607752 0.180135215091363 0.166138344633026 0.33368114766786
0.216549143674225 0.340325462916599 0.190397206882988 0.252728186526187
0.406711803604165 0.433911532771072 0.0776443475702693 0.0817323160544938
0.134753701250051 0.197691024043396 0.217140789729733 0.450414484976819
0.464719349601211 0.16444930796485 0.194846193765896 0.175985148668043
0.23123569706418 0.0441118426172224 0.355840917766838 0.368811542551759
0.137343685501551 0.220736270943297 0.488034666175986 0.153885377379167
0.0700476492090638 0.424457027484619 0.303572548348349 0.201922774957968
0.350870975770763 0.168008990467061 0.157441565107402 0.323678468654774
0.1137342351522 0.344690322174444 0.319654726240187 0.221920716433169
0.0369971862577185 0.127826314869537 0.289445566035388 0.545730932837357
0.419699881796103 0.300951338238271 0.20914626496444 0.0702025150011864
0.273268136467354 0.130724605580929 0.430445387236309 0.165561870715408
0.383715982148908 0.13548802649672 0.298729367115384 0.182066624238988
0.126932594759868 0.266540943856578 0.358189274039202 0.248337187344351
0.277357540195449 0.144916496046229 0.266392742496726 0.311333221261597
0.333575245989442 0.38957473901132 0.250007842177848 0.0268421728213905
0.269190675035428 0.139332361436163 0.227747872901065 0.363729090627344
0.324469445675281 0.298111078668129 0.000580867410461389 0.376838608246129
0.38015299111254 0.144501219113164 0.377640010677955 0.0977057790963412
0.205418063343285 0.510951628082597 0.132480331357319 0.151149977216799
0.148046462706799 0.577322543950237 0.267710767450677 0.00692022589228767
0.18776438689119 0.105887712103114 0.394281092150057 0.31206680885564
0.518056861115844 0.287522047173749 0.169291580298767 0.02512951141164
0.177546051267044 0.27241252971939 0.123913035562352 0.426128383451214
0.345669643920304 0.399790331465187 0.0891430223184074 0.165397002296102
0.224883321327055 0.00180748969188564 0.190864104515892 0.582445084465167
0.529158893750838 0.272442595629518 0.126167138761664 0.0722313718579804
0.275138299720859 0.23751640823676 0.33962837128631 0.147716920756071
0.401074829200728 0.202959749941056 0.395566221167067 0.000399199691149606
0.0836196899560727 0.376677853303909 0.264639770163609 0.275062686576409
0.181269847789254 0.344803622474678 0.0557527785992225 0.418173751136846
0.287508613641392 0.118092200578978 0.26881127895484 0.32558790682479
0.05254031647268 0.402480251853862 0.32332622712972 0.221653204543737
0.347447679689037 0.026223733716228 0.366898138260505 0.259430448334231
0.309489823619886 0.463537917671654 0.0349145833799997 0.19205767532846
0.137253721316844 0.261003142457953 0.314164210697402 0.287578925527802
0.159445801625398 0.357506219797949 0.0881617237967406 0.394886254779913
0.0066153915525854 0.124868725423174 0.0788550580605188 0.789660824963722
0.332255676880453 0.231193236542552 0.189226129483912 0.247324957093083
0.443996471682509 0.260044594276074 0.0466051513411517 0.249353782700266
0.283163167805617 0.249769040166406 0.0658753015616691 0.401192490466307
0.169049615764215 0.120220519472787 0.141415887029186 0.569313977733812
0.116517298565732 0.197495239849103 0.273474150013909 0.412513311571256
0.201378375535904 0.275797014285851 0.216390143172562 0.306434467005682
0.564236671482319 0.142672159390467 0.0190017365327522 0.274089432594462
0.269494925795159 0.301190105178203 0.141639223490579 0.287675745536059
0.324937744308041 0.204103869892501 0.12371147308392 0.347246912715538
0.239025770583563 0.359342098497519 0.142424166595373 0.259207964323545
0.418165808968959 0.446566820629869 0.0505618767716372 0.0847054936295344
0.170180131188576 0.148588556413105 0.20869456295432 0.472536749443999
0.404935925303863 0.231018006332187 0.199656592920563 0.164389475443387
0.26146954128249 0.0375802294309878 0.359754398066363 0.341195831220159
0.160260850497584 0.218587702086068 0.44934113180268 0.171810315613668
0.0670358600943836 0.456618029252583 0.279392674721204 0.19695343593183
0.295010625681848 0.202459990481148 0.159740448927588 0.342788934909416
0.154337761158653 0.326425061936477 0.260357551064444 0.258879625840427
0.0664237744805686 0.127826314869537 0.306605350940767 0.499144559709127
0.42927316357366 0.309792820776535 0.196240738634444 0.0646932770153612
0.288149707366515 0.125908285548814 0.424599753225689 0.161342253858982
0.362298610103801 0.13557344631478 0.284524436589645 0.217603506991773
0.157896451998981 0.241819398677669 0.376078202046071 0.224205947277279
0.269449881362602 0.167438780934193 0.244516135010679 0.318595202692526
0.332697481313908 0.397763037740103 0.233077352871743 0.0364621280742465
0.319887450113969 0.16284970611282 0.171177089044042 0.34608575472917
0.326273549703551 0.324965254730753 0.00185075714980342 0.346910438415893
0.385791088868849 0.120696782314491 0.401712305569767 0.091799823246893
0.203216866128395 0.536208256375443 0.136140744427202 0.124434133068961
0.128183509872571 0.61349236727338 0.232437125119083 0.0258869977349667
0.180045929923922 0.118562371238632 0.34312509138618 0.358266607451266
0.513325813473427 0.291990728377183 0.156073888890995 0.0386095692583948
0.192185741401253 0.293447935974786 0.157860125185313 0.356506197438648
0.386132016447994 0.408500638819528 0.0857886949202879 0.11957864981219
0.209778569904286 0.0225437370162704 0.244024789438369 0.523652903641074
0.496090973767542 0.26959408432388 0.135128676218736 0.0991862656898425
0.267978009919901 0.23751640823676 0.353120422402501 0.141385159440839
0.419774639557794 0.244300784869392 0.335525375881664 0.000399199691149606
0.0803863746901024 0.360826116140879 0.294115816399841 0.264671692769177
0.127383758932292 0.391084253373805 0.0618248729954449 0.419707114698458
0.366202340113949 0.110268408025005 0.206903822343324 0.316625429517722
0.0217913856489236 0.442627289541574 0.333422776884683 0.20215854792482
0.346777294235187 0.00162120503727618 0.404664912497894 0.246936588229644
0.339638736487185 0.446460751596767 0.0417908971187574 0.172109614797291
0.225641842578804 0.198484598067621 0.252646038458681 0.323227520894894
0.16160030652899 0.351730682537607 0.0753594621238265 0.411309548809577
0.00492840555812907 0.168314911381047 0.0347681818283418 0.791988501232482
0.309032607523698 0.259826396046358 0.191454650079148 0.239686346350796
0.433742508138708 0.221216441601824 0.0306630115805606 0.314378038678908
0.330742353446988 0.216436088659807 0.0327067895900706 0.420114768303135
0.169754774154553 0.117527718811471 0.131922140810681 0.580795366223295
0.103814697308253 0.244789268377371 0.239007161548626 0.412388872765751
0.165333658788194 0.322797679724678 0.224673015205868 0.28719564628126
0.584081949059725 0.109750928417024 0.0019125005638644 0.304254621959387
0.276330552256702 0.320263493717458 0.133250510814337 0.270155443211503
0.318339193132484 0.207761132123491 0.12405906169103 0.349840613052995
0.222421007680847 0.37675540955338 0.172874583580341 0.227948999185432
0.408069664764233 0.504159833498762 0.0216928494473835 0.0660776522896222
0.171417323408864 0.150474491879376 0.239091696099335 0.439016488612425
0.44144000063664 0.244777348732777 0.124533675081237 0.189248975549346
0.232660570410876 0.0713144926604045 0.352009803990879 0.344015132937841
0.191177667966408 0.184256174535829 0.419949897422952 0.20461626007481
0.118362713236038 0.468430199096634 0.193786035197446 0.219421052469881
0.293199237453759 0.208408322974574 0.154899733861058 0.343492705710609
0.163140910209453 0.282447019780972 0.247190999050726 0.307221070958848
0.0259649192264587 0.137153015118758 0.301416789907776 0.535465275747008
0.440733916032903 0.314749011303253 0.195921427489449 0.0485956451743946
0.331362196760287 0.103552111931515 0.36850927434722 0.196576416960977
0.370777482348979 0.130553156306965 0.301073948728236 0.19759541261582
0.187373504476868 0.287905034768389 0.353737380425761 0.170984080328982
0.291215059955944 0.174335264355053 0.216163406629392 0.318286269059612
0.340635348613096 0.345596093940864 0.275613926292254 0.0381546311537856
0.349180244221428 0.102764496409281 0.209849536592057 0.338205722777234
0.315470893035312 0.361190790038066 0.000363285776982986 0.322975031149639
0.421604601038838 0.103078864403807 0.366583022579529 0.108733511977826
0.21439581292031 0.528782256431344 0.138761891946878 0.118060038701468
0.110315023691902 0.630441474474452 0.256462456952482 0.00278104488116409
0.202209990262323 0.135901135789728 0.320450686020929 0.341438187927021
0.489751929635174 0.363139789199974 0.140982357248748 0.00612592391610443
0.114013978291976 0.3230335357402 0.181982034995078 0.380970450972745
0.413247167181147 0.423741129349214 0.0855452165878746 0.0774664868817651
0.158255530222217 0.0408426911080037 0.258285839896668 0.542615938773111
0.50317961353515 0.287937442030788 0.165395974830315 0.0434869696037472
0.255616209342409 0.229181895268911 0.411149581229185 0.104052314159495
0.373748924033929 0.267445632955332 0.35840624331959 0.000399199691149606
0.108499553441767 0.399570824361354 0.255890391266126 0.236039230930753
0.142341807177463 0.348215218702348 0.0939397840515685 0.415503190068621
0.337093437377615 0.113666706159567 0.206023588196135 0.343216268266684
0.054546975308715 0.484020229358734 0.336481738809081 0.12495105652347
0.326339119779993 0.0265990444378023 0.409640637736804 0.237421198045402
0.303991304324525 0.450654779143095 0.0791323198577305 0.166221596674649
0.246042507196577 0.183305815242961 0.25944671201147 0.311204965548992
0.117750912058537 0.3809185659219 0.109550857658262 0.391779664361302
0.00660813483260315 0.131271785226589 0.0333415674614043 0.828778512479404
0.281301939856933 0.311075692567195 0.136626777526006 0.270995590049866
0.387136943595429 0.255174091538025 0.0414303461754176 0.316258618691129
0.379849136989072 0.187917304351699 0.0314686144810418 0.400764944178187
0.120127601271651 0.116368506911386 0.176456906029531 0.587046985787432
0.100927608508637 0.24698238670071 0.24944721500765 0.402642789783004
0.150270442745722 0.32025282999202 0.251387035567992 0.278089691694266
0.566819460566727 0.0832157741607523 0.0371671644098543 0.312797600862666
0.290775861510345 0.28131214564065 0.121248320064711 0.306663672784294
0.313870716965535 0.196100647421631 0.164050753399595 0.325977882213239
0.261669866847248 0.364999829796808 0.123295206241818 0.250035097114127
0.429545958835413 0.488797067794713 0.00187108540757646 0.0797858879622973
0.198900429598038 0.119364721328983 0.217563403419176 0.464171445653802
0.457525176754126 0.267258805638147 0.112033812026401 0.163182205581326
0.248265119766215 0.0353260577498631 0.376803659004438 0.339605163479484
0.188783150350505 0.165725296669978 0.404227099978629 0.241264453000887
0.0876592328456718 0.47220972405719 0.221473953912393 0.218657089184746
0.330265714752263 0.221379454536364 0.147103451842523 0.30125137886885
0.228800391944654 0.329272628904307 0.174558068564729 0.26736891058631
0.060362383582611 0.0976628643246042 0.274751584876608 0.567223167216177
0.441507465496969 0.314668757287042 0.223141367157879 0.0206824100581102
0.343350781236345 0.133117092017221 0.380987002117094 0.142545124629339
0.3692637238668 0.13723860820825 0.270200308206341 0.223297359718609
0.181012464725658 0.31321685994835 0.351774841157337 0.153995834168655
0.274173461363757 0.189930203549905 0.225396856587657 0.310499478498681
0.396754761972653 0.343980500824134 0.235833752998706 0.0234309842045074
0.377998995767051 0.119918493901559 0.134682948280507 0.367399562050882
0.296210131131015 0.351663043240527 0.0114369101080214 0.340689915520437
0.423509299773708 0.0712041370682812 0.44408488016294 0.0612016829950703
0.218761942062309 0.516858705616954 0.179882462757623 0.0844968895631141
0.126890937649688 0.60666335338256 0.251201477434421 0.0152442315333309
0.250827256497264 0.116091588239916 0.358755154835679 0.274326000427142
0.498262108224669 0.349591568826051 0.146020399033176 0.00612592391610443
0.130663706595286 0.324603790834175 0.18112793685598 0.363604565714559
0.387113930222734 0.473325712123182 0.0505304264368392 0.0890299312172444
0.183756793823689 0.0733481309759677 0.249623685429358 0.493271389770986
0.510605916083415 0.31256321558988 0.174187821926606 0.00264304640010011
0.232895925601045 0.247517912983957 0.379937513764819 0.139648647650179
0.318953678696629 0.324917751137673 0.355729370474549 0.000399199691149606
0.13516667245142 0.400644646734645 0.258230822859019 0.205957857954916
0.150943647140111 0.357212820153467 0.0956987730448109 0.396144759661611
0.30082268913581 0.142313649045392 0.208915092611445 0.347948569207352
0.0239606451351779 0.473410224774429 0.326234566376362 0.176394563714031
0.281199608285794 0.0713338048814823 0.372621048612556 0.274845538220168
0.224622189164446 0.40802849339221 0.157754921324217 0.209594396119127
0.203773620511671 0.215515427014356 0.30736956689367 0.273341385580303
0.155146169217906 0.367854022991094 0.0886256154954866 0.388374192295514
0.000635834508246967 0.147027777434731 0.00301281286964878 0.849323575187374
0.293273170277683 0.320740565507825 0.12046516957508 0.265521094639412
0.392110689698198 0.224944115405047 0.0413066040224808 0.341638590874274
0.392052135752022 0.171125454937114 0.0132618839262302 0.423560525384634
0.163398835938114 0.0676321882856435 0.142342413950288 0.626626561825954
0.119517909166889 0.167306050045316 0.28083581144133 0.432340229346465
0.149673809378481 0.324168376651866 0.197458577767926 0.328699236201727
0.518638608394064 0.107877748455329 0.0555422792212058 0.317941363929401
0.280301363516635 0.291611043152908 0.0779797736666799 0.350107819663777
0.386563005266722 0.188858959311696 0.126139414266316 0.298438621155266
0.315804383655219 0.350251630221693 0.133057058791672 0.200886927331416
0.423366013204694 0.454091772642915 0.0036734863961031 0.118868727756289
0.154574954814493 0.148284324434152 0.241241544087375 0.455899176663981
0.412722801307819 0.300933088463233 0.138856256531925 0.147487853697022
0.247765461019803 0.0833810408441977 0.336106774318543 0.332746723817456
0.178581077056301 0.166797046256823 0.432621987708876 0.221999888978
0.134011945614966 0.470147644385885 0.180806442756331 0.215033967242818
0.281966101454113 0.245773033993319 0.13409988375901 0.338160980793558
0.259190575746883 0.299958438487244 0.215250088597749 0.225600897168124
0.0253057446030252 0.075568779647085 0.330825590032432 0.568299885717458
0.448189733683674 0.359434989099579 0.187310570269548 0.00506470694719926
0.37724314185119 0.103748541692641 0.37909532511118 0.139912991344989
0.425049430296542 0.0987992158224789 0.261205839980476 0.214945513900503
0.222688998925745 0.248105729809956 0.366383127891774 0.162822143372524
0.265392906635175 0.231218513257212 0.183449805711905 0.319938774395708
0.384336473165268 0.357719865901478 0.192856824071469 0.0650868368617846
0.36323767188362 0.094779702012374 0.163124240479348 0.378858385624658
0.297672944207811 0.345301017265277 0.0355034827676704 0.321522555759242
0.406973317383076 0.0464559120645675 0.443353646900017 0.103217123652339
0.194286560888185 0.560394579603502 0.1412297692017 0.104089090306614
0.148992102613948 0.591111101311349 0.250912891698005 0.00898390437669773
0.233204198588187 0.0939528165574038 0.389905994278531 0.282936990575878
0.474124795457107 0.368330422448977 0.157276826962214 0.000267955131701378
0.0773280805444561 0.368050121298388 0.21442741079684 0.340194387360316
0.345146322642143 0.484340251365206 0.0664717195087946 0.104041706483856
0.203364193949513 0.0439678414351088 0.249022822216172 0.503645142399206
0.503412748779493 0.355118249401248 0.129123517402039 0.0123454844172207
0.251708323253118 0.273232616627419 0.386497526230162 0.088561533889302
0.283231161713114 0.338783024158602 0.359247474113911 0.0187383400143732
0.124381700161144 0.357939825350832 0.307398074661301 0.210280399826722
0.140743939236445 0.400307696428166 0.0976763215136689 0.36127204282172
0.291920654809354 0.10885021492126 0.231953224739285 0.367275905530101
0.00490541736866594 0.528456548199333 0.305680532080871 0.160957502351131
0.251489511670194 0.0789311804029186 0.36277046882714 0.306808839099747
0.26481171248998 0.413330764615837 0.135003512683456 0.186854010210727
0.192360757148159 0.204508748891562 0.301472978275035 0.301657515685243
0.105184885222834 0.341184914868506 0.101606750305739 0.452023449602921
0.0143874309301816 0.188303059993948 0.00524686926955111 0.792062639806319
0.246302709463492 0.338342756744626 0.15886602137053 0.256488512421352
0.350470695479485 0.248678622794646 0.0492280235712829 0.351622658154585
0.405102012517603 0.124984457668156 0.0170754202749828 0.452838109539258
0.195191661881672 0.0479087947911474 0.15779606830915 0.599103475018031
0.106454164507586 0.210761012758029 0.29109163861981 0.391693184114575
0.112126141774542 0.315402009249007 0.18018324934014 0.392288599636312
0.515638382597932 0.0890206621393452 0.044040261989082 0.35130069327364
0.339906753251132 0.270632461899468 0.0299656522397121 0.359495132609687
0.346672336853585 0.247052639460966 0.13754928828809 0.268725735397358
0.374338955509617 0.332289752922453 0.129534821052146 0.163836470515784
0.448201534868466 0.443489507913819 0.000615326002837095 0.107693631214878
0.10695823311315 0.180921554065807 0.245194426031507 0.466925786789535
0.43737199426526 0.293541306736614 0.145564768399253 0.123521930598874
0.303894921894748 0.0515284409239584 0.358332856153649 0.286243781027645
0.161433827170699 0.194449559364574 0.414533077928968 0.229583535535759
0.135153497712363 0.439234636823836 0.204270327322776 0.221341538141025
0.301320355531302 0.248905888313893 0.0939776720868769 0.355796084067928
0.267181797852803 0.260264948088895 0.230279937750528 0.242273316307773
0.0166213408917938 0.0492724719766668 0.351781076034345 0.582325111097195
0.438931680138765 0.334761603402627 0.221242009511408 0.00506470694719926
0.407834437312826 0.0980562165036303 0.394045960244025 0.100063385939518
0.400205634885254 0.110756610177456 0.268270653338487 0.220767101598804
0.22764901630931 0.266519234145287 0.378200215177228 0.127631534368176
0.222220130110732 0.232812364305012 0.210909845962931 0.334057659621325
0.46994300240297 0.324064961844439 0.158562445779654 0.0474295899729366
0.355316381939996 0.098859980008046 0.153456861244896 0.392366776807062
0.285487596056559 0.331842631003795 0.0511007610024521 0.331569011937194
0.426003963990355 0.0689616236132964 0.442694133234421 0.0623402791619268
0.210045233599857 0.631413128413891 0.0732217682974711 0.0853198696887816
0.123854808006246 0.598691078900543 0.245184990405738 0.032269122687473
0.238559831667494 0.0344240114514568 0.401591960478261 0.325424196402788
0.46705877981986 0.353371084450097 0.179302180598341 0.000267955131701378
0.0832853668255017 0.395939913197748 0.199625905361815 0.321148814614935
0.365731581866897 0.531937248486788 0.000881551252481979 0.101449618393833
0.15891451900023 0.093676562331269 0.224181932886383 0.523226985782117
0.462011840071619 0.386853986318719 0.143533897588784 0.00760027602087718
0.263533524890229 0.255430710621939 0.332298215494595 0.148737548993236
0.281226074873915 0.325816451187984 0.380591853705667 0.0123656202324342
0.103887374713782 0.426949206167547 0.258858407335043 0.210305011783628
0.138733091538479 0.408224478607548 0.112861586931345 0.340180842922627
0.286702196389223 0.116505396133145 0.211565019622671 0.385227387854962
0.00906089129779734 0.509141623356422 0.314266846645907 0.167530638699874
0.173076779351219 0.134923628488372 0.373674408979052 0.318325183181357
0.315839644979504 0.423418062449362 0.0545541450894819 0.206188147481652
0.219005067625582 0.196212423502033 0.298377090132328 0.286405418740056
0.101701345036409 0.388698233785988 0.086262906689892 0.423337514487712
0.00951785228531551 0.14367587591655 0.00612127987996428 0.840684991918171
0.280714071189726 0.363286296547543 0.0981558177927656 0.257843814469966
0.373206726412933 0.213226747481927 0.0409250573337491 0.372641468771392
0.414637146472672 0.0948992810195839 0.0109422462926029 0.479521326215142
0.142900882715748 0.0888343700251433 0.158977485424881 0.609287261834227
0.125003114658893 0.222656723244016 0.296657287064273 0.355682875032817
0.0851176395717347 0.341989564404863 0.18113759413895 0.391755201884451
0.514687626586634 0.0867639352408594 0.0494326634973705 0.349115774675136
0.301180534018938 0.283369847519599 0.050566265795583 0.36488335266588
0.409350222201097 0.273945346922923 0.0853974107153299 0.23130702016065
0.34701716164304 0.373668684862288 0.125742753056619 0.153571400438054
0.378907171608196 0.526641251998717 0.000615326002837095 0.0938362503902491
0.0992324515033804 0.194642362808608 0.218365658451062 0.48775952723695
0.420923043125214 0.293590661821389 0.135497817181657 0.14998847787174
0.304421138928369 0.0523384391521731 0.403878671632194 0.239361750287264
0.14593455433293 0.153601103390673 0.433622475670449 0.266841866605948
0.112801731567506 0.445557816042289 0.243819530592192 0.197820921798013
0.260634546762108 0.328420372153632 0.0879494448989509 0.322995636185309
0.267181797852803 0.298736933051129 0.174354445448479 0.259726823647588
0.0227626255529285 0.0664159810130625 0.351005737051414 0.559815656382595
0.424098202562735 0.331998753959966 0.228931736021261 0.0149713074560382
0.43138426533927 0.1072764418676 0.410870122972178 0.0504691698209515
0.37979484098197 0.117721278122159 0.26812649572742 0.234357385168451
0.224385877306353 0.258646100004896 0.380269804993029 0.136698217695722
0.216509943313072 0.259398010831668 0.201622794694311 0.32246925116095
0.456176932326007 0.295489637449233 0.142278775839923 0.106054654384836
0.335878822839662 0.131874951957206 0.127133034051777 0.405113191151354
0.227763332578256 0.351557796694081 0.0803902883038958 0.340288582423767
0.497611126508549 0.0139182603622715 0.417546935431405 0.0709236776977745
0.17275113934117 0.640744484723012 0.10264611479196 0.0838582611438582
0.122829581433717 0.625453996852689 0.223298033987572 0.028418387726021
0.258111489011476 0.0355034762018213 0.422940783933889 0.283444250852814
0.48653361546713 0.372442056952329 0.13507892842087 0.00594539915967099
0.0797274189886854 0.407418690043364 0.175260298358832 0.337593592609119
0.342037121598299 0.498568954662182 0.0454917651366345 0.113902158602885
0.15208541271057 0.117395799726831 0.20947232313945 0.521046464423149
0.458935354294345 0.42137567516559 0.105479287021151 0.0142096835189128
0.269045384252243 0.339111846735531 0.266316724537976 0.125526044474251
0.302597321358256 0.308347081637748 0.379305753685733 0.00974984331826235
0.154843111781634 0.421890313380346 0.251215066102719 0.172051508735301
0.161622073968347 0.449823722387914 0.061864595451576 0.326689608192164
0.288799787553279 0.155957791593248 0.201749950439429 0.353492470414045
0.0243047420567951 0.445055744971191 0.330990096801244 0.19964941617077
0.11247637223231 0.166411734544721 0.368949952411269 0.3521619408117
0.294568751965933 0.447913399799889 0.0860867833242668 0.171431064909911
0.168296054491108 0.231353997656874 0.338796083359978 0.26155386449204
0.12020832923371 0.379204480664055 0.0776707174060833 0.422916472696152
0.0245366616217859 0.149430835930569 0.00210849862059332 0.823924003827052
0.311019955351224 0.324793190266158 0.100927349071033 0.263259505311585
0.333676761363345 0.27367152005139 0.00577932989349991 0.386872388691765
0.39621626081804 0.104520952566067 0.0103301429181608 0.488932643697732
0.0864982882418367 0.155441261506349 0.146852883521976 0.611207566729839
0.127584673076189 0.246393336342316 0.283211538186561 0.342810452394934
0.10768507835416 0.343263549518812 0.184675936005757 0.364375436121271
0.508732510520018 0.00899340628105056 0.0791883579281576 0.403085725270773
0.337926796283143 0.248025784669254 0.0362432412448974 0.377804177802706
0.415962030578881 0.289138647343575 0.0826111666882462 0.212288155389299
0.327469455836714 0.352759497449234 0.164978587868898 0.154792458845154
0.391898618621534 0.505908756827467 0.000615326002837095 0.101577298548163
0.174779412082612 0.129864841310572 0.234098676229319 0.461257070377498
0.371865475638907 0.2749543953824 0.182618598872704 0.170561530105989
0.338715205262047 0.0753459230664347 0.336635241171391 0.249303630500128
0.163891412059607 0.186673794830557 0.395810891516771 0.253623901593066
0.0798997490817237 0.412622957217696 0.278469357306496 0.229007936394084
0.303059169388384 0.324748745593242 0.0311702407063796 0.341021844311994
0.277365704501111 0.324750266779899 0.166151217240476 0.231732811478514
0.034066394011239 0.0747484132782231 0.311342077014083 0.579843115696456
0.438948470784661 0.337807802435897 0.210585964553249 0.0126577622261934
0.425394001467189 0.107753667695817 0.44097685979074 0.0258754710462542
0.341725426436654 0.155959327979477 0.300287303314626 0.202027942269243
0.176675736878546 0.265205951543519 0.384257824288531 0.173860487289404
0.178203041097954 0.233740406138698 0.232815890151585 0.355240662611762
0.478453241516791 0.326152593031608 0.10940502107199 0.0859891443796111
0.406433609312011 0.0950395437115271 0.105078055405439 0.393448791571022
0.22725378112555 0.341408245423784 0.0926429496044861 0.338695023846179
0.474948980101603 0.0169458958083226 0.446638922293881 0.0614662017961931
0.160974977018094 0.64312460567516 0.10947880528819 0.086421612018556
0.116326700625751 0.609230071232838 0.248287327328632 0.0261559008127795
0.288596703717754 0.0416608430343067 0.403846432377038 0.265896020870902
0.446954849981928 0.382463578481744 0.137210695421407 0.0333708761149209
