0.28783410200006 0.224718256239875 0.317418653771992 0.170028987988072
0.402729473140063 0.176539435948949 0.286083067695547 0.134648023215441
0.27834538634245 0.23128358095954 0.274909045292001 0.215461987406009
0.219710106041055 0.29434731185751 0.227460266890531 0.258482315210905
0.265965390870277 0.157935675267357 0.347240405020098 0.228858528842267
0.314962735274177 0.197235468736391 0.364130531455862 0.12367126453357
0.312872459916484 0.0993166057153371 0.374783159192101 0.213027775176078
0.351249897379069 0.208247743896693 0.281492293185738 0.1590100655385
0.359173839096549 0.264445202848074 0.061170705701821 0.315210252353556
0.192791000935119 0.290468548539331 0.266152715402214 0.250587735123335
0.219792695938575 0.257640244504496 0.180841195402946 0.341725864153983
0.30870673114691 0.147176321681394 0.208342497122631 0.335774450049066
0.137528600069696 0.245721870650494 0.477805172786792 0.138944356493018
0.26713245447733 0.445548133667271 0.135491332836702 0.151828079018697
0.248970846009363 0.121154376055336 0.265305980378286 0.364568797557015
0.151386363493588 0.364931063720699 0.253728456655362 0.229954116130352
0.185964808320583 0.296632913068669 0.185413627927294 0.331988650683454
0.249470891746761 0.294555979088059 0.218526182659605 0.237446946505575
0.248981088600314 0.216934700124942 0.342807537355276 0.191276673919468
0.196623125674473 0.373984703765972 0.27387801134648 0.155514159213075
0.208826286436823 0.24317206348608 0.24673352669733 0.301268123379767
0.230281303442369 0.21991550937749 0.229637911549439 0.320165275630702
0.299185077551689 0.264605026257591 0.222610521268882 0.213599374921839
0.190926245367022 0.422674893920715 0.248624015638251 0.137774845074012
0.188992154191257 0.180626346644896 0.308444129744804 0.321937369419043
0.293971939061722 0.329944554344157 0.160069644347523 0.216013862246598
0.207588414148192 0.370828966875367 0.261017512512844 0.160565106463597
0.174634453179497 0.384248041371793 0.239265564683197 0.201851940765514
0.353758146388394 0.219607538294211 0.177365245370613 0.249269069946782
0.197203696595113 0.209442311105474 0.331486898492652 0.261867093806762
0.455998711591051 0.0943745592439553 0.193590528653782 0.256036200511211
0.134924451690484 0.240775577207514 0.356857160912844 0.267442810189159
0.363040446018954 0.317387419194055 0.120904888846478 0.198667245940512
0.22567854896685 0.369838391091175 0.204435512932865 0.20004754700911
0.172859449423069 0.286557878535812 0.190627982018536 0.349954690022583
0.386417412644612 0.184106585137257 0.190005402222434 0.239470599995696
0.272873731338371 0.275069051080137 0.241243313363219 0.210813904218273
0.228750019532158 0.220037261611666 0.298897561906601 0.252315156949576
0.236311860243659 0.114669974753136 0.356693741182609 0.292324423820596
0.278725454702017 0.192264583873134 0.277378958606741 0.251631002818108
0.374247151017346 0.212646805006035 0.145607314865472 0.267498729111147
0.315708435665311 0.192583804671042 0.273091703803527 0.21861605586012
0.289863484460412 0.335562532572698 0.123970851494535 0.250603131472354
0.210848023260085 0.204181366202009 0.325540479367721 0.259430131170184
0.244015120045571 0.20629577222547 0.261215350360463 0.288473757368496
0.173353138395162 0.205143265548587 0.236668297593148 0.384835298463103
0.133686832151388 0.416311016755766 0.229123600347982 0.220878550744864
0.313001268395173 0.214490075709627 0.324456655034109 0.148052000861091
0.409053377364036 0.179567969498462 0.270360698508269 0.141017954629233
0.266030658038405 0.230575474671319 0.303012730251934 0.200381137038342
0.241506689070264 0.225954844911703 0.241000820855671 0.291537645162363
0.280613970938301 0.168095569387073 0.370001792799709 0.181288666874918
0.335543312926612 0.132957595455002 0.343760878494482 0.187738213123904
0.282921136306918 0.117543081007223 0.390730346237923 0.208805436447937
0.349934220172338 0.218074863683917 0.265130886798443 0.166860029345302
0.366479667136083 0.247145187538481 0.097699749618201 0.288675395707235
0.192141568609383 0.280024492663335 0.279153726463929 0.248680212263352
0.216189946369467 0.260541793012585 0.16931463356018 0.353953627057768
0.328511212994587 0.136811572782966 0.228554340861429 0.306122873361018
0.150692357446302 0.288935002429834 0.446235766740027 0.114136873383838
0.260974796420275 0.421824971998522 0.178281590185381 0.138918641395822
0.21487236817313 0.187909417867184 0.238061520499865 0.35915669345982
0.167251814631821 0.361393565777664 0.251352587237333 0.220002032353181
0.199342969087607 0.283632815710069 0.185762254406102 0.331261960796221
0.273902958953123 0.274270094738918 0.192291556099133 0.259535390208826
0.201168577864493 0.2296704130257 0.36052773323334 0.208633275876467
0.191435540003972 0.433548714663856 0.249362644838786 0.125653100493386
0.250528148949678 0.24901492908796 0.219337702051684 0.281119219910678
0.248141760941415 0.237340094279382 0.236792634963426 0.277725509815777
0.288741133003665 0.261771431060874 0.27397418358488 0.175513252350581
0.235483262367647 0.40271703404252 0.246960007490469 0.114839696099365
0.172046054405402 0.219393941634518 0.309437892986954 0.299122110973126
0.285368649105495 0.377086494164878 0.122142244119887 0.215402612609739
0.239355811685088 0.345640185065374 0.253759607277097 0.161244395972441
0.219794963029162 0.390717375253771 0.26155743747328 0.127930224243787
0.378395441228461 0.164514076762997 0.229451727468707 0.227638754539835
0.198419128981492 0.204418255539301 0.363084659406079 0.234077956073127
0.409416269627796 0.120013691648422 0.227109171929384 0.243460866794398
0.184493519451088 0.241535765295102 0.355312970458547 0.218657744795264
0.371313492569993 0.314541066414749 0.152407728117457 0.1617377128978
0.178920796501067 0.327282034772647 0.255881088131024 0.237916080595261
0.162113263289595 0.246331754361152 0.204210069297601 0.387344913051653
0.349298140607669 0.191927373163114 0.178317005992559 0.280457480236658
0.274587395644232 0.255827904918916 0.280427575087805 0.189157124349047
0.219577667448898 0.188671857176465 0.343989214060825 0.247761261313812
0.23483976549549 0.0901658209501456 0.357778145289559 0.317216268264805
0.316461251968959 0.167611618040632 0.238219280858638 0.277707849131771
0.369869966465206 0.192515706253426 0.148116213439633 0.289498113841736
0.377149346215611 0.0874067042200774 0.318321918601885 0.217122030962427
0.309203066103411 0.331481774800381 0.176619186770707 0.182695972325502
0.162053607620372 0.202067225464906 0.351736310481449 0.284142856433273
0.280873371509426 0.228426975043598 0.227124380765336 0.26357527268164
0.161675499424148 0.203297253797255 0.256513962280603 0.378513284497993
0.118653466167406 0.383861596057081 0.238444908652771 0.259040029122743
0.285166856469304 0.247703422976055 0.356398929193628 0.110730791361013
0.385894595574793 0.182634779695659 0.274236304264453 0.157234320465095
0.282034794371181 0.198132597893242 0.313470876066416 0.206361731669161
0.241236372588208 0.20656611075241 0.269108695381847 0.283088821277535
0.269523625414748 0.190208718546195 0.376787161247599 0.163480494791458
0.360907892338301 0.138442008699996 0.305194765516331 0.195455333445372
0.311592304057062 0.0945664318097055 0.394327281624227 0.199513982509006
0.337663655423433 0.174248514505355 0.315094406357685 0.172993423713528
0.371555239916417 0.254403069351465 0.0757603035104838 0.298281387221634
0.206958133495516 0.328193560974443 0.233475113158139 0.231373192371902
0.227062356275472 0.226170546673297 0.172272283781832 0.374494813269399
0.365466831759792 0.155277234564341 0.199511533657478 0.279744400018389
0.198841973758305 0.263924946119267 0.444569246367063 0.0926638337553654
0.215228970053219 0.45335933850025 0.176605628355194 0.154806063091337
0.190292927725861 0.174339365237382 0.265236111400405 0.370131595636351
0.183435020581895 0.34428404437492 0.274623808025925 0.19765712701726
0.170761068431617 0.263545096193474 0.238087344910121 0.327606490464789
0.225777044550351 0.335168850928189 0.159621663453925 0.279432441067534
0.168078286098509 0.270535147517033 0.346396333098692 0.214990233285765
0.134195736547503 0.497941029317234 0.223569844465621 0.144293389669641
0.193574358852646 0.3066198397308 0.189974832887942 0.309830968528612
0.235083517540532 0.237026391035063 0.198722834524601 0.329167256899804
0.234494970729744 0.25993421587827 0.325484978295947 0.18008583509604
0.250660384003872 0.400016810030151 0.244023285140628 0.10529952082535
0.178932426817957 0.182128320532103 0.295215530116603 0.343723722533336
0.257564326139819 0.373113071750022 0.115967464192063 0.253355137918095
0.240728335110468 0.329430901303228 0.245670292643117 0.184170470943187
0.211117859344413 0.358586028839673 0.258147684810288 0.172148427005627
0.340020458914044 0.175639376394382 0.227233925715275 0.257106238976299
0.183653110568718 0.238767921295173 0.316264786362511 0.261314181773599
0.369568921882124 0.142045399384155 0.239752324748166 0.248633353985555
0.150656263382724 0.280433706184103 0.358291715439193 0.21061831499398
0.367817660601964 0.298840713629106 0.16457564530944 0.168765980459491
0.214085044390837 0.293590080107529 0.253712148711235 0.238612726790399
0.165734811016975 0.234483264292928 0.1888035353441 0.410978389345997
0.322938483799469 0.239320709770024 0.192018693512929 0.245722112917577
0.191371918460538 0.307026024862645 0.280169298586833 0.221432758089984
0.283543837536122 0.191392625239329 0.306943525325737 0.218120011898813
0.260527610570061 0.149858893599097 0.299096950956665 0.290516544874176
0.333973455291217 0.170958752211686 0.21105796042003 0.284009832077068
0.366484298712033 0.244696174730735 0.120853275434481 0.267966251122751
0.350949933171233 0.0560236688008014 0.319599715165112 0.273426682862854
0.361685631822812 0.30524418206482 0.150636370719015 0.182433815393352
0.138697588601688 0.174230530943077 0.378635447363724 0.308436433091511
0.287201806478026 0.216931486656298 0.220403890087356 0.275462816778321
0.176595773528373 0.187918125977931 0.307426309215968 0.328059791277728
0.11331718665805 0.398684228387551 0.24443923334157 0.243559351612829
0.283599494726813 0.228080094067708 0.368458608524188 0.119861802681291
0.449026313388459 0.140895986802648 0.256262371506712 0.15381532830218
0.289453963512393 0.170663733157095 0.350102641678817 0.189779661651694
0.199049452132783 0.165932608306994 0.334962733615949 0.300055205944274
0.276051674039498 0.190538249082159 0.369929582086884 0.163480494791458
0.298383685477612 0.16838722060412 0.313429045881617 0.219800048036651
0.256833684260578 0.137786583083705 0.448568719391859 0.156811013263859
0.354894610183885 0.161339040153446 0.303266358383417 0.180499991279252
0.40390256179344 0.243794137179284 0.0837740469403942 0.268529254086882
0.224348947930718 0.336497405006787 0.238133103183728 0.201020543878767
0.262394358102664 0.224925848371408 0.169737150339689 0.342942643186239
0.396547342285291 0.133217694067201 0.200262297651189 0.269972665996319
0.172934055058055 0.268032878859857 0.447135467281076 0.111897598801012
0.218352714380096 0.452141833717415 0.195927904074799 0.13357754782769
0.170080854497539 0.193841951957428 0.295956817533112 0.340120376011921
0.18749531219721 0.331216240412298 0.333810567273603 0.147477880116889
0.184053568942196 0.348148177260799 0.1769260407962 0.290872213000805
0.240365473578287 0.320619533292361 0.174786254092522 0.264228739036831
0.189165956203553 0.282034915651705 0.328511471327675 0.200287656817066
0.206197328477669 0.436165620562178 0.215536639176228 0.142100411783925
0.176076276656539 0.342232894425641 0.190894165801996 0.290796663115824
0.188885800608021 0.239018170089578 0.221051478811209 0.351044550491192
0.22529916000453 0.295832586855062 0.314005787477447 0.164862465662961
0.249022776959331 0.451605571260383 0.174768555447571 0.124603096332715
0.180834785209047 0.223957114686674 0.289639049360323 0.305569050743957
0.291099337555189 0.375173658418108 0.0870785572519439 0.246648446774759
0.197604618284383 0.338725104809079 0.247398768342318 0.21627150856422
0.260857437972627 0.38111886510018 0.223726314468845 0.134297382458348
0.329129051930907 0.265627299919423 0.175039084352041 0.23020456379763
0.174360683368592 0.257297976582001 0.285419709201299 0.282921630848107
0.342547009385122 0.14657768000085 0.307451206115854 0.203424104498175
0.0990658734031861 0.216474723410046 0.472575190736463 0.211884212450304
0.389284588548276 0.309548640321081 0.130186005506464 0.170980765624179
0.229341546183302 0.319645327676985 0.235017202716005 0.215995923423708
0.146438950690591 0.213808655947785 0.241340950415956 0.398411442945668
0.339590324295812 0.303500026683966 0.156820852532675 0.200088796487547
0.157099627234459 0.318784257800072 0.266110010147957 0.258006104817512
0.27976709461072 0.209521567885182 0.27980266496143 0.230908672542668
0.274323185924077 0.155752250208256 0.308724516412987 0.261200047454681
0.270138080821581 0.186597919874861 0.25421882864658 0.289045170656978
0.38524307819099 0.225935010524655 0.132527063561272 0.256294847723082
0.358607391647256 0.0676475165240414 0.310878671023545 0.262866420805157
0.393245589217887 0.282205923661281 0.170523715310568 0.154024771810265
0.160341719509641 0.151108146474052 0.378736902851035 0.309813231165272
0.274400280538304 0.234514807283752 0.188427828371379 0.302657083806565
0.179081441337751 0.205674603342969 0.259656184681823 0.355587770637457
0.110006276988669 0.406230638078536 0.259520233186511 0.224242851746284
0.294350860463173 0.238381265270154 0.343997693455558 0.123270180811116
0.438857742724214 0.117831833626847 0.2680840040305 0.175226419618439
0.241031371355827 0.204799674642969 0.339858576295368 0.214310377705836
0.223645444720057 0.151682379776267 0.366544548232169 0.258127627271507
0.274886425876919 0.146546963758295 0.465132591881816 0.113434018482969
0.27372383744486 0.126763367829619 0.341820837569663 0.257691957155859
0.249848680252994 0.0947848588221472 0.463125212466492 0.192241248458367
0.342226689539723 0.206714721228248 0.354872213207136 0.0961863760248928
0.352361488248791 0.283090781814317 0.108658615671462 0.255889114265431
0.248176330480362 0.343566522530284 0.198003784490075 0.210253362499279
0.284503667284933 0.207596279769263 0.170153260615235 0.337746792330568
0.364018883534251 0.147717548107534 0.203923711182706 0.284339857175509
0.214557604832577 0.251822330606127 0.408907325764629 0.124712738796667
0.152854554420416 0.485680652164101 0.186650259990731 0.174814533424751
0.146582482456618 0.199751316412574 0.324800553040801 0.328865648090007
0.200499303450419 0.260418420430481 0.375910732149922 0.163171543969179
0.246659534801452 0.329152232431141 0.165938240517965 0.258249992249441
0.226470984298804 0.340343562431976 0.212841070866614 0.220344382402605
0.17766815852626 0.273501895747425 0.382695648799 0.166134296927315
0.156109038224481 0.411396558339265 0.263659226271941 0.168835177164314
0.189094361160249 0.361419014871015 0.225754914535623 0.223731709433113
0.17130155251716 0.292492887537112 0.187882587255813 0.348322972689916
0.242569713256258 0.288285834181256 0.358520535436776 0.11062391712571
0.239578398602183 0.390793275013506 0.216735872723274 0.152892453661037
0.163834329526182 0.244794009610961 0.241482091164709 0.349889569698148
0.245823347320967 0.432257990574335 0.0747354361065577 0.24718322599814
0.227001999340716 0.376221510625716 0.186685539409736 0.210090950623832
0.259799351446745 0.372253989584024 0.214560191880051 0.15338646708918
0.330539062964202 0.229590302601854 0.142641681523248 0.297228952910696
0.102373340097562 0.295736701122175 0.314620548179003 0.28726941060126
0.345243863884057 0.133210400789325 0.298179231853771 0.223366503472847
0.101068553681569 0.227788738750805 0.467656636980612 0.203486070587014
0.374563940841858 0.245173582906208 0.190737233956377 0.189525242295556
0.228390349668067 0.37994354856593 0.192422118192223 0.19924398357378
0.124026802444515 0.229619294276333 0.254834378824357 0.391519524454794
0.368404844726563 0.294510609858614 0.121982002679417 0.215102542735407
0.213956472018219 0.294087488298757 0.249918064940419 0.242037974742605
0.276460573245999 0.185234849928762 0.263246703757436 0.275057873067803
0.280978704139925 0.146472213818428 0.333228185084228 0.239320896957419
0.289197554190851 0.197201496470756 0.261697976125751 0.251902973212641
0.417458940359222 0.203407768870193 0.101509892365564 0.27762339840502
0.326851034526208 0.111228492250987 0.307887300830351 0.254033172392455
0.408433327558933 0.273706014044041 0.167019347136678 0.150841311260348
0.153025616735293 0.156761623154215 0.394603964496293 0.295608795614199
0.279914564715056 0.238383616509721 0.144388888557761 0.337312930217462
0.133037581170486 0.195029312517919 0.309721338897377 0.362211767414218
0.116497754077672 0.398455197697162 0.249178612811108 0.235868435414058
0.273899453544009 0.274563323255724 0.333773310084607 0.117763913115661
0.464056145038195 0.138143286092677 0.243168106225024 0.154632462644104
0.230664128806281 0.22105072976509 0.344763874443883 0.203521266984747
0.242592664685106 0.157493819970059 0.34523779241933 0.254675722925505
0.311138203485333 0.126384625838831 0.431104702091803 0.131372468584033
0.259762368388775 0.140796148878064 0.368558528426343 0.230882954306818
0.225777727053587 0.135676070115785 0.456062561272791 0.182483641557837
0.309925859687257 0.217572848959146 0.383523921088499 0.0889773702650967
0.312073523102664 0.288935942433673 0.134496278382736 0.264494256080927
0.243122988707489 0.34103724213038 0.187345343692951 0.22849442546918
0.27897022480747 0.203940486455162 0.185664745344594 0.331424543392773
0.346541314200974 0.158616702000649 0.200225442417123 0.294616541381255
0.185311602658827 0.259592900036558 0.44671775724364 0.108377740060975
0.131975966338147 0.499821965139072 0.218814827402841 0.149387241119939
0.169368005216277 0.203172960883229 0.298274201569835 0.329184832330659
0.188598395224038 0.287051483913067 0.378413291252063 0.145936829610832
0.240592599437528 0.2628156606858 0.225386052288916 0.271205687587755
0.199757678715115 0.366018056246562 0.199918519022811 0.234305746015512
0.207086583974499 0.270385046024852 0.356309770376703 0.166218599623947
0.139158728255229 0.426639472315809 0.277438128565357 0.156763670863605
0.138524143419062 0.319043748778884 0.300778891272325 0.241653216529729
0.172671634940251 0.307929983195966 0.154242764390442 0.365155617473342
0.254721557316539 0.289608672210847 0.349661387502067 0.106008382970546
0.210586800455216 0.401350914437729 0.223650427044248 0.164411858062807
0.174913313193722 0.225790877858127 0.307341868720743 0.291953940227409
0.246160012276797 0.428575683589197 0.0910324339242565 0.234231870209749
0.250350985698166 0.324970539231824 0.229937584657673 0.194740890412337
0.290923226091727 0.377179666141492 0.163911440095003 0.167985667671778
0.307117854915962 0.236713303969871 0.178727347098477 0.277441494015689
0.0943396558929968 0.336518096463212 0.261158958025838 0.307983289617953
0.312946428853716 0.129611859808723 0.318572689251356 0.238869022086205
0.147628394558877 0.213944577072233 0.478924479263153 0.159502549105736
0.389291366644125 0.241030590992959 0.192902969836057 0.176775072526859
0.248049840254559 0.34790913985154 0.20978996404741 0.194251055846491
0.108984743873972 0.203252658427798 0.283771230303004 0.403991367395225
0.359638063775736 0.277784021039903 0.128198609631201 0.23437930555316
0.208239059496157 0.292687738228343 0.161695401672904 0.337377800602596
0.29444453833275 0.185234849928762 0.205110737825275 0.315209873913213
0.276470763993784 0.127453918155019 0.370837463134013 0.225237854717183
0.273421719736162 0.234740049342894 0.247955690263652 0.243882540657292
0.395021812056814 0.164717927592529 0.188968730963668 0.251291529386989
0.338570714678809 0.105021454533883 0.259488262817047 0.296919567970262
0.37152139809613 0.276101544286979 0.129125346703525 0.223251710913365
0.14898937859766 0.184850215513778 0.401967758984194 0.264192646904367
0.321088499552627 0.253934223871087 0.106741948416776 0.318235328159511
0.10885384068037 0.183775734307902 0.335963073014879 0.371407351996849
0.128674587786908 0.363415936440119 0.293334159443937 0.214575316329037
0.282469470697406 0.246752552382976 0.348460282255209 0.122317694664408
0.470229992921669 0.149042490451834 0.204136448741595 0.176591067884901
0.255608178368608 0.206376247189006 0.332681221643865 0.205334352798521
0.242129452194092 0.155730397345851 0.310345577794188 0.291794572665868
0.290915732680749 0.13406988431699 0.478576961319455 0.0964374216828056
0.242621096785016 0.154201278983157 0.414982092759579 0.188195531472248
0.209738565238745 0.151762048166036 0.447359389322026 0.191139997273194
0.302095526984533 0.253533120756522 0.332164054721079 0.112207297537865
0.302296865521568 0.266822280057604 0.159749192060568 0.27113166236026
0.237447201374323 0.349576479282234 0.201731416121848 0.211244903221595
0.270544602618519 0.182823677595065 0.208155618858337 0.338476100928079
0.325510920894109 0.152247742555841 0.225796981204458 0.296444355345592
0.180023124875503 0.265877188091589 0.438298841834511 0.115800845198397
0.0841482407425857 0.524110212391188 0.259302572027102 0.132438974839124
0.150048591107518 0.227560207864725 0.224616243453453 0.397774957574304
0.209220482464956 0.301089227211171 0.359636331576466 0.130053958747407
0.253362359361214 0.264197549450245 0.286286086258581 0.19615400492996
0.208287245089024 0.32208494080684 0.200733558919217 0.268894255184919
0.19324760673587 0.283025822643934 0.342287560153801 0.181439010466396
0.213562871203562 0.419241678121988 0.224630831549096 0.142564619125354
0.110891795395008 0.359584687713894 0.277131699949218 0.25239181694188
0.129552507537936 0.337925821271377 0.167338110146015 0.365183561044673
0.241459909759165 0.327840696288872 0.352428502576742 0.0782708913752204
0.219658440683137 0.372141147260494 0.212882667882712 0.195317744173657
0.189020844788067 0.250370277367948 0.302456062920884 0.258152814923101
0.208550492508058 0.471383374621264 0.105813253119114 0.214252879751564
0.225901999096383 0.357902326094724 0.205714517837841 0.210481156971051
0.293493386587543 0.415227910083231 0.110803046659171 0.180475656670055
0.272220088467405 0.279456242809236 0.18302177594481 0.265301892778548
0.13821956015339 0.277515820186042 0.294632550329764 0.289632069330803
0.335273377015652 0.115886592143728 0.357311602416063 0.191528428424557
0.171254762405614 0.168823219953755 0.505870936150679 0.154051081489951
0.403168840433159 0.231638586457192 0.183485175365847 0.181707397743801
0.276135434581981 0.317142581681687 0.219051907965365 0.187670075770968
0.107445865823339 0.236131229082227 0.257160597451052 0.399262307643381
0.346818903790216 0.22723046910082 0.176114298661397 0.249836328447567
0.268614377299275 0.270545891231378 0.139552023593268 0.321287707876079
0.321540357277258 0.144972485827399 0.172969336648934 0.360517820246409
0.288627999649252 0.11876730549216 0.405863407607468 0.18674128725112
0.267888811680696 0.214262700549829 0.284651138927902 0.233197348841573
0.382229794513126 0.203432927920904 0.192243393500237 0.222093884065733
0.38325160892071 0.0996708381633222 0.24912561173436 0.267951941181608
0.398561935711669 0.317289942878455 0.13549914415374 0.148648977256136
0.16129779732514 0.237422991634866 0.381042540098663 0.220236670941331
0.325544431456421 0.263886592993853 0.093782087703322 0.316786887846405
0.144904335644372 0.194522212469211 0.314098000674873 0.346475451211544
0.15334491415323 0.334890377802198 0.31019193369694 0.201572774347632
0.285573263719861 0.282561758664532 0.361439487190464 0.0704254904251425
0.469187569501083 0.117568041833588 0.222774284296141 0.190470104369187
0.267776221003921 0.234342622779774 0.321968689474446 0.175912466741859
0.29090686299536 0.0834809624865923 0.309509633221724 0.316102541296324
0.306609885058295 0.121309800939629 0.498887702260659 0.0731926117414169
0.219965745749952 0.0800058243933673 0.480947953288683 0.219080476567998
0.206442536026093 0.191863785444782 0.430596835572886 0.171096842956239
0.256146447742697 0.263517112873281 0.33024994008797 0.150086499296053
0.322068744862556 0.2363835787672 0.181076737915297 0.260470938454948
0.220870553691509 0.40251711502043 0.210510530001276 0.166101801286786
0.260210624111549 0.215368536878436 0.193098569323821 0.331322269686194
0.247564656486744 0.161224271442546 0.277845190124044 0.313365881946665
0.163367061605446 0.210890283675589 0.464907258802303 0.160835395916662
0.106121500949455 0.512260298074635 0.292544257320717 0.0890739436551942
0.199230584768268 0.203137732221502 0.201484656463832 0.396147026546398
0.260876781555202 0.293491631088521 0.369267717999018 0.07636386935726
0.17487940507564 0.25483117649498 0.350902099623448 0.219387318805932
0.210805049185011 0.365653824660572 0.211465664351761 0.212075461802656
0.20875856865566 0.270907304762908 0.337434062615085 0.182900063966348
0.250934736700533 0.4377060673733 0.158094688831281 0.153264507094885
0.0709790853704986 0.330680220323509 0.280993061528256 0.317347632777736
0.143394095291204 0.341719923048397 0.160957333830088 0.353928647830312
0.252838889104483 0.296889344441838 0.343865566251418 0.106406200202261
0.196546854212514 0.389188463061522 0.170168257834501 0.244096424891462
0.203060656990167 0.219777602029682 0.333034006645231 0.24412773433492
0.243150036167773 0.46316328916616 0.0831578233174428 0.210528851348624
0.213363315833264 0.365463565607594 0.240901484224232 0.18027163433491
0.275858455538 0.429374199696795 0.0902383668809902 0.204528977884215
0.315461545229594 0.260291346821167 0.145606019490817 0.278641088458422
0.127863983967415 0.326356383883783 0.257190486009561 0.288589146139241
0.298694512027246 0.13024397165333 0.368046292827545 0.203015223491879
0.241282392826714 0.0908846016989076 0.503214508135354 0.164618497339024
0.40024684926068 0.236815775971699 0.174200566263669 0.188736808503952
0.300803577899084 0.250797427018838 0.220543910705634 0.227855084376444
0.138958995952654 0.195341848069208 0.267743202688193 0.397955953289944
0.300267307422717 0.271587353221318 0.160081707577612 0.268063631778353
0.226948638280339 0.264217438585111 0.140156227250981 0.368677695883569
0.340196055616247 0.0846959744169146 0.218237554815828 0.356870415151011
0.304804879998192 0.140051164174887 0.393080362279944 0.162063593546977
0.292297412672288 0.233531167338173 0.266686451124141 0.207484968865397
0.35551431342393 0.171601000404872 0.249550752273197 0.223333933898001
0.380152894539952 0.101425548730506 0.214182753167131 0.304238803562411
0.367667973952385 0.334720150192192 0.113052597444342 0.184559278411081
0.172103520239078 0.252059092684702 0.374536463282659 0.201300923793561
0.276223427150455 0.25471037684741 0.100870852029503 0.368195343972633
0.204561615552796 0.118670543300878 0.309460598687308 0.367307242459018
0.137357950750983 0.335845519161207 0.318307214681142 0.208489315406668
0.299396982687476 0.277397407722755 0.375156555287785 0.0480490543019837
0.42370007578793 0.168924233929725 0.172727007853503 0.234648682428842
0.318954021735887 0.217044349823378 0.323403292295692 0.140598336145043
0.291552265534881 0.0823845372345571 0.351539821988964 0.274523375241598
0.313363689988781 0.0629373924620392 0.55826389788676 0.0654350196624201
0.226489397042034 0.0974069674345738 0.467510886269861 0.208592749253531
0.220853893362305 0.174065600212687 0.448646043676798 0.156434462748211
0.254680542587642 0.317940523615591 0.332396329906487 0.0949826038902796
0.366136007045499 0.216554264588412 0.132169023403563 0.285140704962525
0.229872276029652 0.408691624119649 0.227041754433677 0.134394345417022
0.261470868573723 0.247976013151988 0.214577145868726 0.275975972405564
0.243735650090045 0.117762957977169 0.288176810760906 0.35032458117188
0.148024089247689 0.172453224311074 0.481203317561629 0.198319368879608
0.159677953355792 0.483437890680453 0.253350799821803 0.103533356141952
0.190862323260555 0.254074848507288 0.18659388908021 0.368468939151947
0.244984806233628 0.287668591237137 0.378474363282866 0.0888722392463703
0.17487940507564 0.273405407193849 0.326930221363539 0.224784966366972
0.220718868776758 0.327276098145981 0.264894784083061 0.1871102489942
0.125154679911404 0.320587018383479 0.361092465624261 0.193165836080856
0.219711454773592 0.464571127651515 0.140814198134851 0.174903219440042
0.100856284335322 0.301843117165507 0.294222768510639 0.303077829988532
0.111712026087387 0.365276731692605 0.126854386879499 0.396156855340509
0.229824595068518 0.326607181954564 0.369791977444049 0.0737762455328694
0.203582675143711 0.378928869556343 0.187656099812938 0.229832355487009
0.191190086276512 0.224239307120626 0.363841373111847 0.220729233491015
0.215512887606584 0.503816529218212 0.0696628881920974 0.211007694983107
0.263088408285982 0.339144166341091 0.213201590685858 0.18456583468707
0.233528324352992 0.438849102814893 0.104944339033287 0.222678233798828
0.295816305228912 0.260774898332009 0.138150786739727 0.305258009699351
0.113497049367594 0.374234827397547 0.252506526420687 0.259761596814172
0.248682380433125 0.144026663888293 0.356755337202536 0.250535618476046
0.257944049841343 0.0872213042298784 0.52647161063833 0.128363035290449
0.36450355967429 0.22746282273445 0.200947257444993 0.207086360146266
0.336167414066464 0.266318081201021 0.201246423900044 0.196268080832471
0.162396114075474 0.200077456171264 0.216787850559244 0.420738579194018
0.345471823480573 0.281783428384867 0.0902182355776147 0.282526512556945
0.269026133979389 0.223516013334957 0.145638177706559 0.361819674979095
0.343919280183031 0.104998139699106 0.209735041307981 0.341347538809882
0.326258473436683 0.145379563274995 0.352752535101537 0.175609428186785
0.276118544147558 0.266974882546151 0.246905341951523 0.210001231354768
0.390304150785244 0.204057069279907 0.1731717635774 0.232467016357449
0.429314149003204 0.0940710339698423 0.224849200329061 0.251765616697893
0.36372318105122 0.324044724999152 0.115749319020263 0.196482774929365
0.226746324799795 0.250670564347 0.337134771359508 0.185448339493696
0.270712698804038 0.315571069929623 0.0709961367157222 0.342720094550617
0.183122611806305 0.138409666205017 0.31094915955038 0.367518562438299
0.136375976038643 0.297384918796719 0.344737204603468 0.22150190056117
0.303938878173658 0.279145036972922 0.362582307190414 0.0543337776630065
0.440877884497605 0.141118113074922 0.177599368032937 0.240404634394536
0.356098800288352 0.139071878068613 0.369656461623666 0.135172860019368
0.329242692305013 0.0966274305173468 0.327978798982049 0.24615107819559
0.289987499105208 0.0906046584527882 0.579452135515426 0.0399557069265775
0.218397380513207 0.109577655485839 0.49594043095201 0.176084533048944
0.21594779156972 0.120831830635923 0.498702703217658 0.1645176745767
0.208706466211345 0.341448482597964 0.346063489736707 0.103781561453983
0.347838935552501 0.217518534846968 0.179857605867451 0.25478492373308
0.247053665855071 0.44101285306225 0.159510027377192 0.152423453705487
0.28531093959018 0.211277570041188 0.189090153010376 0.314321337358256
0.214464617813016 0.103023867534279 0.295594438598182 0.386917076054523
0.115809231895024 0.1941989459693 0.511399124406488 0.178592697729188
0.121252459416944 0.437735473060693 0.303992776403922 0.137019291118441
0.211058528056058 0.256262388435415 0.197799855763548 0.33487922774498
0.272081156835269 0.250690881139574 0.407683676841979 0.0695442851831783
0.212737379262413 0.307322058401104 0.293779498345787 0.186161063990696
0.202354229487547 0.3430051455273 0.303083256496519 0.151557368488635
0.126368948412321 0.376260895154949 0.329225145557012 0.168145010875718
0.189980419447915 0.553465268139052 0.0817012643911062 0.174853048021927
0.0779824660605014 0.313797591020946 0.315656995439617 0.292562947478936
0.12239657400414 0.362735164348153 0.189313594287164 0.325554667360543
0.199381347346522 0.313269265789672 0.381116440990092 0.106232945873714
0.235557949018997 0.373916476907847 0.142585062937923 0.247940511135233
0.201477564580748 0.242230245787834 0.30925762663179 0.247034562999629
0.208515126738185 0.502804447274294 0.0696628881920974 0.219017537795423
0.238337338138369 0.371175857072037 0.189813632145742 0.200673172643852
0.161885418902566 0.461262202808612 0.162311096861563 0.214541281427259
0.280662758382208 0.285315397638759 0.167917646284634 0.266104197694399
0.110192339192451 0.387539163568679 0.231879987003843 0.270388510235028
0.29154779828426 0.143033874320612 0.345106620308558 0.22031170708657
0.283979064055337 0.0593945285845069 0.514324945255432 0.142301462104724
0.337435199960987 0.229386522359054 0.243283392767687 0.189894884912271
0.356032530042891 0.262671857092496 0.205473408711292 0.175822204153321
0.127126401634106 0.213464528536995 0.212347947246648 0.447061122582251
0.350508908825821 0.276993865512256 0.0638499660437644 0.308647259618159
0.291171217735575 0.173009108444895 0.120259787741514 0.415559886078015
0.313471260719229 0.105756186623709 0.217499717596915 0.363272835060147
0.307155118307201 0.107958951027334 0.382275963444773 0.202609967220692
0.300168863266682 0.262452643501842 0.246864733708671 0.190513759522805
0.385644202502602 0.200556069152618 0.151659380896151 0.262140347448629
0.459521253879375 0.0616920323812816 0.236856677649792 0.241930036089551
0.376983406030823 0.338736400884267 0.111603998416407 0.172676194668503
0.242976478098033 0.249663701290318 0.328517787387484 0.178842033224164
0.300072274572505 0.295550254583699 0.0817022603031648 0.322675210540632
0.149274517663564 0.109223300754284 0.395033494007673 0.346468687574478
0.141383489936369 0.312800188585074 0.35610878200069 0.189707539477867
0.3038380546411 0.245250316427418 0.379761476376106 0.0711501525553754
0.373253312298767 0.1709035359975 0.226698064807972 0.22914508689576
0.340517919821038 0.150724360363789 0.378544559598371 0.130213160216802
0.269458067067206 0.117633892797985 0.316519802642115 0.296388237492693
0.2477362295917 0.141921182784712 0.554282839884077 0.0560597477395114
0.224885825733955 0.0969374467465169 0.552349882561953 0.125826844957575
0.246158619879366 0.105620511178183 0.55076602575058 0.0974548431918715
0.235823802653806 0.30650251428063 0.366644171470262 0.0910295115953016
0.341255819104482 0.201991820513867 0.197583414419219 0.259168945962431
0.238103598555187 0.417618120203963 0.206270951427078 0.138007329813772
0.291496323906084 0.209236360127165 0.211453339806804 0.287813976159947
0.224027673051702 0.129075698942683 0.280842173136462 0.366054454869153
0.141933956058698 0.182960398438344 0.50664457362236 0.168461071880598
0.101782752900696 0.421543421187617 0.33937510176331 0.137298724148377
0.201846611538824 0.260526337433829 0.192758199370688 0.344868851656659
0.247183507620433 0.303725405165435 0.418281206796954 0.0308098804171775
0.192325435338731 0.339143038569517 0.324186489668312 0.14434503642344
0.209869190807522 0.339016000024153 0.299896400588967 0.151218408579358
0.10376496440401 0.397678034072554 0.323254254824297 0.175302746699138
0.207517215233333 0.487966724579245 0.0872865341432976 0.217229526044124
0.0799186457161055 0.309356062154646 0.282721635377215 0.328003656752034
0.120630237550993 0.335325600220706 0.218680421653339 0.325363740574962
0.187203181048559 0.329560597330232 0.377914391777096 0.105321829844113
0.280426906194638 0.362110474869782 0.120113664607396 0.237348954328184
0.199933495698972 0.226415586875702 0.300349261389839 0.273301656035487
0.201322876583273 0.472515648446616 0.104065360723753 0.222096114246358
0.292734321083405 0.380934555744559 0.14359666443801 0.182734458734027
0.106255823539286 0.511970596799838 0.177409577357653 0.204364002303223
0.23050520676927 0.285613970220719 0.163861093702447 0.320019729307565
0.122723755229105 0.360832943038938 0.214583378000746 0.301859923731211
0.285623072961276 0.145144059201051 0.34818343551791 0.221049432319764
0.286548309334638 0.04587434079307 0.510728634088084 0.156848715784208
0.29330040880634 0.230454590346271 0.240139892079667 0.236105108767722
0.310812540328212 0.267967054158648 0.248161691249731 0.173058714263408
0.112896111089887 0.251126344873908 0.120571866485311 0.515405677550895
0.347764311867893 0.308142662593806 0.0606514163451918 0.283441609193108
0.268399892167838 0.172261163937147 0.0821707818363107 0.477168162058704
0.306362051720493 0.0824355339104079 0.249560729371846 0.361641684997253
0.281825580710647 0.0988683143683866 0.38392704271064 0.235379062210327
0.335952201283745 0.287740817087274 0.211066109469274 0.165240872159707
0.399986231068772 0.123899798811136 0.1454732493394 0.330640720780692
0.407560577954592 0.0939506241240021 0.233252947287417 0.265235850633989
0.447514967419457 0.366457871868665 0.0231001126699388 0.162927048041939
0.297770590667686 0.209674646679831 0.312487415668677 0.180067346983806
0.299711609666758 0.337778941742485 0.0717806754078184 0.29072877318294
0.167729962684955 0.0919210737165585 0.415853922601688 0.324495040996798
0.116839091443934 0.31218072774483 0.38528661951105 0.185693561300185
0.250401713417095 0.253248791644445 0.398955173875683 0.0973943210627763
0.438476796511533 0.172096997925551 0.154824182779233 0.234602022783683
0.344036014513883 0.190555354603099 0.437361295137956 0.028047335745062
0.28793996350654 0.102873229815978 0.305882528001503 0.303304278675979
0.260529297585761 0.181383033992018 0.527131028190748 0.0309566402314723
0.223521547877764 0.032122474503478 0.539828137518612 0.204527840100146
0.251001778357981 0.0829430093167116 0.557022703380006 0.109032508945301
0.275519385245036 0.28893128788962 0.369125729574307 0.0664235972910358
0.393622450565091 0.230396890638294 0.149426313510063 0.226554345286552
0.194773167483379 0.414859168299711 0.211107480763249 0.179260183453661
0.300677265891771 0.266687476967986 0.194817430659942 0.237817826480301
0.202019757546028 0.13053270966447 0.272730308377341 0.39471722441216
0.118005346935012 0.209272038932148 0.518514009053796 0.154208605079044
0.0756395787420544 0.404040013223367 0.40437252157719 0.115947886457389
0.120461372220345 0.312275614612725 0.224394705002884 0.342868308164046
0.22918770588942 0.33683115887686 0.401116494193983 0.0328646410397366
0.156854916502212 0.353965204522746 0.341186171003022 0.14799370797202
0.189371405816938 0.382815825246385 0.249642333846476 0.178170435090202
0.0573094236922518 0.420086557424905 0.341193944824209 0.181410074058634
0.247511979107316 0.470585328242532 0.105229195417289 0.176673497232863
0.0983522253498164 0.309356062154646 0.303218049065157 0.28907366343038
0.101964736704302 0.337277471567389 0.218652790721176 0.342105001007135
0.145862502502447 0.311296455348742 0.461758484183895 0.0810825579649163
0.27758654679042 0.349388544885382 0.180260421141628 0.19276448718257
0.198937738332208 0.199271525159894 0.294897326261763 0.306893410246134
0.219066390205827 0.455218099803069 0.119009056118075 0.206706453873028
0.293149109713265 0.397785896467783 0.154576498962924 0.154488494856029
0.114879006592273 0.58050437772039 0.127701770467288 0.176914845220048
0.192680996931561 0.286564384820802 0.159923930219095 0.360830688028541
0.148778829421223 0.383902428269309 0.176750385535045 0.290568356774423
0.298543383140746 0.126833553182008 0.388885941009118 0.185737122668128
0.318863908030642 0.0707685532355202 0.491465887500455 0.118901651233382
0.301705298823458 0.21315292278894 0.233455141120856 0.251686637266746
0.304866947244469 0.283685159885058 0.262067009878262 0.149380882992211
0.130546119390439 0.224246294499014 0.134129371964859 0.511078214145688
0.327215566244802 0.288225355346864 0.0746577128904589 0.309901365517875
0.267244196435388 0.137793957786854 0.103637635346666 0.491324210431092
0.30978869683458 0.100694311473868 0.246448923703978 0.343068067987574
0.27383633061043 0.11683279758386 0.350539139458489 0.258791732347222
0.331362120448121 0.270045232054349 0.178716471212564 0.219876176284966
