0.194726176449242 0.24502129382571 0.401641938177386 0.158610591547663
0.361034652040594 0.12628358109167 0.346532228825245 0.166149538042491
0.243552050901942 0.295680619873055 0.249455664492528 0.211311664732475
0.220994027641185 0.160033771930478 0.179421552104876 0.439550648323462
0.145547630277431 0.45162610213438 0.115051530165253 0.287774737422936
0.467533511571648 0.212985451600662 0.191799753366105 0.127681283461585
0.373874088841068 0.157565363920287 0.261212744470396 0.20734780276825
0.434394950022646 0.264717989708295 0.1769791682722 0.123907891996859
0.231863781501681 0.23671335234257 0.161931437959243 0.369491428196506
0.2089905982466 0.260031410870225 0.22642986397224 0.304548126910936
0.274350383234206 0.19691454699309 0.235901251597663 0.292833818175041
0.265074925955768 0.188893115740283 0.182300849477096 0.363731108826853
0.223826043607729 0.200539853104118 0.123319759473592 0.452314343814561
0.185443514812087 0.316491465796605 0.213266695131102 0.284798324260206
0.177455903972296 0.212085883376427 0.447058100643611 0.163400112007666
0.227367343204318 0.261280199400879 0.350767008265985 0.160585449128818
0.257467717610009 0.384297460298031 0.262166355242457 0.096068466849503
0.166360965391486 0.207930098978703 0.30747429859736 0.318234637032451
0.383911604653561 0.190861344396287 0.267116942539156 0.158110108410995
0.171219785229097 0.278080977781569 0.233083357062998 0.317615879926335
0.252799967097123 0.118436685186677 0.284417678739402 0.344345668976798
0.163429045649054 0.242869215615043 0.223014149163141 0.370687589572762
0.14765450673539 0.315881662923917 0.288665850213712 0.247797980126981
0.297541179537297 0.124396628378243 0.282597842246414 0.295464349838046
0.235013910800615 0.349910150841577 0.19236124387705 0.222714694480758
0.322415733352881 0.139983339399523 0.199130211243874 0.338470716003722
0.288877892032521 0.311673753620221 0.149634799233665 0.249813555113593
0.227852612283039 0.318959549663297 0.259215878168022 0.193971959885642
0.210329170853994 0.261552118154615 0.255707117103162 0.272411593888229
0.144014245822354 0.31804238964613 0.298047317196935 0.239896047334582
0.293271793805835 0.176991718954524 0.284657002508305 0.245079484731336
0.259372633767803 0.185557066232359 0.292133234090302 0.262937065909535
0.161073599895521 0.248538006870341 0.277295564252428 0.313092828981711
0.069420477160987 0.239448772332853 0.308431026560987 0.382699723945173
0.212030873013025 0.239155459508042 0.335285793422262 0.213527874056671
0.168124720983024 0.200468803818453 0.245783517825134 0.385622957373389
0.227045113683329 0.372781530962574 0.260151605101809 0.140021750252288
0.425091507295602 0.383830421901574 0.0927925629545851 0.098285507848239
0.163978228615108 0.215576360454329 0.303507333592122 0.316938077338441
0.199595503004939 0.169202804742107 0.35426318925229 0.276938503000665
0.162961581912993 0.251364546949723 0.342002354316754 0.24367151682053
0.232076997287749 0.300040390096633 0.234501811055007 0.233380801560611
0.282831209239004 0.257360411302481 0.195249965802132 0.264558413656383
0.19340872304685 0.18941350354106 0.275684046916792 0.341493726495298
0.423616212157198 0.116217777166321 0.217974420646794 0.242191590029686
0.263828549369062 0.287300349587635 0.269230183750696 0.179640917292607
0.187791418832245 0.419250651217218 0.240346928159268 0.152611001791269
0.151716581830899 0.250457356201958 0.417462475370598 0.180363586596545
0.368644791506718 0.134354178924227 0.315520736322369 0.181480293246686
0.215949686400725 0.294399012989779 0.266529225871749 0.223122074737748
0.198732127576416 0.197707566426118 0.176684029577999 0.426876276419467
0.152573631762496 0.418942045306815 0.165663317646719 0.26282100528397
0.426363755502799 0.226807415805207 0.203194237224126 0.143634591467868
0.306270429001698 0.215002675440621 0.250257453781961 0.228469441775719
0.380549226717516 0.32193161687115 0.18221181937898 0.115307337032354
0.244890159130238 0.238711388842869 0.164762849326758 0.351635602700134
0.185254919870202 0.25980165611728 0.260625904547865 0.294317519464652
0.238971513174703 0.198034667891212 0.255324649437663 0.307669169496421
0.186097947565057 0.244674004775951 0.220405532276991 0.348822515382001
0.269638267698061 0.160925313795878 0.0840036315295531 0.485432786976508
0.182035228481564 0.304413689238606 0.247289458345409 0.266261623934421
0.143991542891163 0.256875787988544 0.419113800733161 0.180018868387132
0.216586004899804 0.305049029323071 0.301338758876819 0.177026206900307
0.284852727027785 0.296226047262527 0.258254015015641 0.160667210694047
0.209971167313033 0.154248414635093 0.300607431624364 0.33517298642751
0.395720327148895 0.192248019209981 0.217974670199488 0.194056983441635
0.120667222959948 0.284250787002161 0.250127714692491 0.3449542753454
0.212506971243308 0.120165293401439 0.241086648035554 0.426241087319699
0.174609942362685 0.219712462322037 0.219482842035581 0.386194753279696
0.200656913811227 0.296936201068879 0.282036241281295 0.220370643838598
0.262131565599925 0.177763166719167 0.29916063452687 0.260944633154038
0.227357204245335 0.322603160399711 0.197598413760962 0.252441221593992
0.30621659197879 0.0778195012141535 0.238722944157899 0.377240962649157
0.32025498682449 0.293118194652584 0.107485221286099 0.279141597236827
0.253769994629272 0.312846061011253 0.214498156765609 0.218885787593866
0.278600546959252 0.206401859211875 0.261788105728925 0.253209488099948
0.211212639584 0.305571516683981 0.269986921134725 0.213228922597295
0.304096855801837 0.191120069031023 0.274659209454096 0.230123865713043
0.254836160220462 0.225029247355342 0.22754807405117 0.292586518373026
0.213644382025872 0.239870218541738 0.277646266038074 0.268839133394316
0.0627783471204234 0.238786913300155 0.285127951082808 0.413306788496614
0.240774861987045 0.204505547502053 0.372729600491474 0.181989990019428
0.158006884424531 0.207094411364174 0.239029850334577 0.395868853876718
0.222752445449936 0.39500695154119 0.214166053248145 0.168074549760729
0.38312465768353 0.36046896498933 0.115452892630586 0.140953484696554
0.164075500135752 0.236625770198193 0.306852136330988 0.292446593335067
0.21849893735719 0.185979981518775 0.335943775674152 0.259577305449883
0.153729953871977 0.257979236455382 0.323722733177818 0.264568076494822
0.246705599432988 0.280040618147264 0.262188342454384 0.211065439965364
0.310827132196784 0.233335526189596 0.232194943747082 0.223642397866539
0.165089937095145 0.234422926658213 0.281184067201464 0.319303069045179
0.395272884825375 0.179053738845551 0.214798413244432 0.210874963084642
0.301367342586452 0.248012530753216 0.275088912092687 0.175531214567644
0.228784493136669 0.381879459770782 0.285396715460372 0.103939331632177
0.15406990380716 0.258177788929322 0.39761690669668 0.190135400566837
0.342669924572597 0.125293436421893 0.352526357086472 0.179510281919038
0.237626305402389 0.309820266997157 0.232236102164573 0.220317325435881
0.165346031002749 0.21496489894854 0.208895429541125 0.410793640507586
0.140629496926411 0.45805667829982 0.140412344414396 0.260901480359374
0.411783175882712 0.221109685586681 0.204570153026908 0.162536985503699
0.230229055076881 0.225470699444406 0.258455722301443 0.28584452317727
0.412382900748593 0.302890640674157 0.169319407322299 0.115407051254951
0.286664936418321 0.207454186692569 0.246724180226261 0.259156696662848
0.244435718682506 0.197619192365174 0.249205017141881 0.308740071810439
0.238627737885337 0.181382269695629 0.253910881332687 0.326079111086347
0.164084239785942 0.269297720356625 0.213401889512815 0.353216150344617
0.300357618133599 0.175601928600071 0.0585589349129388 0.465481518353391
0.191031804866671 0.335799162604269 0.224338715066921 0.24883031746214
0.14089648363719 0.248285934886668 0.365002633916723 0.245814947559419
0.188616923758749 0.308749056617761 0.330010257432742 0.172623762190748
0.301223713226093 0.283316606938816 0.241728877457294 0.173730802377797
0.193551305131386 0.173999272937089 0.322047256197827 0.310402165733698
0.339283824762545 0.198702721333282 0.236480882959018 0.225532570945154
0.132979209851966 0.288845908906437 0.200487315550555 0.377687565691041
0.224848948584874 0.0977314440471643 0.209970231625477 0.467449375742485
0.183596692223609 0.196730876695779 0.234554854966923 0.385117576113689
0.138136203286823 0.359496427080435 0.254466764271476 0.247900605361267
0.264137200510818 0.178958635239913 0.320428003741781 0.236476160507488
0.2135846000965 0.27026241723285 0.208328089233211 0.307824893437439
0.23650355886586 0.145385338216047 0.180703907800608 0.437407195117485
0.309115491060562 0.291081225603216 0.16844457825113 0.231358705085092
0.241636704563587 0.305645568802895 0.225387454826984 0.227330271806535
0.349112843183731 0.229306236566883 0.18671372547106 0.234867194778327
0.249016462403842 0.28446529880674 0.281996990372747 0.184521248416671
0.308103526211418 0.214191032980454 0.252335094526773 0.225370346281356
0.266498505378864 0.23287685050389 0.180207169030923 0.320417475086323
0.202148170466593 0.228842285606344 0.314571263411791 0.254438280515272
0.0932206290841927 0.19016326410625 0.305774848663981 0.410841258145576
0.237812520926416 0.184216784190362 0.380716923859908 0.197253771023315
0.126147357600558 0.23610848561942 0.199302703568196 0.438441453211826
0.190847078428254 0.410521871861319 0.238130265908357 0.16050078380207
0.427703553931079 0.356048299745224 0.0971410955132368 0.11910705081046
0.159548586032563 0.219721776763221 0.345744642778143 0.274984994426072
0.204512599339914 0.183792125732597 0.323196713362179 0.288498561565311
0.120192642084028 0.236394637869185 0.345261579745092 0.298151140301695
0.264727178869015 0.308878750579693 0.231776958758483 0.194617111792809
0.24981575972509 0.259933633352459 0.254520352735481 0.23573025418697
0.134558659151044 0.218102270121367 0.288407614061505 0.358931456666084
0.417111894597896 0.174896033601408 0.170773135176284 0.237218936624411
0.344866862151828 0.289063834686125 0.264824194404136 0.101245108757911
0.208984992782104 0.374265058991652 0.291068698550369 0.125681249675876
0.0879432387998371 0.271602114605492 0.438384833995701 0.20206981259897
0.344275951108917 0.120122997028634 0.384881068001132 0.150719983861318
0.242908396466535 0.322963180600381 0.238286775646814 0.19584164728627
0.185103804869626 0.203757206140301 0.225657593456098 0.385481395533975
0.139976151223962 0.477633463768782 0.109377258530473 0.273013126476783
0.410040483753957 0.21525185472533 0.211714576193664 0.162993085327049
0.262281290021302 0.237479808273485 0.2409421633053 0.259296738399912
0.396341104158158 0.346891158157957 0.167726466508438 0.0890412711754466
0.286653265613506 0.28680263042633 0.204019369156845 0.222524734803319
0.220263002577848 0.227138651708457 0.250434098794008 0.302164246919687
0.200199228731445 0.204045048796567 0.262571190768487 0.333184531703501
0.129090084838598 0.275697852140073 0.228163923098973 0.367048139922356
0.287952771442538 0.20498533681427 0.0516826993994566 0.455379192343736
0.16639303439255 0.340845931050023 0.213009303881341 0.279751730676086
0.138083139473602 0.25156675653882 0.376401373755929 0.233948730231649
0.207363098077698 0.271987752853692 0.31057152741546 0.210077621653151
0.322529673410056 0.243710575122596 0.234446220845653 0.199313530621695
0.220365551221748 0.208283145555196 0.256106659679487 0.315244643543569
0.307134081817215 0.208122338168939 0.225557322552937 0.259186257460908
0.151404696961892 0.287263983223015 0.22921060767315 0.332120712141943
0.246525250704032 0.0936966606237517 0.187777824744109 0.472000263928107
0.180984429818154 0.203231946162828 0.224229599366886 0.391554024652132
0.157433640674108 0.379740308199385 0.207905209586008 0.254920841540499
0.2427737038643 0.17344723769166 0.376728251638942 0.207050806805098
0.194633579590289 0.257157779252855 0.2105079527583 0.337700688398556
0.30386547479813 0.124938479882158 0.153265270302773 0.417930775016939
0.263304729082644 0.247280050353243 0.210829570837579 0.278585649726535
0.231666395723312 0.293552958098182 0.238637437475979 0.236143208702527
0.336841904293443 0.252001345448336 0.14721875309188 0.263937997166341
0.262806882689501 0.259459798927842 0.240823412610072 0.236909905772585
0.296167497735079 0.16998910815979 0.288301449793055 0.245541944312075
0.267303458958655 0.256709409617979 0.132422568955822 0.343564562467544
0.221737154369533 0.240151914190766 0.280155248518577 0.257955682921123
0.0755077174990797 0.174118383016194 0.332575152151088 0.417798747333638
0.293717217022384 0.169936686223814 0.354671788480372 0.181674308273431
0.218277663847248 0.220332291330792 0.135755271628682 0.425634773193278
0.249372478728532 0.412295491454906 0.230154341247207 0.108177688569356
0.435581226941886 0.319105182635165 0.156918218918602 0.0883953715043464
0.100573771827132 0.253609898492473 0.358859473216423 0.286956856463971
0.151959893738358 0.189279937618138 0.384839234574522 0.273920934068982
0.0947179920495795 0.208418890583076 0.418784107313367 0.278079010053978
0.280037259643376 0.31597301841693 0.210063425110194 0.1939262968295
0.254069950936747 0.232659851999317 0.262169483802346 0.25110071326159
0.138981602753592 0.198639433564299 0.303151032121748 0.35922793156036
0.397510836447022 0.162122431314356 0.199038938803721 0.241327793434901
0.327281791837011 0.292080320897107 0.337001171790834 0.0436367154750482
0.222308028624144 0.379726620630746 0.284416219426346 0.113549131318763
0.101329599041403 0.300714627276182 0.414976544986462 0.182979228695954
0.343113712975078 0.140159943917647 0.37263323164997 0.144093111457305
0.256383936741056 0.311548258635629 0.226522046169815 0.205545758453499
0.134610101552729 0.213552388274559 0.285123794493965 0.366713715678748
0.0879877330972503 0.504358027214678 0.142636058453824 0.265018181234248
0.413742621262619 0.260078824124913 0.170015190533196 0.156163364079272
0.29634227158832 0.226754845817333 0.250421660096328 0.226481222498019
0.423096203482668 0.364544088232794 0.148923977127387 0.0634357311571507
0.241851122281889 0.288521306924024 0.215456125164451 0.254171445629636
0.203011111505474 0.237395508225391 0.259066081256256 0.300527299012878
0.198991243811553 0.216742981165177 0.261688706231636 0.322577068791634
0.126497702898841 0.291809948846711 0.24330133932227 0.338391008932178
0.257241035087096 0.199256034999116 0.0869355603737442 0.456567369540045
0.223077625233728 0.349376063976558 0.168107370994772 0.259438939794942
0.157120303883713 0.262641549906699 0.356949640118095 0.223288506091493
0.195364745791525 0.298973450825814 0.331443733580682 0.174218069801979
0.271522708391014 0.273452032064298 0.20697048390351 0.248054775641178
0.241868410681472 0.188092239670822 0.265938206159323 0.304101143488383
0.314130207405409 0.266339768720243 0.200590959124544 0.218939064749805
0.156274017467424 0.285999644736653 0.239470050950178 0.318256286845746
0.254419235899583 0.0781381953387579 0.197298104424255 0.470144464337404
0.177145832859487 0.184886110579078 0.225528397679086 0.412439658882349
0.175489174501391 0.34998836097408 0.196958916404967 0.277563548119562
0.23705758902965 0.159425953570106 0.342251520974914 0.261264936425329
0.161556227253448 0.254402964330045 0.187634438810593 0.396406369605913
0.243739199409373 0.105474718300584 0.20409485156718 0.446691230722863
0.286817361331101 0.266708591596785 0.192385077925193 0.254088969146921
0.223815559296361 0.318772899528442 0.232978828876646 0.224432712298552
0.370110134626203 0.270612384035159 0.131499733621609 0.227777747717029
0.26292393056562 0.210184208751148 0.259335617830831 0.267556242852401
0.362242428611572 0.168162865383203 0.225320234062513 0.244274471942712
0.247572984024906 0.277308380704999 0.149406263416763 0.325712371853332
0.217785707936913 0.189689490413559 0.289289315863289 0.303235485786239
0.0719320069658929 0.13503669961634 0.307993941003491 0.485037352414276
0.345146537696308 0.16896926987029 0.291748056342366 0.194136136091037
0.243297118785841 0.182535970942931 0.111831974402253 0.462334935868975
0.269270094591542 0.408149758676781 0.206467725642532 0.116112421089145
0.459720039749973 0.30206880486853 0.12110745195578 0.117103703425717
0.111547974918014 0.268568762791587 0.367776757979143 0.252106504311255
0.162068377577207 0.136033934578025 0.357995575349835 0.343902112494933
0.0795605763550223 0.220135374750922 0.420804862287004 0.279499186607052
0.221156651725704 0.335677207696513 0.241580634438206 0.201585506139577
0.233498895405711 0.261562208692605 0.320820881528844 0.18411801437284
0.163528079131465 0.195817446145143 0.298080470415659 0.342574004307732
0.433394889846808 0.180656176303319 0.204301551483229 0.181647382366644
0.315734227482751 0.269398008876773 0.397751744383785 0.0171160192566898
0.27355863396752 0.387264347781812 0.276320129513768 0.0628568887369003
0.133761648007114 0.329046502396239 0.344907026469923 0.192284823126724
0.330843194128734 0.158676923924472 0.368305715025499 0.142174166921295
0.272282545518263 0.360942310185819 0.202091894455337 0.164683249840582
0.0833852441062238 0.29129410622337 0.265279708951247 0.360040940719159
0.112940058543316 0.515300491728615 0.130693595050722 0.241065854677347
0.370777976724614 0.259420361451021 0.19104235491559 0.178759306908775
0.318624578764239 0.288289805349188 0.179567320435018 0.213518295451554
0.404613642090657 0.341407611281609 0.199859278038465 0.0541194685892692
0.179412843269904 0.283931014264902 0.27329547490906 0.263360667556135
0.174776440134882 0.237395508225391 0.27592387610313 0.311904175536597
0.19491128257033 0.178411016291235 0.305017785046349 0.321659916092085
0.16305536271996 0.280712117026341 0.256768488031148 0.299464032222552
0.248803673443213 0.231469010864811 0.0757754705065547 0.443951845185421
0.130622772918596 0.399989650767418 0.183448839609997 0.285938736703989
0.124207297204558 0.283036799826665 0.369467396877284 0.223288506091493
0.213837794031937 0.276728865369022 0.346166954222872 0.163266386376169
0.251534877731639 0.29287810919711 0.186611095519706 0.268975917551544
0.268251117071468 0.191602001564478 0.221734169838298 0.318412711525757
0.341749837398978 0.303061148222221 0.183204788851595 0.171984225527206
0.161650305698187 0.318590515482133 0.247004770057385 0.272754408762295
0.231809011197653 0.104274923400587 0.178394716184113 0.485521349217647
0.163990709786112 0.161166209720955 0.203836540359994 0.471006540132939
0.130689010841425 0.390047883711364 0.176469225946332 0.30279387950088
0.250062429154282 0.145473953160043 0.313598400189894 0.290865217495782
0.16084500496362 0.191771262750961 0.217644041990817 0.429739690294603
0.213635953618558 0.121051454807357 0.197138552685038 0.468174038889047
0.289514818669319 0.229326625691124 0.257263581827776 0.223894973811781
0.230213878190569 0.323527688841743 0.227076725437206 0.219181707530482
0.360160082011181 0.270140694954572 0.158060291092266 0.211638931941981
0.268020851791397 0.215792875357861 0.261358951077884 0.254827321772858
0.354562870159354 0.140654374134612 0.287139487831285 0.21764326787475
0.29191752629939 0.257593321843233 0.158106203323128 0.292382948534249
0.24849277922773 0.211942499310509 0.255960245812322 0.283604475649439
0.131602789724514 0.120545914265549 0.288170235982665 0.459681060027271
0.318156418689357 0.159574728743614 0.319555369738263 0.202713482828766
0.224034868727022 0.197619833661824 0.093107266637912 0.485238030973241
0.235128835492418 0.370619033506854 0.220684199207271 0.173567931793457
0.462083397576808 0.347405417502658 0.0994906053126241 0.09102057960791
0.164811824869341 0.262038136166998 0.313622156984482 0.259527881979179
0.201663317277534 0.0984654138292703 0.344246224393193 0.355625044500002
0.0535377281824434 0.239244819001275 0.436935983067487 0.270281469748795
0.195088879462509 0.285169083227898 0.246603763093945 0.273138274215648
0.164454650243198 0.243814948440824 0.365496109481965 0.226234291834013
0.209101136173667 0.170362363471564 0.276249379661529 0.344287120693241
0.469630053370623 0.156638337833147 0.235085544465699 0.138646064330531
0.282907071532971 0.315156092869178 0.339481174137981 0.0624556614598699
0.223915634887277 0.408237579401968 0.332437217419063 0.0354095682916925
0.0765143144176384 0.348266092729762 0.329194115823816 0.246025477028784
0.359589566380505 0.157084196366017 0.366812428905259 0.116513808348218
0.217221069445966 0.382362592794415 0.194411906692515 0.206004431067103
0.05359848039346 0.267426762694242 0.363401642438957 0.315573114473341
0.086294490693106 0.539907926830258 0.122612168619996 0.25118541385664
0.375696505829521 0.251938541099344 0.256218130342496 0.116146822728639
0.268903016146315 0.314586841802804 0.162003518175044 0.254506623875837
0.389772528868592 0.318653561928075 0.21133698948598 0.0802369197173534
0.16693381229453 0.279333490386573 0.262283025712054 0.291449671606842
0.229698514645132 0.216696522954236 0.249324200022616 0.304280762378016
0.225299615339837 0.166486304525048 0.279903334122484 0.328310746012631
0.162758931661873 0.312826758767259 0.218543024538585 0.305871285032283
0.240116339150878 0.208260942140322 0.118601865057057 0.433020853651743
0.157264449161758 0.465914557888061 0.122723922806114 0.254097070144067
0.109014330197388 0.252172234775504 0.3813741970228 0.257439238004308
0.221337269966247 0.290300182833834 0.335304603398118 0.153057943801802
0.28266944481543 0.285135313959537 0.209185914311761 0.223009326913272
0.248753815217042 0.167470768424117 0.237789502364164 0.345985913994677
0.276164780881239 0.319191938022302 0.160564282015708 0.244078999080751
0.233068572610411 0.268971600485161 0.210971511249074 0.286988315655355
0.192775659586075 0.107614671287226 0.159576187129125 0.540033481997575
0.112695593498456 0.159669842750714 0.267936432262872 0.459698131487957
0.11658342312102 0.357566944134728 0.217573255711451 0.3082763770328
0.245241131453299 0.143802240564772 0.290398872455935 0.320557755525994
0.154452480083263 0.185443255259422 0.195800629344259 0.464303635313056
0.209931050902577 0.102872498276602 0.241049428415254 0.446147022405567
0.303590743026486 0.197116518654025 0.270810202043996 0.228482536275493
0.233689118482596 0.319745841273281 0.245873135167773 0.200691905076349
0.335604168110923 0.238012825045409 0.212516123728716 0.213866883114953
0.296953290826667 0.213597201561047 0.211968028876319 0.277481478735967
0.349338961889809 0.152762202533778 0.243320197594715 0.254578637981698
0.223832454982936 0.291579358002564 0.194271348636262 0.290316838378239
0.282856974599475 0.245981627614503 0.152001701054406 0.319159696731616
0.113427068718978 0.110965094741423 0.318277495523484 0.457330341016116
0.315783077462873 0.102108454016711 0.357092293255736 0.225016175264681
0.186947233060192 0.243062265209969 0.106866171118986 0.463124330610853
0.269718439908815 0.341448108883823 0.2411303247882 0.147703126419163
0.476206810537715 0.347011961020097 0.0909369679230648 0.0858442605191232
0.139559831413883 0.27329363428104 0.323222712485429 0.263923821819649
0.166183145381483 0.135085631571436 0.352482158927071 0.34624906412001
0.067957587015287 0.273965867497706 0.38081370115291 0.277262844334098
0.158241156123057 0.323209294192289 0.243191343815771 0.275358205868884
0.152532886997716 0.228269744746914 0.390438413658477 0.228758954596893
0.244980431364929 0.125017705217384 0.291844601367263 0.338157262050424
0.48497018475215 0.161401768603401 0.195708236189682 0.157919810454767
0.300733565991102 0.310058355764081 0.33787507419016 0.0513330040546574
0.22430270579153 0.351579587028747 0.38661183190721 0.0375058752725128
0.0693303921259051 0.373457726133063 0.302321722841339 0.254890158899693
0.339051452415784 0.156200545982105 0.335878744165975 0.168869257436136
0.219065168377145 0.409840231107263 0.163493348901942 0.20760125161365
0.0411254839925579 0.288720859580655 0.329439976139228 0.340713680287559
0.0655549997759207 0.555744799287552 0.122750188896786 0.255950012039741
0.326222795843907 0.229718139528678 0.278114052830098 0.165945011797318
0.261834912419828 0.304983855811872 0.154514673165687 0.278666558602613
0.385111957408911 0.348031101098748 0.200049837650121 0.0668071038422199
0.140649633552323 0.275696857794622 0.271364825464366 0.31228868318869
0.249254867280978 0.263378978781485 0.159892977552604 0.327473176384933
0.191803071208061 0.183679103319761 0.278603654977034 0.345914170495144
0.132964829103938 0.365236972148777 0.20490608589308 0.296892112854205
0.231018650703659 0.206185476534728 0.120238919792386 0.442556952969227
0.163419777701657 0.402393413762217 0.119464710264953 0.314722098271173
0.0965397323349324 0.248502740745904 0.373869152728279 0.281088374190885
0.242341923007265 0.29379296622801 0.324305743699234 0.139559367065492
0.213692575200868 0.300215314012231 0.262896013586519 0.223196097200381
0.264475062055844 0.164227795180067 0.147253015820449 0.42404412694364
0.305406103997241 0.28706027535434 0.14246154439477 0.265072076253648
0.264679270572289 0.279310225063596 0.173721735971623 0.282288768392493
0.248560560037619 0.0879627112004498 0.131049335146082 0.532427393615848
0.102731398249552 0.229425089462144 0.217727162409796 0.450116349878508
0.107725508996637 0.358649898923309 0.231305132611871 0.302319459468183
0.303751965012857 0.141595512993452 0.25271671586519 0.301935806128501
0.113257771507768 0.217392410588916 0.152628493756012 0.516721324147304
0.191052463683645 0.0592655107334307 0.262682171046736 0.486999854536189
0.310412655524466 0.163009949941284 0.252807786706164 0.273769607828086
0.229888822962255 0.306899231684103 0.247309130083437 0.215902815270204
0.383916101270052 0.240417650132114 0.166221893482731 0.209444355115103
0.311373167907613 0.21268765538624 0.175125534150604 0.300813642555544
0.339280277743311 0.177168681640761 0.241639807546874 0.241911233069053
0.257858736658259 0.246083990283005 0.184658107776791 0.311399165281945
0.283343768917315 0.194727870698818 0.157935706407307 0.36399265397656
0.124019434886089 0.0597972986316202 0.340370253520354 0.475813012961937
0.325610460307978 0.135661322494711 0.285401879038435 0.253326338158876
0.243385900887943 0.226725757964537 0.0724794247839097 0.45740891636361
0.325793232468772 0.35336260300527 0.199146258886712 0.121697905639246
0.497136763621111 0.310377936973735 0.068859977112609 0.123625322292544
0.133304232366593 0.292922855795373 0.329606366378564 0.244166545459471
0.166667796306983 0.104075702898861 0.396588730099668 0.332667770694488
0.0534962958413483 0.281411842291224 0.440285746891858 0.22480611497557
0.188643336873446 0.333013321562699 0.195332958993741 0.283010382570115
0.146190192584101 0.260499484145377 0.386986864466517 0.206323458804005
0.210474614908999 0.108263558499662 0.319321958048165 0.361939868543175
0.493426930286354 0.200970848328007 0.165200077728957 0.140402143656682
0.283739788089004 0.304612277240553 0.351443859190985 0.0602040754794583
0.264415635320808 0.31024543194325 0.393145690098898 0.0321932426370442
0.100778555957279 0.354632583255887 0.292130565317097 0.252458295469737
0.280659115282374 0.216566918076828 0.343160385758247 0.159613580882551
0.229616760752995 0.375263711301558 0.242423851100578 0.152695676844869
0.0954783394595626 0.239078249094757 0.313166110168212 0.352277301277468
0.0729757515601504 0.552312174715828 0.0510443357435333 0.323667737980489
0.336910219777903 0.210892335814106 0.320095556139314 0.132101888268677
0.251746250123061 0.325607662146205 0.0978054915086261 0.324840596222107
0.357077567394548 0.352083694902247 0.178586825740612 0.112251911962594
0.160665805964174 0.276522761353493 0.213124220208079 0.349687212474255
0.237610541014145 0.263509852618527 0.229010639304411 0.269868967062916
0.142142889069156 0.231503307078262 0.239114385510895 0.387239418341688
0.177922105892711 0.348258001111461 0.234313307996408 0.239506584999419
0.267381073572502 0.160258962103825 0.152292443093533 0.42006752123014
0.194907421455301 0.401971326240925 0.0883562924955242 0.31476495980825
0.0584816444125326 0.291660233382141 0.370229965757156 0.27962815644817
0.232015419336025 0.302589164172331 0.286297745512139 0.179097670979506
0.226736349516024 0.302530578789511 0.28010887239428 0.190624199300184
0.285720443175505 0.155406320058409 0.152217905697459 0.406655331068627
0.254950805431448 0.320503274142427 0.154921357167928 0.269624563258197
0.186063761627794 0.326238786228128 0.204940704664324 0.282756747479754
0.249496069140038 0.0866106584431661 0.131029984259505 0.532863288157291
0.0933035954202474 0.241937222237881 0.182329591160164 0.482429591181708
0.13852388806653 0.392211090217884 0.180033028816089 0.289231992899497
0.344329571927888 0.124228230786328 0.225052929505127 0.306389267780657
0.172346170408117 0.220558134094579 0.120451716460476 0.486643979036828
0.186135964530166 0.0828334614007785 0.248213079726093 0.482817494342962
0.286674675326118 0.145709145772366 0.272621322906836 0.294994855994679
0.199042078460059 0.328993918781809 0.198092794432438 0.273871208325694
0.385547353813355 0.18301028683749 0.185154860329936 0.246287499019219
0.350047166398753 0.196285654033259 0.148290752071509 0.30537642749648
0.346112583382129 0.193180970782998 0.194061041640946 0.266645404193927
0.224446515473561 0.235732414924932 0.209831100258175 0.329989969343332
0.300520279369142 0.154302279429077 0.209505081343242 0.335672359858539
0.121916201915395 0.1184165847632 0.336768993753043 0.422898219568362
0.360903935887216 0.106195548548571 0.337591791534104 0.195308724030109
0.255735981253957 0.226365822848979 0.119255615632232 0.398642580264832
0.320602390685002 0.33826787979623 0.22474577058786 0.116383958930908
0.502662344938599 0.322856987017939 0.0401876579741864 0.134293010069276
0.224151982735586 0.202414140312944 0.348223472863745 0.225210404087725
0.16426021756718 0.114826463199878 0.375784392006519 0.345128927226423
0.072712792984846 0.281455139547567 0.436492585628402 0.209339481839186
0.223173694744418 0.35112525453887 0.200950335684239 0.224750715032474
0.196443010527793 0.245540116291788 0.374859598660906 0.183157274519513
0.207335657323092 0.104184648872966 0.309919460772432 0.37856023303151
0.494215282767676 0.215487248216096 0.155295915259637 0.135001553756591
0.307282424634612 0.375530516136964 0.278449794208936 0.0387372650194887
0.18750550463538 0.322580212437234 0.4084152836907 0.0814989992366866
0.0456294546077536 0.421273587767508 0.267976620490413 0.265120337134326
0.298143213821364 0.222751112849332 0.3032655166321 0.175840156697204
0.195798610930231 0.386612238453417 0.295970868539847 0.121618282076506
0.0873618114809989 0.245207506202143 0.333316669854802 0.334114012462055
0.066806859313945 0.539398556281142 0.0737339820222742 0.320060602382639
0.336096628838979 0.213247294176518 0.308762104463131 0.141893972521372
0.295728993286422 0.342374735493206 0.0788174733982317 0.283078797822141
0.31492859781017 0.36016510618734 0.212071910891072 0.112834385111418
0.131947757624232 0.315581631453909 0.190688382567419 0.361782228354441
0.189131327861831 0.302459366921185 0.200474465381936 0.307934839835047
0.139106792103495 0.209079177169357 0.223717136721227 0.428096894005921
0.168892673285362 0.346610354654039 0.245646407248487 0.238850564812112
0.246578859948382 0.156119586452104 0.16952795372686 0.427773599872654
0.189769482961438 0.358408568446645 0.0787726273385544 0.373049321253362
0.0961483035220598 0.245163455877925 0.389894601033578 0.268793639566438
0.178238507003047 0.347051786333121 0.318633410280609 0.156076296383223
0.2197842763238 0.337215294756671 0.228725250706279 0.214275178213249
0.257572263080492 0.19916044874526 0.13491492681466 0.408352361359588
0.24695600704102 0.311609344033675 0.146349761003672 0.295084887921633
0.21704232627226 0.306504659310808 0.195045839925871 0.281407174491061
0.189527525458722 0.154529203706986 0.118226179158075 0.537717091676218
0.0913499695084006 0.235469135536528 0.20358471462991 0.469596180325161
0.116636311521407 0.421924484716569 0.182963420180587 0.278475783581436
0.40556358668859 0.113618661455628 0.202727153069227 0.278090598786555
0.15227426825876 0.211195021903375 0.119188295821615 0.51734241401625
0.172961209287513 0.0563318238141532 0.262040435467616 0.508666531430717
0.303461454923287 0.128425125636954 0.278782657511094 0.289330761928665
0.217366255083778 0.331321676552936 0.144337548184109 0.306974520179177
0.371820359551976 0.172262901736796 0.187467811166431 0.268448927544797
0.360362916385083 0.176403300300431 0.1323984889829 0.330835294331586
0.323538878294713 0.214050410541824 0.260507545527201 0.201903165636262
0.235329620996514 0.22875668489949 0.164603899772642 0.371309794331354
0.315296962083143 0.214602397416285 0.15112055638806 0.318980084112512
0.141734405183036 0.138353841649823 0.32423026661881 0.395681486548331
0.361484755135205 0.106108969216443 0.295180592310388 0.237225683337964
0.269568521359752 0.213002281232852 0.110457439419065 0.406971757988331
0.285184623967274 0.366559620844682 0.255216378035065 0.0930393771529795
0.576592035269587 0.255738174368661 0.0408834058097481 0.126786384552004
0.209104749818309 0.254447725605464 0.351226383325254 0.185221141250973
0.148115252216785 0.121377202410675 0.416078809739613 0.314428735632927
0.104403161390389 0.252782798913055 0.432940991239265 0.209873048457291
0.166261576099731 0.348339564188878 0.238468873974408 0.246929985736983
0.209160328276841 0.261703386688434 0.39118707332883 0.137949211705896
0.181116328620665 0.11048302882808 0.34127321531101 0.367127427240245
0.524124223499224 0.240994265225755 0.0656472286308485 0.169234282644173
0.290452672859244 0.356986482344395 0.314122507879583 0.0384383369167775
0.146934617946141 0.376531623857947 0.386814246754655 0.0897195114412573
0.0478085333829788 0.466924752040075 0.247053860110213 0.238212854466733
0.322806035281879 0.232066617879431 0.262118825296502 0.183008521542188
0.23598159963092 0.390643864326593 0.268526258761379 0.104848277281107
0.082882668434225 0.267661693592538 0.371221426504898 0.278234211468339
0.136304065189759 0.484826018076185 0.0288275713542289 0.350042345379827
0.28748597835872 0.2525000889666 0.268108572255188 0.191905360419493
0.265286075945288 0.376390320078928 0.0489779877531703 0.309345616222613
0.330417299065697 0.365197055800816 0.248272962862947 0.0561126822705405
0.136407316051566 0.303635796209067 0.178443042381946 0.381513845357421
0.160682879962404 0.2979029628612 0.239926552708144 0.301487604468252
0.119829799086084 0.205588673373447 0.23255102368361 0.442030503856859
0.18570799417087 0.369901363294119 0.22338693096236 0.22100371157265
0.283479146784699 0.155287162936719 0.158998504133119 0.402235186145464
0.147261342388393 0.356648638998046 0.119854521475287 0.376235497138274
0.0964328726155517 0.247970221737638 0.382369716314409 0.273227189332401
0.203986235991109 0.379603570872949 0.259448442268923 0.156961750867019
0.224935187774419 0.285033386221831 0.269228584576135 0.220802841427614
0.313553212242532 0.199319654026202 0.173214066002098 0.313913067729167
0.249916876361688 0.292387325224152 0.164565825797196 0.293129972616964
0.19751366894043 0.339697122617285 0.201032555866397 0.261756652575888
0.205859861857495 0.146261926472286 0.168685172332909 0.47919303933731
0.0932862492578984 0.300693784082956 0.204685669153919 0.401334297505227
0.0909808890743904 0.448391978469285 0.185775524101902 0.274851608354422
0.4029271780108 0.10301120832847 0.209353580557162 0.284708033103568
0.22197067594824 0.186833031790564 0.100119936796792 0.491076355464404
0.205099822503161 0.00557244489454244 0.259689459760676 0.529638272841621
0.277551272707548 0.0830072874425468 0.355621034646667 0.283820405203238
0.223351466373731 0.346445750870218 0.116331118143996 0.313871664612055
0.399018206584197 0.133054423326068 0.178202000059542 0.289725370030193
0.419769372247419 0.153791030000853 0.07677811235105 0.349661485400679
0.307271301224902 0.243265358061182 0.213455456169452 0.236007884544464
0.228897490768018 0.20189110532745 0.171182217586916 0.398029186317616
0.339424136251968 0.205747088451437 0.197256017741757 0.257572757554838
0.164330821077841 0.102712001834753 0.285898394015652 0.447058783071754
0.465606372543441 0.0953525424287406 0.22605484839576 0.212986236632059
0.234133243699608 0.235336423180647 0.135917545198413 0.394612787921332
0.294836322372197 0.330879868075034 0.235192211726489 0.13909159782628
0.604215182193312 0.241841657006215 0.013933958358123 0.14000920244235
0.231329414785816 0.281915150214231 0.338589378958411 0.148166056041541
0.163308110259213 0.129131602759897 0.399401507134373 0.308158779846516
0.11073529963515 0.238128104712329 0.43903597571083 0.212100619941691
0.19482240504114 0.31522515640108 0.230372597640154 0.259579840917627
0.187516968987103 0.237667790015523 0.394575723776425 0.180239517220949
0.191913762379518 0.142374099698996 0.313053477121646 0.352658660799841
0.537092590808301 0.218620509530456 0.0698382568353622 0.174448642825881
0.28994630300236 0.410666935788062 0.291405315226948 0.00798144598263058
0.130095746566991 0.371531337896514 0.421379414791734 0.0769935007447604
0.0259068030804904 0.409772913991481 0.263583511067304 0.300736771860725
0.306184000402477 0.177111774964837 0.28955562766977 0.227148596962916
0.274117079335863 0.382350170191093 0.236329876240892 0.107202874232152
0.0805218265345804 0.285526451555063 0.360480304647471 0.273471417262886
0.108749030461038 0.504180120836738 0.0667279530350397 0.320342895667184
0.258389971587869 0.250206831103106 0.277974712316246 0.213428484992779
0.319425385467286 0.343800601612304 0.015001138939698 0.321772873980713
0.397655203838325 0.349954720449166 0.232085688971537 0.020304386740972
0.142621568648985 0.285174906611876 0.202457173239486 0.369746351499652
0.117463238203344 0.308499122194563 0.267415527766221 0.306622111835872
0.135268629554422 0.15517973371129 0.253909891214554 0.455641745519734
0.184146267657551 0.424949044115855 0.19043571478388 0.200468973442714
0.214704799713396 0.155287162936719 0.197930502598096 0.432077534751789
0.164229688490323 0.34838265557995 0.093364920348182 0.394022735581544
0.1426414141008 0.225484935647115 0.337393413175872 0.294480237076213
0.210850286720309 0.318201725439666 0.288143729609011 0.182804258231014
0.206533461706888 0.323544327668125 0.263280537736805 0.206641672888183
0.331681413963069 0.16698124088989 0.138072522109421 0.36326482303762
0.220661601829791 0.332039999036968 0.114777123913678 0.332521275219563
0.192041431800955 0.366475557387234 0.182366686646703 0.259116324165108
0.190112269236012 0.183691151678428 0.105090022818178 0.521106556267382
0.0893177159373131 0.316497573255743 0.212243031134353 0.381941679672591
0.128578660301983 0.422990255992468 0.158205013679091 0.290226070026458
0.45033217329787 0.0800238130305009 0.234433937531084 0.235210076140545
0.249856133280253 0.207504637278151 0.0687907646572707 0.473848464784326
0.215627297687223 0.00110884657614444 0.225722587187311 0.557541268549321
0.32498806437177 0.0574804349035048 0.346396855119876 0.271134645604849
0.221026216491316 0.33678231160756 0.104854127982532 0.337337343918592
0.40455614396783 0.165017093950557 0.123207253476727 0.307219508604886
0.42185587264018 0.153608336118473 0.0627243163172094 0.361811474924138
0.33168547950576 0.255551150417306 0.174572690716143 0.238190679360791
0.242805680402112 0.223223407138066 0.150636612406829 0.383334300052992
0.31307905911823 0.190648210105984 0.212177740477501 0.284094990298284
0.17947807764382 0.0621762387365928 0.27077138086924 0.487574302750347
0.507077009058155 0.0772482337655717 0.201161188704899 0.214513568471374
0.249199918062941 0.271482604816206 0.124885185151311 0.354432291969542
0.288556143527734 0.329571657345413 0.261106821449747 0.120765377677105
0.561659293032008 0.214040094829896 0.0376289191718596 0.186671692966236
0.204032165762712 0.288520435602881 0.382321309746319 0.125126088888087
0.190886508239173 0.118398864901118 0.393153557801909 0.297561069057801
