0.313000767745808 0.183289030495753 0.334402032414176 0.169308169344262
0.348235902984986 0.227772697185492 0.153171771930284 0.270819627899238
0.435616323260903 0.0978193894003296 0.359309034071875 0.107255253266892
0.288908579581139 0.189271157742547 0.235592977184646 0.286227285491668
0.17492434739994 0.135978947631217 0.371211367878341 0.317885337090502
0.195791737824864 0.24700381539363 0.304106685282934 0.253097761498571
0.22231389687132 0.23317011330095 0.074859050261546 0.469656939566183
0.192921282212178 0.287957614837395 0.151805143832711 0.367315959117716
0.374617901743681 0.208555570296835 0.190051195607544 0.22677533235194
0.299169470563116 0.247892514062696 0.219267240651366 0.233670774722822
0.274716869223534 0.218433047049389 0.385866508286594 0.120983575440483
0.13753319683732 0.458445807587377 0.256226240779957 0.147794754795347
0.371797875030049 0.225728594475262 0.261279169390313 0.141194361104376
0.267811890079397 0.300802315896228 0.374050469259078 0.0573353247652971
0.214370717953535 0.364749698341351 0.260940848201364 0.159938735503749
0.195885196222942 0.35198426770319 0.267062900925345 0.185067635148524
0.423092058785175 0.14603888764394 0.198041001718813 0.232828051852072
0.349029423024427 0.164727882929054 0.224383505612225 0.261859188434294
0.434645824459874 0.22463964841445 0.13924739450148 0.201467132624196
0.280040934592076 0.241686125725525 0.322492278940852 0.155780660741547
0.271029455910424 0.412636728485175 0.192397829629464 0.123935985974937
0.49503022289476 0.135808567511351 0.14183145078666 0.227329758807229
0.199917203820275 0.253894369836691 0.266140306357557 0.280048119985478
0.404649364097314 0.314661183553473 0.0822380643763722 0.198451387972841
0.579767545479084 0.0935128734370157 0.164874888737699 0.161844692346201
0.215549876201159 0.258020095942773 0.144650257439341 0.381779770416727
0.139762721067072 0.412927473673853 0.184742326624005 0.26256747863507
0.332716374020273 0.142551550490225 0.228357545388498 0.296374530101004
0.40141964984161 0.241490216487524 0.260246565094333 0.096843568576532
0.144593730562159 0.271519698232444 0.382785784876046 0.201100786329351
0.354458809738674 0.184625402370176 0.222787624623874 0.238128163267275
0.298662334154454 0.239785452598727 0.299046969916666 0.162505243330153
0.192730092247134 0.192534514391336 0.319195789612318 0.295539603749213
0.266415898547096 0.312936263713005 0.164186216739802 0.256461621000098
0.438739550961526 0.135913189495089 0.353961435743461 0.0713858237999244
0.241322665883719 0.203586932525022 0.187263589268977 0.367826812322282
0.229837861288212 0.184012744692397 0.267982611301821 0.318166782717569
0.2696271762312 0.157380187501513 0.254628828607626 0.318363807659661
0.193873817313603 0.39176017890686 0.207339518928587 0.20702648485095
0.180085353190547 0.354240995429405 0.31552853492729 0.150145116452758
0.13097194486489 0.345032887400335 0.172726168410294 0.351268999324481
0.181859168145711 0.344951300328501 0.315047927118431 0.158141604407357
0.324832074533617 0.341611541905492 0.140317869464076 0.193238514096815
0.181861563706183 0.0930626196399189 0.550649862018146 0.174425954635752
0.257770337916509 0.129332170974442 0.439094981115041 0.173802509994008
0.367448336057638 0.16228917757233 0.175730271486518 0.294532214883514
0.0985010903991285 0.254132723628921 0.485450597479478 0.161915588492473
0.26786379079361 0.208877046969674 0.341975719623691 0.181283442613025
0.351359466350066 0.21864079709244 0.157555370436967 0.272444366120528
0.459004744394762 0.0978193894003296 0.335321623068548 0.10785424313636
0.287049319143362 0.227246412542951 0.214699475583697 0.271004792729991
0.162470084011295 0.150893193750077 0.376216728243953 0.310419993994674
0.202824799724575 0.226167368668332 0.339593541444085 0.231414290163008
0.14556391829011 0.294356203785212 0.105504934188901 0.454574943735778
0.173158100486894 0.316017697794777 0.142012365651566 0.368811836066764
0.387902123553271 0.212108163797188 0.192889638256771 0.20710007439277
0.333631681622988 0.258058556739124 0.170820237505664 0.237489524132224
0.321272753603894 0.206104644095235 0.364774041427912 0.107848560872959
0.132010101935738 0.409396596369588 0.277554631774998 0.181038669919677
0.400072082330323 0.235847346698468 0.278217565974323 0.0858630049968862
0.291544478333313 0.292788915524809 0.35297858777833 0.0626880183635489
0.254592517851962 0.375528437656343 0.23688058754554 0.132998456946154
0.194139751017344 0.34487736511899 0.312235624436113 0.148747259427553
0.434378365183863 0.203389903350021 0.126469636172844 0.235762095293273
0.35794693430808 0.182700477806992 0.222935328909973 0.236417258974955
0.357845492509221 0.224003418785287 0.18171290208983 0.236438186615662
0.252985160056092 0.259201454519777 0.346398400826955 0.141414984597176
0.293789203078008 0.445181594648691 0.17967061041387 0.081358591859431
0.483773437099202 0.142580418533846 0.126888754113563 0.24675739025339
0.211941732021711 0.225292306844405 0.2723263152242 0.290439645909683
0.435537932462795 0.291243603181285 0.0827063606022534 0.190512103753667
0.574612289036125 0.119324846662807 0.159104561354047 0.146958302947021
0.291971227803926 0.272192249496 0.119949016448797 0.315887506251277
0.176680981911031 0.399749612319074 0.167305472693883 0.256263933076012
0.312472220384697 0.176061051932539 0.192933201577615 0.31853352610515
0.391965268625991 0.242218049637246 0.248658218980184 0.117158462756578
0.132693264405501 0.332524001703862 0.377843166408434 0.156939567482203
0.363446543448766 0.124344109357509 0.223499179029153 0.288710168164572
0.262727786121053 0.246009180477841 0.322539479287801 0.168723554113305
0.208574607678807 0.155793201076339 0.315877909744345 0.31975428150051
0.284388099044848 0.303939840722547 0.163432646624608 0.248239413607997
0.411810871776305 0.0858045778939166 0.349877577598293 0.152506972731485
0.27515421278754 0.168958497207595 0.188215029231933 0.367672260772933
0.243556470468281 0.216486091603535 0.241930713932496 0.298026723995688
0.283709603699583 0.158284146078477 0.277521636386761 0.280484613835178
0.200964515001421 0.399553117937193 0.139444659322419 0.260037707738967
0.195761333031582 0.313441258930084 0.345779643380667 0.145017764657668
0.103819482619459 0.335395344097374 0.169949378844025 0.390835794439142
0.160228307181642 0.346366257412263 0.333723079726624 0.159682355679471
0.306387531958455 0.340363816100922 0.184117089966919 0.169131561973704
0.242103485528491 0.06110994814279 0.514798628553946 0.181987937774774
0.284902914440091 0.132998225239783 0.388449854805795 0.193649005514331
0.318843939775175 0.183750382174713 0.190240214736386 0.307165463313726
0.1091125290805 0.207446097717532 0.498038737527797 0.18540263567417
0.311364871954112 0.202076012436255 0.322666288629365 0.163892826980268
0.386505342638945 0.20459817431597 0.143891879872172 0.265004603172912
0.468084215014089 0.0955032333357037 0.316747074590776 0.119665477059432
0.234634990323057 0.296513576026842 0.222721574129613 0.246129859520488
0.192990363245338 0.132783122551761 0.414064831162314 0.260161683040587
0.238223978046979 0.152790609608139 0.382173153323859 0.226812259021022
0.186202922052154 0.274769287598831 0.106410034450926 0.432617755898089
0.149436464021842 0.35919163628383 0.145999946265032 0.345371953429297
0.334359855044226 0.208283030561529 0.194722057250352 0.262635057143893
0.347003719502878 0.228232064202311 0.175299065317209 0.249465150977602
0.298863508627887 0.190230635819667 0.406863618784731 0.104042236767715
0.176092608530451 0.353004874615253 0.285477473924853 0.185425042929443
0.41831944014443 0.195325205648154 0.32785250163461 0.0585028525728059
0.305040709993559 0.298469295442421 0.304737421194136 0.0917525733698834
0.268300718309003 0.380259328603737 0.265966693478487 0.0854732596087728
0.188465468695638 0.378025352260263 0.275559776631241 0.157949402412858
0.424653389661022 0.192845583375296 0.118978578009266 0.263522448954415
0.364117382421778 0.178983344031639 0.230823042416326 0.226076231130257
0.377680282829822 0.247006840596441 0.146043834372439 0.229269042201297
0.260813200197704 0.248676258450856 0.356523195092676 0.133987346258763
0.326904033144923 0.383712483522775 0.202026054048894 0.0873574292834075
0.506705946263295 0.160455366498292 0.141382919577401 0.191455767661011
0.21309836518854 0.227115557537674 0.24379120863232 0.315994868641465
0.410014369826568 0.269698476839769 0.0968860666344085 0.223401086699255
0.568325134288719 0.142349447791225 0.159132299533826 0.13019311838623
0.317066377311905 0.275384528489083 0.118490848162898 0.289058246036114
0.205511837064532 0.357138638355327 0.198417251431861 0.238932273148281
0.327158239073068 0.198812324809751 0.137588505409293 0.336440930707888
0.374407822048871 0.29616008741266 0.269537777919671 0.0598943126187982
0.169345514620912 0.313840223378068 0.445521889461975 0.0712923725390446
0.354505326163884 0.174841133200272 0.165052766961293 0.305600773674552
0.272868542976306 0.240176260114668 0.290244207143545 0.196710989765481
0.258038341971465 0.137326093189658 0.279653229169967 0.324982335668911
0.256703471891635 0.278659118416204 0.191678584646763 0.272958825045397
0.446254371191953 0.0975178159834948 0.289805969494248 0.166421843330305
0.203024761234202 0.221054813315377 0.189227991875223 0.386692433575198
0.287179028019415 0.235202820151123 0.233235390324379 0.244382761505083
0.286203511851102 0.170666405601042 0.303871540053176 0.239258542494681
0.197896390801203 0.408074920969101 0.12397199682697 0.270056691402725
0.200345956375126 0.38344656759798 0.299655943408726 0.116551532618168
0.106693242993955 0.396490385448301 0.121631559796073 0.375184811761671
0.173186725695523 0.380504204146235 0.28352885233966 0.162780217818583
0.31441582796134 0.329846898989105 0.233826776603843 0.121910496445712
0.230247466142168 0.0915550360650614 0.481309206659172 0.196888291133599
0.298284908111737 0.1575163717279 0.354089806596012 0.190108913564351
0.346155126017325 0.152999664183681 0.234799261345015 0.266045948453978
0.149163050945987 0.167192543729819 0.474714694509287 0.208929710814907
0.29938246165778 0.231191697110144 0.287834826899883 0.181591014332193
0.355225969865812 0.196476189537998 0.176536840913105 0.271760999683085
0.423478648773009 0.0972047928346099 0.337013282497892 0.14230327589449
0.225845333895368 0.255909554841997 0.233733791584458 0.284511319678177
0.257430474356955 0.108019690726785 0.39800729690839 0.236542538007871
0.270241420677583 0.173218248075075 0.360070510583503 0.196469820663839
0.184027249222537 0.23515848118863 0.109055280419523 0.47175898916931
0.130130458181652 0.369999829030311 0.184520337562093 0.315349375225945
0.32065727022948 0.195799790043043 0.196582732663979 0.286960207063498
0.330096017663651 0.233931449043448 0.197056257516793 0.238916275776109
0.3240932640444 0.176422821885849 0.381388976427874 0.118094937641877
0.202143036045744 0.371240206854672 0.291317138658356 0.135299618441228
0.453607977403178 0.118186191345634 0.354567984330337 0.0736378469208513
0.331150680284705 0.258702753428454 0.325585281568624 0.0845612847182178
0.31697822826227 0.281218636088765 0.305849215246355 0.09595392040261
0.194928093842016 0.343880925279043 0.271884569828222 0.189306411050718
0.370432297583818 0.222175060550203 0.155896368331598 0.251496273534382
0.421684568126608 0.215272964582454 0.199254599002036 0.163787868288903
0.33136000398619 0.299282693001442 0.114870765755667 0.254486537256701
0.284059713242865 0.256228052973298 0.336692849107429 0.123019384676408
0.295830208392103 0.356102899950291 0.24094776123062 0.107119130426987
0.521057254288948 0.182955961814816 0.128964088530731 0.167022695365506
0.235051509892998 0.242837167138261 0.206714535115316 0.315396787853425
0.415410031429529 0.227753462638431 0.145276405041307 0.211560100890733
0.5755343624076 0.135615291706512 0.139357086180257 0.14949325970563
0.340661932747073 0.174121344825251 0.172637619435543 0.312579102992134
0.20935807223037 0.400583301664819 0.21236955208868 0.177689074016131
0.331081437752763 0.223872999905052 0.108054762825703 0.336990799516481
0.382218965810372 0.303881600677938 0.252772170433658 0.0611272630780326
0.206336299614308 0.314746971213756 0.44054442682334 0.0383723023485963
0.283028902592299 0.19151206395257 0.215243841984324 0.310215191470808
0.264530238809624 0.202160344114082 0.292050877157593 0.241258539918701
0.268322491548374 0.130231918409007 0.276315013646567 0.325130576396051
0.328846820873262 0.324502627447897 0.122480397392394 0.224170154286448
0.449199132863777 0.124440754793225 0.246902153422909 0.179457958920089
0.177590458317219 0.2835537825974 0.151915229034339 0.386940530051042
0.233026710674273 0.26471950223228 0.239627393588424 0.262626393505023
0.276517329499086 0.145565871226682 0.294392256511735 0.283524542762497
0.193739084861615 0.375244905597082 0.144218908673304 0.286797100867999
0.213335573432736 0.383936532952771 0.276860571930303 0.12586732168419
0.0739843814722771 0.417287977372503 0.0871135019023441 0.421614139252876
0.157637043149116 0.361405095329645 0.320405985815742 0.160551875705498
0.325808215156132 0.297329583646548 0.246172715745076 0.130689485452244
0.238879682308174 0.0642723390561386 0.49245388859763 0.204394090038057
0.292939783441899 0.159538060486296 0.343001723854532 0.204520432217274
0.291590505439595 0.157455660307988 0.290933919168729 0.260019915083688
0.123583139388262 0.152690254379907 0.515059502102206 0.208667104129625
0.277686888745785 0.232343824148366 0.289852123756385 0.200117163349464
0.374514212124875 0.182121809533192 0.222011554354322 0.221352423987611
0.374615796325808 0.0670013529106753 0.306384206341127 0.25199864442239
0.266518127099798 0.232738447312801 0.252428515662981 0.24831490992442
0.203052848887603 0.132345938570931 0.404425088942726 0.26017612359874
0.270474472399754 0.165712196578472 0.371873603635507 0.191939727386267
0.199780233986359 0.221348225059266 0.118291727414578 0.460579813539797
0.135265280516746 0.346394054518495 0.215857072704488 0.302483592260271
0.35197729777085 0.219649272772608 0.16098815504231 0.267385274414232
0.295956176898959 0.231198300123797 0.215361786204572 0.257483736772673
0.336598350247273 0.184307981566003 0.355790236513743 0.123303431672981
0.191447658052346 0.377063640440137 0.323028558399979 0.108460143107537
0.459326058201575 0.0954007012055476 0.339292321809902 0.105980918782975
0.329552667528847 0.264974455235144 0.27909836037345 0.126374516862559
0.354502880557085 0.236538937129539 0.320845909012798 0.0881122733005781
0.196958938455925 0.299104156133652 0.287516446696651 0.216420458713772
0.398847723625283 0.186956265248577 0.116320421191487 0.297875589934653
0.454561746610949 0.177399052771415 0.198400682441736 0.1696385181759
0.408256687636747 0.2275373889599 0.136826196921074 0.227379726482279
0.282047763062697 0.251951513727678 0.33951996118726 0.126480762022365
0.283475456698319 0.345799729285589 0.269557870355185 0.101166943660906
0.468944024804417 0.205309894844624 0.155808449157732 0.169937631193227
0.193607054520595 0.234341061851503 0.237117506709911 0.334934376917991
0.376457337481007 0.221471208475488 0.165531891370858 0.236539562672646
0.558681491614519 0.117154861652984 0.150853914699996 0.173309732032501
0.389130885082024 0.141040995178044 0.166167370459286 0.303660749280646
0.197309133278449 0.505945227644197 0.183554023384827 0.113191615692527
0.323178749615507 0.211078283836742 0.114384473746976 0.351358492800775
0.400162794031549 0.231489875736385 0.2512008822934 0.117146447938666
0.162047174228613 0.306462434208518 0.455718702425088 0.0757716891377803
0.279440822290884 0.243616661677544 0.175970217844719 0.300972298186854
0.266825286523766 0.201595299235333 0.232685265110334 0.298894149130567
0.210995681806585 0.175833261219558 0.294133867068635 0.319037189905221
0.317908953600384 0.309420774342676 0.159956589126125 0.212713682930816
0.472599442004338 0.104563123721503 0.221188074231234 0.201649360042925
0.185693675309678 0.28740649773109 0.154048091654394 0.372851735304838
0.212063471877588 0.242443395126853 0.241450256176293 0.304042876819265
0.264964052586777 0.173051465368445 0.278154617411444 0.283829864633335
0.116554815464794 0.403026542970928 0.171051593739924 0.309367047824354
0.204629905595679 0.331370580346971 0.29183001571044 0.172169498346911
0.0776214144572659 0.332086710481413 0.144218274330628 0.446073600730694
0.195409674031798 0.345842282718184 0.272164447045944 0.186583596204074
0.334714663334591 0.315098838285827 0.226063799990249 0.124122698389333
0.252525277882227 0.067732261501611 0.479975116983952 0.19976734363221
0.290755721782399 0.177645710956052 0.341283154319235 0.190315412942315
0.3073540157434 0.183647786079182 0.240104362293332 0.268893835884086
0.113658348362566 0.12452689944292 0.542754338087518 0.219060414106996
0.278780008221776 0.181559087166052 0.312310364355757 0.227350540256415
0.333592465889767 0.154865045946417 0.24934419674355 0.262198291420265
0.380314378838368 0.0583158867233676 0.314798029336625 0.24657170510164
0.2569057228765 0.254611615634127 0.278028270992294 0.21045439049708
0.216398596922375 0.112419761465996 0.351889099254249 0.31929254235738
0.247509373505553 0.145403651882164 0.416288125785107 0.190798848827177
0.201792475903322 0.234445296613778 0.109559760302762 0.454202467180138
0.141100372584465 0.327429262330005 0.25541693640432 0.27605342868121
0.285707300036506 0.222187648689965 0.175753593735886 0.316351457537644
0.303633158271019 0.248491799603798 0.261667160039483 0.1862078820857
0.323173881124144 0.173149307582703 0.393037821343782 0.110638989949371
0.197650681955418 0.431527063425419 0.291846438427907 0.0789758161912563
0.415403836139328 0.0855389361428783 0.384294558434616 0.114762669283177
0.31462199553404 0.239543824214572 0.29793540813173 0.147898772119658
0.334094279522652 0.230589756195426 0.361519977558721 0.0737959867232007
0.270694699306757 0.290095865555739 0.273023968963941 0.166185466173563
0.405669032981302 0.203255631908528 0.142493907612372 0.248581427497799
0.458266415367058 0.159309180457984 0.241922804152439 0.140501600022519
0.427496082341093 0.248402230942156 0.0967219602344717 0.227379726482279
0.274176495106481 0.234001325929554 0.333918981717078 0.157903197246887
0.327763904896087 0.349181316047268 0.208587005991705 0.11446777306494
0.48839148789751 0.229509734397954 0.113108980212812 0.168989797491724
0.151483353207783 0.258342376959537 0.265718178114185 0.324456091718494
0.34236254920139 0.247937345884931 0.210398043955877 0.199302060957802
0.48445910924693 0.151811608478187 0.137831308695035 0.225897973579847
0.408151928088821 0.12722903063637 0.155896268403146 0.308722772871663
0.203951202602602 0.490167789073684 0.15881831143914 0.147062696884573
0.27202124474239 0.226482928608221 0.139662954633458 0.361832872015932
0.381220624780163 0.260341065788613 0.235371697490685 0.123066611940539
0.132899848772471 0.351333760872515 0.422245488214844 0.0935209021401696
0.259078036261884 0.213885296058317 0.207820854595178 0.319215813084621
0.271663343304629 0.165507739105516 0.24110964885563 0.321719268734225
0.220966999938596 0.202388182314352 0.305502124318341 0.271142693428711
0.329915487654328 0.278587324819478 0.188962928648436 0.202534258877758
0.425773185355701 0.0794933694068939 0.237237222868337 0.257496222369069
0.188995287655645 0.280328262245266 0.156367577325281 0.374308872773808
0.177850840814751 0.253813011222762 0.281695431503002 0.286640716459485
0.270368410065032 0.187336415141436 0.303324664934432 0.2389705098591
0.114117142048805 0.429554330337577 0.160451478561538 0.29587704905208
0.16266731043393 0.350096778396233 0.303148271118409 0.184087640051429
0.0708379224031741 0.397362473130666 0.102562643636624 0.429236960829536
0.181445688710919 0.424625507334384 0.247222379128508 0.14670642482619
0.314333386670034 0.37908048922434 0.228861087599677 0.0777250365059488
0.243807122842985 0.0859692584102831 0.495005003797088 0.175218614949643
0.301013928158273 0.160647616880226 0.3183837402267 0.2199547147348
0.364481055506545 0.147756480284243 0.211276451684953 0.276486012524259
0.151936026740492 0.103849355138285 0.551129186356677 0.193085431764546
0.284241189671713 0.146387582224516 0.351168614209122 0.21820261389465
0.360651312736688 0.161303728972189 0.255543639001189 0.222501319289933
0.374330887282114 0.038143432847947 0.289391720334779 0.29813395953516
0.251208032279928 0.246423406731407 0.272257818415604 0.230110742573061
0.231225044689348 0.0854099921056941 0.327125644710823 0.356239318494136
0.233714249051362 0.162119469611873 0.395781309416091 0.208384971920674
0.18453204247836 0.238970891073625 0.108066335386355 0.468430731061661
0.161512035376786 0.321161289975461 0.264498396759403 0.25282827788835
0.272608975078969 0.245754268706901 0.196528573799902 0.285108182414228
0.376473123208903 0.230461403214722 0.280200880144671 0.112864593431704
0.315412309561993 0.21063185850921 0.410204370002642 0.0637514619261546
0.180652066961773 0.399568436102963 0.356743683183318 0.0630358137519455
0.414236839977409 0.133132988515611 0.381175587188322 0.071454584318658
0.316348018042268 0.239159790766509 0.283629268150821 0.160862923040402
0.333542045253672 0.250470594136736 0.36163357099643 0.0543537896131624
0.31068825942303 0.253903133164093 0.299828314868324 0.135580292544553
0.434207071696789 0.177408096817075 0.143118979217108 0.245265852269028
0.489131825651662 0.141210258803238 0.213737707949788 0.155920207595311
0.402039893512408 0.260599588049809 0.126956524109018 0.210403994328765
0.271525697052535 0.262029324835882 0.315891545920975 0.150553432190608
0.305168856258492 0.373652533540096 0.215396182391543 0.105782427809869
0.472841780444045 0.273377645639204 0.0950186701137425 0.158761903803008
0.213732739023596 0.220682591615971 0.225756871485646 0.339827797874787
0.326400311342478 0.277097929864614 0.202762497433662 0.193739261359246
0.483693367601339 0.177412604055593 0.0973698915587873 0.241524136784281
0.402500285083854 0.073793755316872 0.175656662505341 0.348049297093933
0.210863118451798 0.454653778602159 0.187258842223569 0.147224260722474
0.25066442885687 0.244487136939916 0.144553145489989 0.360295288713225
0.396124865025396 0.266332822844357 0.22597802307608 0.111564289054167
0.139992806960621 0.35378443254813 0.465047492515601 0.0411752679756482
0.230050901878088 0.191962207979697 0.22499295261527 0.352993937526945
0.234971643161355 0.209645251072499 0.256403681556688 0.298979424209458
0.199134343538085 0.187045619179734 0.252210525383894 0.361609511898287
0.308202635774908 0.307861121640259 0.179704923450811 0.204231319134023
0.4507161091353 0.0649217564383187 0.262756471624218 0.221605662802163
0.230452586659023 0.2409792107269 0.157485509557145 0.371082693056932
0.143869288868843 0.26507370239148 0.331992099204334 0.259064909535344
0.247656209580794 0.179382011732633 0.307793615266807 0.265168163419766
0.104889843819571 0.443664291973709 0.122336568122649 0.329109296084072
0.134319700618975 0.324037998896506 0.294829892580748 0.246812407903771
0.0863541889791886 0.410671031400303 0.0971146837658253 0.405860095854684
0.165333076179631 0.439275833504178 0.185308691497485 0.210082398818705
0.358243009812133 0.355392213019128 0.189766397290538 0.0965983798782006
0.293225880431122 0.0865616430897589 0.465718941754859 0.15449353472426
0.244198867289879 0.216142030760159 0.350601462042387 0.189057639907575
0.350354670509037 0.124953201586123 0.248457971186563 0.276234156718277
0.138062792675243 0.0892110495780647 0.617608809092319 0.155117348654374
0.279708802482611 0.216812540083147 0.286135236152871 0.21734342128137
0.380510108135302 0.136448820205033 0.264094203334753 0.218946868324912
0.345050209204048 0.0667839246078172 0.308712101656956 0.279453764531179
0.253279407120963 0.217447553500602 0.303201249800699 0.226071789577736
0.197401656695149 0.113761406111432 0.335016130706272 0.353820806487147
0.210121809594519 0.190986781597105 0.40026377518898 0.198627633619395
0.208088302550287 0.217121805258141 0.128885548132928 0.445904344058643
0.205460711901237 0.298754519156827 0.276752273756095 0.219032495185841
0.267842166919786 0.232648627698313 0.230007957312069 0.269501248069832
0.367974460510355 0.22076672047202 0.336226499902964 0.0750323191146609
0.38464750037519 0.156832556616923 0.397809388980417 0.0607105540274696
0.12828785216101 0.430359179736369 0.373605268175466 0.0677476999271552
0.471942590497517 0.0871589690605865 0.359488062539007 0.0814103779028893
0.314862759346365 0.22520011662514 0.300999708321456 0.158937415707039
0.347728136532352 0.247403758357272 0.347083084498383 0.0577850206119933
0.299758093815315 0.278231720537113 0.288665157381735 0.133345028265838
0.471097441274821 0.192849777592332 0.112221188208643 0.223831592924204
0.519728056773698 0.167425778541855 0.133178883125386 0.179667281559061
0.373658568859826 0.261364391993266 0.123354679052035 0.241622360094873
0.240193563586623 0.252572077923238 0.352153910693822 0.155080447796317
0.288362081869959 0.34306832762022 0.192398362113146 0.176171228396675
0.470606114619781 0.254468682502131 0.122469915181384 0.152455287696705
0.250179668013203 0.200814890014501 0.209110502247495 0.339894939724801
0.342284772456661 0.308509631613926 0.149727552677007 0.199478043252406
0.45217815445267 0.220083980085787 0.058251981788794 0.269485883672749
0.400041938285769 0.0442905868368669 0.159862729443691 0.395804745433673
0.217528788980107 0.447582072531595 0.225929855220497 0.108959283267801
0.242434266386734 0.263102507125496 0.12985987201413 0.36460335447364
0.353545584318109 0.301426405388135 0.22473322181066 0.120294788483097
0.156964290985164 0.313282594033083 0.466261985919278 0.0634911290624749
0.205765283161703 0.217115260710881 0.237483818931054 0.339635637196362
0.245981234501908 0.137338342382128 0.302381908639794 0.31429851447617
0.221712028615061 0.211610345818807 0.247058414832177 0.319619210733955
0.276023729895062 0.388681605936677 0.105818594422055 0.229476069746205
0.505409508726206 0.077986401541032 0.163203532315877 0.253400557416885
0.263238466409759 0.219401611815656 0.142909977542431 0.374449944232155
0.187016066749454 0.285760606063074 0.293384242299479 0.233839084887993
0.244399438519224 0.166819056619971 0.302175686197249 0.286605818663556
0.101532200103999 0.407318315667816 0.131313291585923 0.359836192642262
0.179984485775234 0.29102799554164 0.262076887282894 0.266910631400232
0.136945421018921 0.413677445898971 0.0940803797416393 0.355296753340469
0.161766087336837 0.433207049878218 0.192391325061036 0.21263553772391
0.333709515675138 0.390293020992591 0.155460349067022 0.120537114265248
0.257850984313403 0.123915834418391 0.445531376710825 0.172701804557381
0.241589056410658 0.159145754594568 0.427201368404049 0.172063820590725
0.332484518081688 0.15979598954853 0.26698036304484 0.240739129324942
0.123515993277448 0.115249311162537 0.586184133437466 0.175050562122549
0.261702157717929 0.23740927342903 0.28974577907003 0.211142789783011
0.360044912647816 0.193275671285437 0.285238735776148 0.161440680290599
0.331719336858798 0.0584016159209666 0.332367781414896 0.27751126580534
0.222541396613187 0.232820233651506 0.315486739116098 0.229151630619208
0.214025179618477 0.153699149300944 0.300460987966717 0.331814683113862
0.237153429872077 0.197313863289976 0.39594388666683 0.169588820171117
0.193905364095382 0.213884842164627 0.163045935596563 0.429163858143428
0.198904475978038 0.276750746447541 0.293544319435271 0.23080045813915
0.260742894772033 0.252476915105603 0.212933174963133 0.273847015159231
0.334245899256835 0.212347083415953 0.368812363875746 0.084594653451467
0.406861017458045 0.14315388038935 0.356109237836821 0.0938758643157834
0.116524620192502 0.407820673869246 0.396448117815176 0.0792065881230759
0.462560857105152 0.0612498353860096 0.416205432366682 0.0599838751421568
0.285343833860466 0.268722807932729 0.288227301375286 0.157706056831519
0.370333885484253 0.218272274069481 0.360063897676384 0.0513299427698825
0.299997524258931 0.347422860199984 0.279778317926508 0.0728012976145765
0.478060831142272 0.202414247253896 0.147519573161701 0.172005348442132
0.520304129734092 0.136329221351679 0.145335117189991 0.198031531724239
0.341801271406728 0.316452557931189 0.142526611997063 0.19921955866502
0.266412433548654 0.260199142838379 0.347663507008336 0.125724916604631
0.297525927415804 0.382225975900017 0.194200412697375 0.126047683986804
0.470271447764148 0.21643716046304 0.129722072573597 0.183569319199216
0.234324430404428 0.224385067194728 0.264962407970598 0.276328094430247
0.32981314370296 0.33994172482817 0.164139453882319 0.166105677586552
0.458325830541983 0.21602455569477 0.058266103753135 0.267383510010111
0.366847850496608 0.119514887107069 0.17117090442566 0.342466357970664
0.226505802422307 0.469533670809842 0.201739775235078 0.102220751532774
0.198800390094001 0.265791133529183 0.130416056749744 0.404992419627071
0.364112905888233 0.25820582478607 0.200976211106521 0.176705058219176
0.147651754953225 0.336486689578308 0.436421935281555 0.0794396201869112
0.272633230972964 0.197929201662947 0.208863071186483 0.320574496177607
0.271324371090253 0.124606148064623 0.312585255313892 0.291484225531232
0.241260059738184 0.254352624542552 0.192903287087288 0.311484028631977
0.298980359178788 0.376586277469711 0.144063771260301 0.180369592091201
0.470488666682849 0.170770730858542 0.102887207581282 0.255853394877327
0.270820210019384 0.260634833507456 0.126741847591902 0.341803108881258
0.156267634992361 0.268516927160332 0.32039466029103 0.254820777556277
0.203827418817866 0.134402122687862 0.354569701574171 0.307200756920101
0.0929298008646825 0.403965548072028 0.107557076900651 0.395547574162639
0.217616586094258 0.250356271437318 0.256265895800317 0.275761246668107
0.120703340487838 0.391631313623835 0.121109365953738 0.366555979934589
0.190191062042395 0.441090585401651 0.152421215559881 0.216297136996074
0.348906095131235 0.369110837886161 0.128562875096129 0.153420191886475
0.252638559850742 0.125411010029153 0.464412079655996 0.157538350464109
0.276647055202694 0.147325805843787 0.373436871555596 0.202590267397924
0.337863105125067 0.16275011345113 0.261686878005694 0.237699903418109
0.202386958858603 0.075277674693992 0.614701341214361 0.107634025233044
0.212984722914672 0.240081638108195 0.320748358821687 0.226185280155445
0.357004330915759 0.222552954215417 0.272074590061311 0.148368124807513
0.338447688039006 0.0413595777910912 0.315935995999271 0.304256738170632
0.257618487680984 0.217212491937749 0.300077406130807 0.225091614250459
0.156574575889829 0.184740083029162 0.323270582457981 0.335414758623028
0.22027429304081 0.209463953244933 0.409626884999491 0.160634868714766
0.223871127081485 0.184873900855239 0.138346751932511 0.452908220130765
0.209486391995729 0.237845353482006 0.33941288696394 0.213255367558325
0.269192304773082 0.235417584795164 0.212933174963133 0.282456935468622
0.367450392928491 0.179621155990171 0.391040103971441 0.0618883471098971
0.346805368701366 0.196596959813674 0.325612629260317 0.130985042224644
0.120467971965116 0.413455013226739 0.372157295223311 0.0939197195848341
0.441311377677218 0.0961723207073042 0.359444205383174 0.103072096232304
0.335608041198216 0.266699211482275 0.241948288893604 0.155744458425904
0.382882651420188 0.180059851101127 0.359866956013804 0.0771905414648813
0.311954603588226 0.363597271240249 0.244283982284657 0.080164142886868
0.517557449523508 0.224298129871008 0.121589014463682 0.136555406141803
0.473866969901525 0.213212730222057 0.135317025040588 0.177603274835831
0.357831344595905 0.325341254414525 0.126912026895925 0.189915374093646
0.253959024386537 0.254540209352987 0.333605194257915 0.157895572002562
0.346138109130074 0.410307171206749 0.194200412697375 0.0493543069658027
0.47915071395449 0.209145490150633 0.159906176122123 0.151797619772753
0.248395322424091 0.215457434105249 0.257389537228301 0.27875770624236
0.326897461263035 0.303480774812126 0.221676499206308 0.147945264718532
0.509218632427476 0.219724458849982 0.0469427534402483 0.224114155282293
0.382428644973745 0.131403596684102 0.148505441660516 0.337662316681638
0.224784382958441 0.519317788095004 0.166568651187013 0.0893291777595422
0.227868384934444 0.188558260776245 0.17858093466224 0.404992419627071
0.34935694329126 0.317981580846914 0.156675409339717 0.175986066522109
0.124577209131352 0.351838845405294 0.44604356626312 0.0775403792002343
0.314274767071869 0.186435756801103 0.227030830600546 0.272258645526482
0.271975526077534 0.108457083061358 0.312931364718819 0.306636026142289
0.26647363364033 0.246085240176652 0.171201712697698 0.316239413485319
0.269714673141536 0.410985877016743 0.101022415008958 0.218277034832762
0.486520983160353 0.193844721181424 0.116371811772317 0.203262483885906
0.228559195268691 0.304705416676106 0.126298787041296 0.340436601013907
0.167854953595776 0.304162323469306 0.288906473750948 0.23907624918397
0.224903921352427 0.15918505875914 0.337846646722998 0.278064373165434
0.095885078070593 0.371794405347918 0.162734094155406 0.369586422426084
0.235538415888326 0.291308331378218 0.247020923606471 0.226132329126985
0.097423416093974 0.381112201635001 0.169654922713666 0.351809459557359
0.209614556693377 0.461039636924068 0.107394148239692 0.221951658142863
0.327986590596549 0.328096695516775 0.166562815684035 0.177353898202641
0.286346435300651 0.157897182590919 0.456951363452209 0.0988050186562202
0.277344970068726 0.139116586862577 0.368651451694741 0.214886991373956
0.356127263550221 0.122377077453512 0.232325516723049 0.289170142273218
0.179602364476211 0.05298882599562 0.630572144791488 0.136836664736682
0.272120041048885 0.201038702372416 0.297505241384455 0.229336015194244
0.291657770137197 0.275953219646681 0.295413325508344 0.136975684707779
0.370909757017936 0.0500721107269881 0.306816384212825 0.272201748042251
0.232793729329669 0.21730851933367 0.317018746258767 0.232879005077893
0.179580213061275 0.214769240537559 0.305581546694948 0.300068999706218
0.245683540656417 0.169698037778228 0.438173664544049 0.146444757021305
0.264232026717774 0.164629308980004 0.131652769384198 0.439485894918024
0.16719832898902 0.289414130636905 0.39987323010598 0.143514310268095
0.260729496358021 0.290452446788208 0.189023917313921 0.259794139539849
0.380094740442051 0.188412423070404 0.404336874933629 0.0271559615539164
0.357448327250217 0.194650203767874 0.337671882848403 0.110229586133506
0.0909457561398435 0.435525920306354 0.410083794012185 0.0634445295416175
0.475131270784502 0.0948489327957609 0.359137725494206 0.0708820709255316
0.36444024259014 0.206527474088445 0.228464040799577 0.200568242521838
0.39561616252886 0.193624621624353 0.368515508223874 0.0422437076229129
0.313435829488578 0.387060967109099 0.231655678513749 0.0678475248885735
0.549084783241767 0.192496361036305 0.128311012260239 0.130107843461689
0.520933478571629 0.228787903789106 0.0681019021177988 0.182176715521466
0.396027488895486 0.307246031309478 0.113082663869035 0.183643815926
0.282056448646877 0.233479444231622 0.333345622141722 0.151118484979778
0.373404771174059 0.409288964547975 0.174791640934983 0.0425146233429824
0.452504176399574 0.162518572324854 0.200374213832649 0.184603037442923
0.271948813598334 0.222730771402623 0.249450468493888 0.255869946505155
0.288380299047604 0.309920652538496 0.216104414845552 0.185594633568348
0.467432424417896 0.138380307842039 0.0888244764146064 0.305362791325458
0.332314778332559 0.177182559735373 0.108479069623852 0.382023592308217
0.266263908062373 0.452601903222757 0.159922094366525 0.121212094348344
0.24939652874269 0.18468635698655 0.206303544526089 0.359613569744672
0.319418689723007 0.39327926739186 0.124097922409768 0.163204120475365
0.113448088696717 0.313757847325908 0.469168190929645 0.103625873047729
0.263126717008812 0.194857606737816 0.242685936772745 0.299329739480628
0.238491282685521 0.1556092300378 0.310867453846143 0.295032033430536
0.269114395535203 0.250794765094069 0.136652256316925 0.343438583053804
0.247280859433633 0.410139896419083 0.0831922332875933 0.25938701085969
0.435305755630015 0.221518152859401 0.117996838173915 0.225179253336669
0.20990353026523 0.32824899033013 0.109396127225327 0.352451352179314
0.17317356248164 0.305387007136839 0.233136893689633 0.288302536691888
0.255068698135631 0.172950608110369 0.308172680743398 0.263808013010602
0.100286626847834 0.36279746827904 0.148319775766379 0.388596129106746
0.221921435072321 0.260218577080355 0.284928654411926 0.232931333435398
0.0650872151165313 0.350335275685389 0.221542067973782 0.363035441224298
0.196112782575328 0.460289804829188 0.139613480678818 0.203983931916666
0.330843078394821 0.311172850981872 0.188583254847351 0.169400815775957
0.278406109961792 0.158698807996358 0.453744124106562 0.109150957935289
0.234709563014395 0.173510183965766 0.366651539365257 0.225128713654582
0.389353677249088 0.070488060351436 0.258064619463821 0.282093642935655
0.158999875766364 0.0651671187439054 0.62603509647842 0.149797909011311
0.280848078066748 0.180655712673861 0.289149243043461 0.24934696621593
0.302580768717114 0.273547483965149 0.275595828282167 0.14827591903557
0.36925431011695 0.0345617244460398 0.32390812591092 0.27227583952609
0.244037260676223 0.166941899615409 0.343650631350541 0.245370208357826
0.156745339908378 0.199963177314628 0.331996652301377 0.311294830475617
0.238418176801595 0.156607613963509 0.444647299698593 0.160326909536303
0.289753524495437 0.168708073279633 0.133924483597037 0.407613918627893
0.118863515964171 0.275828880440858 0.468652325304241 0.13665527829073
0.240601980036649 0.344439989892658 0.176061983755813 0.23889604631488
0.368505913585009 0.202136248477618 0.420866118111131 0.008491719826242
0.352244141313617 0.164809060770263 0.339829858674815 0.143116939241305
0.0623049494474239 0.480397602130215 0.417896540702073 0.0394009077202885
0.458302858431441 0.057593146803159 0.397437542835818 0.086666451929582
0.374044865549299 0.214907574935435 0.173835864790294 0.237211694724972
0.401087815635948 0.201507996011518 0.388022786446465 0.00938140190606866
0.347859432937828 0.437226089029971 0.19224459138332 0.0226698866488806
0.546101403190903 0.222484388342113 0.109307317563655 0.12210689090333
0.501551365667643 0.271223287713855 0.0848175030414339 0.142407843577068
0.448975133656784 0.326186722895364 0.0482653847865454 0.176572758661307
0.285942938700142 0.189548398516623 0.331455405077075 0.19305325770616
0.430522043220221 0.357314750359454 0.16683072945567 0.0453324769646553
0.433053400743423 0.176859582885602 0.174595053883487 0.215491962487488
0.302927754840545 0.249092860214207 0.233479388710839 0.214499996234409
0.278852387534026 0.264741982853231 0.230479289307925 0.225926340304818
0.438208186426166 0.135664316515198 0.0862162349536218 0.339911262105013
0.352643190933351 0.182413293755378 0.0926257781591151 0.372317737152155
0.287939375658297 0.462254022684437 0.125140053019172 0.124666548638093
0.305220173942106 0.129384128918082 0.259950756447723 0.305444940692089
0.33564415607054 0.347044218673342 0.141695467452867 0.175616157803251
0.113939462362581 0.342093087308606 0.424745216096358 0.119222234232455
0.258154190624294 0.186374885790457 0.245536040686551 0.309934882898698
0.207470394790965 0.192857420879437 0.315044034885935 0.284628149443662
0.312037125010161 0.251355141753337 0.0278318113195246 0.408775921916978
0.236736365732324 0.416083901452317 0.078713967040278 0.26846576577508
0.468737572604204 0.164017151971687 0.116648048148111 0.250597227275999
0.226618549065689 0.332456622153504 0.113081894469642 0.327842934311165
0.176025867017558 0.312286203721548 0.216874463544926 0.294813465715968
0.205170931451915 0.179201953050761 0.291252481020881 0.324374634476444
0.104574650988822 0.369506969024677 0.108540463591147 0.417377916395354
0.195464702530766 0.292389607277415 0.318052425594653 0.194093264597167
