0.28468432805606 0.143924356639828 0.200076928993154 0.371314386310957
0.218937744346058 0.192136434516718 0.328471626588513 0.260454194548711
0.279561318501062 0.319998340607602 0.116697991200537 0.2837423496908
0.249972913824509 0.223982324803325 0.321612639765062 0.204432121607104
0.230533180172972 0.232930651804344 0.129383754326551 0.407152413696133
0.166079156316091 0.247403848199436 0.293993286215864 0.292523709268609
0.178122939178493 0.197481797889164 0.135793994412991 0.488601268519352
0.212623130722079 0.394796341024241 0.172403685469778 0.220176842783903
0.24655906570673 0.141981194400773 0.26916832414118 0.342291415751317
0.0709090755047434 0.362319174222284 0.212109774972763 0.354661975300209
0.149388537429293 0.335956218486297 0.203686196520286 0.310969047564124
0.331556949892601 0.239820909219259 0.266887454565628 0.161734686322512
0.291774433116235 0.193909423443053 0.308774619336171 0.20554152410454
0.477243765870401 0.137409793298084 0.247718774960618 0.137627665870896
0.373892565326866 0.202399357972884 0.200619313290812 0.223088763409439
0.228160074058925 0.299943846973559 0.277999616839685 0.193896462127831
0.26772976690531 0.256951553817979 0.329422352207791 0.145896327068921
0.183931102120541 0.151014794238395 0.299107504441584 0.36594659919948
0.224277051047603 0.305020000729266 0.128179162060553 0.342523786162579
0.290249815947634 0.2949831851539 0.235582598603008 0.179184400295458
0.369231107701927 0.0716864296723338 0.171746953677586 0.387335508948153
0.22911488228564 0.215644511037505 0.261114873225159 0.294125733451696
0.324033155000755 0.177398701808234 0.166170534379742 0.332397608811269
0.124297962233311 0.312689504600893 0.245658635332537 0.317353897833259
0.274874967078693 0.111597239392331 0.293663880468117 0.319863913060858
0.0996626647887729 0.282072595055514 0.504962150640639 0.113302589515074
0.141109559306976 0.247230874958688 0.302383172126708 0.309276393607628
0.319407211648391 0.283227243366987 0.221578845520311 0.175786699464311
0.155542855968336 0.249786458992481 0.418811041526906 0.175859643512277
0.339859386845359 0.104309167443005 0.386175335307308 0.169656110404328
0.159531935242908 0.3062474426698 0.277946836036358 0.256273786050934
0.358423035585459 0.269530905683934 0.185467965988053 0.186578092742553
0.250331288379366 0.188226754334167 0.225953408171764 0.335488549114703
0.279742868177344 0.325786713483138 0.253021308562754 0.141449109776764
0.32738436308289 0.242721621802551 0.136599882660169 0.293294132454389
0.250823865231702 0.149949172539572 0.339127253406682 0.260099708822044
0.245461559237066 0.0737251089591909 0.248688415256462 0.432124916547282
0.199104259040652 0.244028672248476 0.298350337739901 0.258516730970972
0.234933033325521 0.128216702047452 0.378264215503839 0.258586049123187
0.27680391294817 0.212031238761548 0.296863695172341 0.214301153117941
0.225804468450022 0.28315164875642 0.140761216033471 0.350282666760087
0.212474784609586 0.226812139033176 0.417952807413599 0.142760268943639
0.303771796831408 0.373531427746225 0.12132498259038 0.201371792831987
0.344422027242439 0.214279468339513 0.236561613668885 0.204736890749163
0.23653754214627 0.170138902400385 0.259774405504267 0.333549149949079
0.279692508079398 0.354840649409699 0.255109334064572 0.11035750844633
0.366210208327511 0.365757869471506 0.181950048701241 0.0860818734997421
0.24206952383614 0.113937612655783 0.213677779808574 0.430315083699504
0.275277294789285 0.165982895674964 0.324685565111364 0.234054244424387
0.265276009470387 0.283671531211333 0.105986951207789 0.345065508110491
0.244094207553913 0.246465028470226 0.321342220540664 0.188098543435197
0.216461574038442 0.22278001768529 0.174446812479578 0.38631159579669
0.152801487583174 0.240766183536297 0.315226880354039 0.29120544852649
0.177427804519894 0.21963806241733 0.153935597131961 0.448998535930815
0.266252391564069 0.398577554507549 0.159749414993582 0.175420638934801
0.242028466005046 0.118354352953224 0.300477661455631 0.339139519586099
0.0729637305444264 0.41534350935799 0.210644396003321 0.301048364094263
0.131601350575472 0.372030997017044 0.186161202588412 0.310206449819072
0.26303077685885 0.245095628160914 0.273618338762796 0.21825525621744
0.294202591104705 0.147707058052562 0.332357106470434 0.225733244372298
0.437763806737087 0.199177261911191 0.22919401548827 0.133864915863451
0.292177047853226 0.263548962544867 0.181184357970491 0.263089631631416
0.228160074058925 0.266862043258237 0.255402540200618 0.249575342482221
0.281250988878079 0.222391031875648 0.280031217408565 0.216326761837708
0.183248305408042 0.13560192382803 0.299414228575718 0.38173554218821
0.209417156064365 0.310513427395628 0.170647159859947 0.309422256680059
0.296259078724568 0.328574975127334 0.181327059930566 0.193838886217532
0.380060428083089 0.102826722608804 0.134699810728864 0.382413038579242
0.242167887084353 0.180660601197275 0.258454163378627 0.318717348339745
0.32978242665365 0.191479290263778 0.182421340454564 0.296316942628008
0.177332488395393 0.283216911033559 0.244493387094288 0.294957213476759
0.260314260351487 0.106476362378789 0.339338273718491 0.293871103551232
0.0850838003912918 0.249894736942668 0.500077381845185 0.164944080820856
0.126672609447603 0.252857759358369 0.285403478709038 0.335066152484991
0.244503668081339 0.258780733204317 0.225725724913686 0.270989873800658
0.155875490096035 0.255101571006549 0.364677015607422 0.224345923289994
0.340141082453641 0.0967368377409166 0.393465969401114 0.169656110404328
0.121506184831 0.333817965583975 0.280628271774117 0.264047577810908
0.412757689866142 0.208393733447594 0.172923239349464 0.205925337336799
0.226997445396828 0.184487192908412 0.242168224700137 0.346347136994623
0.281285635041057 0.35096163484999 0.201972377729405 0.165780352379548
0.271430410308019 0.329575817315848 0.183427681229744 0.215566091146389
0.23918019611772 0.138387100589397 0.314782951379661 0.307649751913222
0.264435580203628 0.0979125289359972 0.237190506408357 0.400461384452019
0.217651159141425 0.258635759043625 0.276200718198304 0.247512363616646
0.225564379875593 0.17136926890113 0.346561206321019 0.256505144902258
0.242887914650426 0.19413282153225 0.316899938045516 0.246079325771808
0.224324613875595 0.260710890531145 0.184984634318144 0.329979861275116
0.208578322309259 0.223277211394928 0.411568849944229 0.156575616351584
0.324176369377657 0.36820100896252 0.105999082015699 0.201623539644124
0.333717267373181 0.218564015341102 0.252769220753537 0.19494949653218
0.278568739658094 0.162203082514924 0.203402262001454 0.355825915825528
0.252660093773676 0.349287379639237 0.255779964200146 0.142272562386941
0.329426519590897 0.368626403688629 0.19118466369166 0.110762413028814
0.23436127887911 0.116103953115154 0.220095903515982 0.429438864489754
0.275894757401275 0.169516850849462 0.305354598469936 0.249233793279327
0.335126938045421 0.185198020162973 0.139943718983606 0.339731322808001
0.213296867956429 0.241979282340577 0.372153573686064 0.172570276016929
0.176052629781372 0.231896794304629 0.172945907529498 0.419104668384501
0.110515114676645 0.235681803674933 0.415519888778381 0.238283192870041
0.155330974379095 0.225754126199577 0.206185400764691 0.412729498656637
0.268830041569765 0.409662185948011 0.168341117946563 0.153166654535661
0.210108404354593 0.122005128312934 0.310234039714675 0.357652427617797
0.0571323944505928 0.40595693128962 0.246234228239613 0.290676446020175
0.141181891849517 0.399545738260838 0.204864476988152 0.254407892901492
0.257055639324299 0.243856497747754 0.280701466916841 0.218386396011106
0.289722461961948 0.157283901027201 0.323154203275616 0.229839433735236
0.501631586197357 0.165965067779271 0.216200180197144 0.116203165826228
0.295781509298 0.253488418250329 0.219780108554991 0.23094996389668
0.218458305907207 0.248639257878034 0.28246965376357 0.250432782451188
0.274162429844497 0.263658076746995 0.26644268488834 0.195736808520168
0.218954983912399 0.180880789020116 0.261650781860756 0.338513445206729
0.225073385009956 0.300157123642995 0.108602875891085 0.366166615455964
0.299338254807542 0.323499711464605 0.197402170208891 0.179759863518962
0.337377528664802 0.192714841171326 0.134499078915189 0.335408551248683
0.262528296151132 0.188675962398526 0.258680975780879 0.290114765669463
0.298484432813233 0.221983774662767 0.199575019050351 0.279956773473649
0.197887295094904 0.253477933476278 0.292191738631398 0.25644303279742
0.232239253857887 0.101048168601455 0.357796535100093 0.308916042440564
0.0815406167355809 0.212022950415565 0.527118895609018 0.179317537239836
0.159432055632685 0.199130727248041 0.226114863342361 0.415322353776914
0.197789540464615 0.246504868845791 0.235961154410656 0.319744436278938
0.227150148720351 0.243319793716388 0.287527898585368 0.242002158977894
0.304892979425943 0.128326391152967 0.369737051501107 0.197043577919983
0.131537931595435 0.353808830404986 0.242717553512853 0.271935684486726
0.394243472645197 0.219056929246001 0.197183369024267 0.189516229084535
0.254270760163181 0.176983004871866 0.243296784876721 0.325449450088231
0.301752058686905 0.342644918955956 0.140082004501753 0.215521017855386
0.276492766608206 0.335761632642019 0.15847095548824 0.229274645261535
0.252000960189959 0.15543558028753 0.286335218299413 0.306228241223097
0.236835830035472 0.151623961201115 0.209909593906619 0.401630614856794
0.248071488778552 0.253262230484631 0.283006880884857 0.21565939985196
0.272064130627129 0.184760471641734 0.30535083548424 0.237824562246897
0.243000743454839 0.163846206033187 0.337639234962388 0.255513815549585
0.263942792216202 0.239477558536991 0.182614472947071 0.313965176299736
0.195150870573199 0.277223478463314 0.385834403339027 0.14179124762446
0.342090553094878 0.357338050670974 0.119222598933487 0.181348797300661
0.286128037900966 0.245931721175433 0.271872296113718 0.196067944809883
0.271742836634966 0.111639212092149 0.249858663173781 0.366759288099104
0.225787720139425 0.34940796668666 0.261790879160789 0.163013434013126
0.341279757297133 0.357606871504047 0.150095130794784 0.151018240404036
0.207054590319636 0.156230556706643 0.244860066068292 0.39185478690543
0.282720441592701 0.171363003806758 0.274336701494545 0.271579853105995
0.347451710349112 0.175316134236967 0.1460480603192 0.331184095094721
0.269263945528561 0.181409818920617 0.40388843367602 0.145437801874803
0.153750039598855 0.286863324869336 0.120417235964265 0.438969399567543
0.106785408267724 0.251318768736936 0.411165857318719 0.230729965676621
0.150156380850595 0.249933336468935 0.180418454214698 0.419491828465771
0.296355640003332 0.376755206206482 0.200455559604467 0.126433594185718
0.206240629164437 0.108632423891298 0.323706181133281 0.361420765810983
0.0958966139430338 0.339340788847403 0.269811166344429 0.294951430865135
0.119503959316314 0.412485513850459 0.220185264316681 0.247825262516546
0.246420869673657 0.219231054651016 0.302820254331934 0.231527821343394
0.283252775248413 0.162703015788954 0.310657791905968 0.243386417056666
0.442905289809744 0.130014071215501 0.255156597561678 0.171924041413077
0.319225249514317 0.161021473992135 0.275390481385406 0.244362795108142
0.204800508843274 0.308082308669776 0.219946098205861 0.267171084281089
0.292817988840167 0.216879831185705 0.317113392614725 0.173188787359403
0.20922295874333 0.151152108886995 0.278727514020814 0.360897418348861
0.223889584232302 0.318955832558706 0.105912225973736 0.351242357235256
0.255146064705939 0.326085269807585 0.200762293786186 0.21800637170029
0.313442071677565 0.124128020172864 0.155917967747166 0.406511940402406
0.215312077377158 0.179664867491926 0.258428479451976 0.346594575678941
0.334349921979695 0.218990719794347 0.183246030826083 0.263413327399875
0.177831048972791 0.224489574847575 0.299017692510559 0.298661683669075
0.24028915743508 0.130914596884732 0.329449073540051 0.299347172140137
0.0588465558772418 0.202589677439835 0.481310021503449 0.257253745179474
0.213052900409427 0.22232237638301 0.17243781073949 0.392186912468072
0.207073695005707 0.201349739910206 0.294463973328279 0.297112591755808
0.237823820029256 0.243229148078559 0.250313650650615 0.268633381241571
0.299998603944999 0.142821810689218 0.382709982884517 0.174469602481266
0.125208068629931 0.306556702318002 0.295953444502743 0.272281784549324
0.403279980038663 0.203032158343997 0.214776659518091 0.178911202099249
0.249558699050668 0.220745609397412 0.232365220870698 0.297330470681222
0.298683118316329 0.342386855372786 0.124507770604257 0.234422255706628
0.214675866728137 0.329531790967807 0.207576472239537 0.248215870064519
0.296631739865167 0.184517321827524 0.267612933906261 0.251238004401047
0.213038342364217 0.190923824929344 0.188098835437691 0.407938997268747
0.248796862183118 0.246062949135319 0.348346064011201 0.156794124670363
0.303809093330799 0.194596203002097 0.30883660807416 0.192758095592945
0.267660716756298 0.15703597663348 0.33661628118365 0.238687025426571
0.257720731363751 0.239708568654559 0.211175079174328 0.291395620807363
0.186395959037546 0.301730755887296 0.404980224694077 0.106893060381081
0.370659352684871 0.367860971495561 0.0986554083853145 0.162824267434253
0.308428819629666 0.195344529667048 0.238864383973844 0.257362266729442
0.235252154599747 0.124334596693979 0.277221532079547 0.363191716626727
0.17244523456605 0.343857986586183 0.277092743551283 0.206604035296485
0.332158924046207 0.34458225015778 0.136224309646627 0.187034516149387
0.21471615894337 0.152407578458289 0.260365468091264 0.372510794507077
0.246019011253102 0.207354910734424 0.258404730082626 0.288221347929848
0.297676094676997 0.184041158659132 0.189713019724051 0.328569726939821
0.226042317025618 0.173288502622706 0.472560501330572 0.128108679021105
0.181099756664082 0.268196807495696 0.10519318988459 0.445510245955632
0.108926388632944 0.258711116713502 0.458053205247433 0.174309289406121
0.105358031878487 0.236186098188451 0.213236925447593 0.445218944485469
0.297113430854972 0.371162120748679 0.256271118613092 0.0754533297832578
0.170083781417394 0.130337404226497 0.362755994162405 0.336822820193704
0.134156563652788 0.320030521246008 0.277038588740383 0.268774326360822
0.142873919657684 0.422749467499432 0.260446292441631 0.173930320401252
0.260925793007536 0.207996062350856 0.318225147475502 0.212852997166106
0.257760420346905 0.156153289414739 0.376456624073606 0.209629666164749
0.453705387797266 0.131472725744916 0.250107374260211 0.164714512197607
0.306881277349645 0.166582303482558 0.294414123754253 0.232122295413544
0.211406993682268 0.306672130912278 0.228757178929396 0.253163696476057
0.292667357984234 0.244744674583106 0.26671782005668 0.19587014737598
0.23314298875629 0.168187246795528 0.205093618753547 0.393576145694635
0.220811916950107 0.286597186957508 0.153712474165661 0.338878421926725
0.233893635115844 0.277228345577818 0.214656437347087 0.274221581959251
0.295340426102194 0.1497395246254 0.147561165313903 0.407358883958504
0.178724987320303 0.14959854609752 0.273600615695175 0.398075850887002
0.3273567653722 0.226730403512302 0.186881702118514 0.259031128996984
0.160171168798467 0.202834709719354 0.300229745272835 0.336764376209344
0.221074839085821 0.223840674138382 0.258716522745559 0.296367964030237
0.0882159899745579 0.165732438550629 0.469741822626528 0.276309748848285
0.224819864938369 0.265286606878282 0.170152241071907 0.339741287111441
0.192960181235427 0.214477568421848 0.255478138667572 0.337084111675153
0.203278066121378 0.324696650741704 0.230990038384162 0.241035244752757
0.305501483750862 0.118232702502444 0.382859413574152 0.193406400172542
0.110319809519192 0.298621342214855 0.341042504902657 0.250016343363296
0.364698371092694 0.159653175185378 0.292635167873075 0.183013285848853
0.196679254564206 0.206377412290888 0.247719915587796 0.349223417557109
0.323295435911494 0.271929925326584 0.184393838843832 0.22038079991809
0.216574092066801 0.29073367908691 0.199295719040759 0.29339650980553
0.289917400735773 0.170079684698657 0.294948552144692 0.245054362420878
0.186759413440797 0.242667013551984 0.189799480278876 0.380774092728343
0.265338662080213 0.260953415602796 0.333825673836616 0.139882248480375
0.290327066004554 0.21480500605418 0.303619788892354 0.191248139048912
0.329536363276937 0.154313662679917 0.296396320525072 0.219753653518074
0.221104203946542 0.288485314363452 0.222975658045371 0.267434823644636
0.215029483945765 0.286737734500387 0.393474445972311 0.104758335581537
0.405774821454671 0.402541368640546 0.0638475172078354 0.127836292696947
0.259393502423376 0.229365954087692 0.23812205654612 0.273118486942812
0.268120752163103 0.137450584888456 0.294248514460323 0.300180148488118
0.259931960338082 0.281469500531922 0.289655569256674 0.168942969873322
0.303042732086732 0.38597181897139 0.162969624350648 0.148015824591229
0.18877915233828 0.128200064277254 0.286503592042651 0.396517191341815
0.219636178465171 0.214633883220225 0.307257216921213 0.258472721393391
0.262715055686119 0.241476730166217 0.195978845182155 0.29982936896551
0.239099099041683 0.129549255469425 0.484690201031317 0.146661444457575
0.153010657944435 0.269245090762997 0.168704671946176 0.409039579346393
0.167021456966149 0.231058802373272 0.458053205247433 0.143866535413146
0.105004001342232 0.230338526252713 0.210177322685952 0.454480149719103
0.260471899330025 0.410146727047297 0.252367121907315 0.0770142517153627
0.187427807906112 0.105782671586689 0.369883913612109 0.336905606895091
0.124794916426173 0.298805104248094 0.320561436288976 0.255838543036757
0.164267617430558 0.424662589785055 0.254675353633067 0.15639443915132
0.230592860694796 0.225086536600418 0.380058348050122 0.164262254654664
0.228427456946385 0.0985055588765834 0.402122658970464 0.270944325206568
0.452911302309542 0.150925133602087 0.272717425654651 0.12344613843372
0.275623370356958 0.149197313509633 0.254003760860072 0.321175555273337
0.161312586752702 0.339726792756204 0.253297406377266 0.245663214113828
0.28817128065252 0.265021762718587 0.278785006988061 0.168021949640833
0.221648837492093 0.194536167613946 0.156232874436485 0.427582120457475
0.240580312370503 0.301140371030917 0.119308620028607 0.338970696569973
0.23853863070605 0.252013411484871 0.188139648469308 0.32130830933977
0.309168343448692 0.159943353654742 0.122569098441829 0.408319204454737
0.142759295953138 0.113390621046535 0.322512155404837 0.42133792759549
0.313134323438384 0.202872561877412 0.196528230064975 0.287464884619229
0.15382684915711 0.208908620514739 0.310245474965367 0.327019055362784
0.25424865507336 0.210730485644644 0.236085847055543 0.298935012226452
0.0637295325053833 0.225259981609714 0.436363113763363 0.27464737212154
0.206797480810535 0.270010208032101 0.171410094759182 0.351782216398182
0.167889413502158 0.196983874029816 0.262397729499539 0.372728982968487
0.259420993658817 0.274279192888958 0.18948252633255 0.276817287119675
0.289475874833164 0.151904282565391 0.393182637587125 0.165437205014321
0.137548238693475 0.296416272746964 0.327492206055399 0.238543282504162
0.355433155840168 0.193796837283009 0.254001857654501 0.196768149222322
0.172309790872951 0.215116522157908 0.287655567480825 0.324918119488316
0.303127447995574 0.338168241818529 0.184393838843832 0.174310471342065
0.216774716464058 0.275631169957118 0.203359376653764 0.30423473692506
0.263125887507683 0.162105487891176 0.303738911336754 0.271029713264388
0.188172945583557 0.244070538883973 0.165836490352072 0.401920025180397
0.272965010965455 0.267523679496605 0.327795769301809 0.131715540236131
0.246662486509465 0.220078976270692 0.301850633151151 0.231407904068692
0.328336762815532 0.147777397223101 0.303899390695132 0.219986449266235
0.228256030435094 0.299880223405152 0.217313235726661 0.254550510433093
0.184694932447238 0.318965480874361 0.389683418374693 0.106656168303707
0.398833892229724 0.394666902452759 0.0736702159951558 0.132828989322361
0.270412954904208 0.203827182569651 0.266326186974032 0.259433675552108
0.258822670967656 0.135259085104798 0.337033277500577 0.26888496642697
0.257105905693544 0.246624068049961 0.298835958199733 0.197434068056762
0.336623007857242 0.37505088907428 0.107212452911176 0.181113650157303
0.175976640430631 0.084171541667521 0.302005807504689 0.437846010397158
0.210944540758228 0.225052019725402 0.289832811869352 0.274170627647018
0.27466621841623 0.197461384053789 0.252088124523917 0.275784273006064
0.249188665221933 0.135794428348851 0.492848712740506 0.12216819368871
0.194512872970847 0.210793189351825 0.198957368432599 0.39573656924473
0.135911892069243 0.286810382774828 0.457483401351073 0.119794323804855
0.0983251631700028 0.223880041754861 0.210594978101319 0.467199816973817
0.268161036970434 0.409665624920646 0.241677764023786 0.0804955740851338
0.145411094497592 0.154954123019319 0.350511461747926 0.349123320735164
0.158342623636701 0.287663434428031 0.288165685911648 0.265828256023619
0.22338955463634 0.368607741661015 0.239290779328733 0.168711924373913
0.237263412808588 0.198901186166029 0.371122830290594 0.192712570734789
0.242403814846922 0.0853972088136077 0.386102334691376 0.286096641648094
0.500127840666858 0.153325892196827 0.246119853426013 0.100426413710302
0.279217140067236 0.163934521534232 0.233586507268486 0.323261831130046
0.211171488745841 0.320524103732981 0.225147312810174 0.243157094711004
0.332641173805811 0.276805957471859 0.229614786024637 0.160938082697693
0.233782172226338 0.213830413178325 0.135448377943779 0.416939036651558
0.224721796971926 0.298424286711517 0.133138860215842 0.343715056100714
0.18383327242688 0.270002616844353 0.17975926536755 0.366404845361217
0.3205813658821 0.131644989185659 0.0965580257314399 0.451215619200802
0.169849629221418 0.131285411740652 0.243738572229921 0.45512638680801
0.272459637693349 0.224372980340668 0.227979783165463 0.27518759880052
0.131556415110015 0.233473690404389 0.316801976559971 0.318167917925625
0.228070093020113 0.249338642033736 0.216971462220423 0.305619802725728
0.0893511245492823 0.24947630045034 0.454593186550627 0.20657938844975
0.227496803971341 0.268767490158563 0.172892128587689 0.330843577282407
0.188027363610777 0.209626845566659 0.233112267054425 0.369233523768139
0.230603119145484 0.253235283023992 0.217755130151464 0.298406467679061
0.286243832440681 0.176389185412716 0.354595987461908 0.182770994684695
0.123608810102073 0.327478036610509 0.363372318237748 0.18554083504967
0.394879003741683 0.213796175643513 0.255146032100154 0.13617878851465
0.209079478280601 0.224138762888609 0.228959032937993 0.337822725892797
0.25749920343769 0.391628728814284 0.167766349417659 0.183105718330367
0.195035418871046 0.229971144470395 0.224860699902723 0.350132736755836
0.279149511625635 0.100488180206093 0.290679294165224 0.329683014003048
0.238115873460976 0.239217233919483 0.14762615917613 0.375040733443411
0.210666072816567 0.280821994545056 0.336174418181979 0.172337514456398
0.238044243948113 0.204154012281164 0.316416515988783 0.241385227781939
0.35896688219328 0.144324969048895 0.300654845547378 0.196053303210447
0.190976539855709 0.305271743067378 0.245032535961119 0.258719181115795
0.150330726289613 0.340754383815987 0.426422138357953 0.0824927515364473
0.415966566352419 0.444810412881948 0.0332744374262286 0.105948583339405
0.252573287447053 0.215518834918615 0.270982012943562 0.260925864690771
0.247021500666032 0.141548631593349 0.273093808885587 0.338336058855032
0.237969037974773 0.225240062958575 0.335469932274818 0.201320966791834
0.31275878418307 0.387120362053335 0.113290159014854 0.186830694748741
0.213174757421835 0.100863728478063 0.252908973013915 0.433052541086187
0.217071592912853 0.206106389789923 0.309603729439337 0.267218287857886
0.278066383124958 0.193427309128204 0.291586287183501 0.236920020563337
0.187761017217323 0.209979648582481 0.486750439501175 0.115508894699022
0.290597544869126 0.159672663718374 0.195462238937904 0.354267552474596
0.123338614514768 0.262371031723714 0.487416668420355 0.126873685341163
0.119826112999354 0.261811496128617 0.217498280177126 0.400864110694903
0.238775825482901 0.416718964064396 0.220937244990506 0.123567965462197
0.161688676038226 0.128887486777579 0.353183834657654 0.35624000252654
0.162100358320742 0.250135165452593 0.299888243955778 0.287876232270887
0.201583676431581 0.407281111998362 0.239999047876629 0.151136163693429
0.193068085721515 0.207051766086068 0.379539467317997 0.22034068087442
0.220383116682798 0.117510088206997 0.35604930054017 0.306057494570035
0.452720229649742 0.172372661650971 0.225158700518319 0.149748408180968
0.30816299530478 0.180992828623842 0.210923528596762 0.299920647474616
0.207909318813127 0.300256052482376 0.216297527665034 0.275537101039462
0.243969749507729 0.290281149856654 0.276282778522897 0.18946632211272
0.181410799367577 0.22701770506475 0.137412126004877 0.454159369562796
0.239214762927214 0.31324736445865 0.124212363072149 0.323325509541987
0.277015577190348 0.222686417955187 0.144828945842249 0.355469059012217
0.26419136100929 0.0997963322698319 0.151748469043025 0.484263837677853
0.169937766114882 0.14085268167965 0.230045857391377 0.459163694814091
0.279723047627589 0.254827964962278 0.176680530897536 0.288768456512597
0.127617855702181 0.274642611891795 0.265342567496289 0.332396964909735
0.235389821456528 0.21085201562707 0.17100723683881 0.382750926077592
0.0851597784727323 0.215218733934751 0.473277504903817 0.2263439826887
0.231194768892935 0.232134371439235 0.210709912654699 0.325960947013131
0.146985738610707 0.182009994028472 0.269832821951754 0.401171445409068
0.223310413219836 0.268186384167371 0.21023664564983 0.298266556962963
0.218217357216502 0.173921806846209 0.361516565501625 0.246344270435664
0.171158276378614 0.326158799795766 0.404662225564903 0.0980206982607168
0.282284613249961 0.192855968355145 0.291861151082983 0.23299826731191
0.177403191850736 0.298136417939671 0.202526944123084 0.321933446086509
0.236024906931196 0.393192472397676 0.169090355698288 0.20169226497284
0.198778395089974 0.234335126902219 0.197254515960315 0.369631962047493
0.271212689782603 0.0768080644064404 0.283515580612934 0.368463665198023
0.207223233935275 0.251938360539209 0.146680506870749 0.394157898654766
0.175878698308698 0.288226238351433 0.387791235155526 0.148103828184343
0.22094669731641 0.233436822843455 0.270236790386514 0.275379689453621
0.404623297605948 0.120741501074801 0.315979636136889 0.158655565182363
0.201353318042473 0.285305721526338 0.248352015969331 0.264988944461858
0.188308131024897 0.329469305610585 0.434533178774359 0.047689384590158
0.394282703389892 0.448234189883392 0.0173279794488219 0.140155127277894
0.192238703510561 0.237968032241909 0.323585114179144 0.246208150068387
0.300237398983317 0.138062183753817 0.218359556958002 0.343340860304863
0.154512413128333 0.303842797125937 0.348788039522869 0.192856750222862
0.292057723907755 0.398559248339095 0.151075318857897 0.158307708895253
0.191442028831112 0.135885216421658 0.235339104700767 0.437333650046464
0.188968639291434 0.226611294543685 0.29157841877001 0.292841647394871
0.284312683242303 0.177086129821585 0.262325845400384 0.276275341535728
0.161659103041071 0.193407687943506 0.466710769884794 0.17822243913063
0.289144850175546 0.0979673679127875 0.153496075698927 0.459391706212739
0.143406801915234 0.2410161579368 0.508342463096069 0.107234577051897
0.149084489126463 0.19520095843222 0.267382952244255 0.388331600197063
0.225154315848942 0.408409593697772 0.241225765314318 0.125210325138968
0.178912741281726 0.159723825327432 0.31272624755057 0.348637185840273
0.191715632252737 0.296061786659629 0.236039698035442 0.276182883052192
0.204983115343164 0.379966058229673 0.267976610479238 0.147074215947925
0.19894195167004 0.190064178877208 0.407982442486579 0.203011426966173
0.19314307141308 0.162120394193132 0.384940831318662 0.259795703075127
0.438272232837801 0.206684035013987 0.23569472572674 0.119349006421472
0.338266772828398 0.125576525885829 0.166622967058796 0.369533734226976
0.193482879691529 0.271569496739625 0.29280141958198 0.242146203986867
0.218819228687559 0.270011233388121 0.289528906788643 0.221640631135678
0.172744625230543 0.221270717759867 0.142277698495839 0.463706958513751
0.185997254260065 0.3112305990963 0.164457020129487 0.338315126514149
0.247347076799513 0.196114538070027 0.176757176157928 0.379781208972532
0.233666059629905 0.119136699116714 0.155070539204837 0.492126702048544
0.172819113223514 0.129798721706726 0.202460618544427 0.494921546525333
0.321253937284449 0.199507796338112 0.187348264611753 0.291890001765686
0.140877500817066 0.250540113638453 0.307868071781293 0.300714313763187
0.187369563550936 0.206069133265164 0.224447188433729 0.38211411475017
0.0922904749866552 0.146577705241805 0.477577620778319 0.28355419899322
0.212192340410881 0.254126871821711 0.211933919751306 0.321746868016102
0.166462968298325 0.157520246900954 0.254040212346049 0.421976572454673
0.200145762043643 0.288008557500167 0.201134048521463 0.310711631934728
0.223483131794358 0.148974553417809 0.374217103990196 0.253325210797637
0.232857740777749 0.274530711502402 0.380246782926338 0.112364764793511
0.281286776915098 0.154561472043572 0.313650914002053 0.250500837039277
0.196796737856912 0.291496648918249 0.224103952622382 0.287602660602456
0.193407338196628 0.367112728011888 0.201542954674958 0.237936979116526
0.169576382989251 0.269093358615422 0.19040061719433 0.370929641200997
0.223763232154649 0.0763793970387715 0.317410602761433 0.382446768045146
0.168378223804376 0.299954420787692 0.167613513254461 0.364053842153471
0.175579798692817 0.33653030049021 0.31850617339798 0.169383727418993
0.266222521600591 0.199647243075255 0.256002991817912 0.278127243506242
0.39176653412106 0.143201298839696 0.303862456007609 0.161169711031635
0.280159811892898 0.26313292783273 0.245980135679466 0.210727124594906
0.25799826186798 0.289663257387768 0.431470973967294 0.0208675067769585
0.419900019312755 0.385645467339369 0.0401737730108318 0.154280740337044
0.201094394003343 0.21454134656174 0.333698905910563 0.250665353524354
0.322057842665689 0.160020817568756 0.195622702845994 0.322298636919561
0.144090881946551 0.305388525828268 0.379691218028701 0.170829374196481
0.385261132452405 0.354875482184522 0.139017952461131 0.120845432901942
0.209732398881929 0.0709500000732727 0.253607999995517 0.465709601049281
0.151835664303817 0.254485819918185 0.291998840248349 0.301679675529649
0.285620768313226 0.155226382015719 0.280725315467036 0.278427534204019
0.211125348982656 0.127815463309486 0.46205886779846 0.199000319909399
0.28046144815413 0.10479952983107 0.168059160162516 0.446679861852283
0.137558146519559 0.227847157196637 0.513176684696391 0.121418011587413
0.137980900271569 0.192399266784601 0.283006469660206 0.386613363283624
0.222095549054086 0.375028945663846 0.281675023178702 0.121200482103367
0.194965568130771 0.177785187883614 0.301131752582848 0.326117491402767
0.241873362085891 0.278427974239093 0.182420557957361 0.297278105717655
0.182684625488726 0.311699831465137 0.29554402874812 0.210071514298017
0.209232391859459 0.161611994191469 0.447603328275042 0.181552285674029
0.179425077592761 0.174631376086997 0.395792558808743 0.2501509875115
0.457872565727041 0.194128476075221 0.279874966686135 0.0681239915116027
0.327970181451279 0.0731433618580768 0.193003002078043 0.405883454612601
0.15459226025525 0.234886371894476 0.359407131007635 0.25111423684264
0.249851770885058 0.238251262805332 0.310091416259262 0.201805550050348
0.168716212641438 0.220689748097461 0.195475000443351 0.415119038817749
0.189981950235734 0.255007535616889 0.167037663010126 0.387972851137252
0.239788294622001 0.185948254070458 0.20543902683575 0.368824424471791
0.210461955825013 0.145618153127068 0.137930873113885 0.505989017934034
0.190047815452263 0.15092874871171 0.169828443753357 0.48919499208267
0.364822098222315 0.163603035557135 0.173955684381033 0.297619181839517
0.174516259931613 0.242767534966878 0.295144717315732 0.287571487785776
0.191075191959288 0.21590009416429 0.209160020360029 0.383864693516393
0.0912364260700974 0.172695577624552 0.426985271948942 0.309082724356408
0.184500242647816 0.243916312537396 0.221307833701128 0.35027561111366
0.157571491072045 0.191978976979722 0.231785529193043 0.41866400275519
0.181288825583282 0.29155672599593 0.223059210736947 0.304095237683842
0.257437692911929 0.173636769652529 0.32258432232 0.246341215115543
0.245144243191666 0.270019188925025 0.374305178726286 0.110531389157023
0.256133900459994 0.20309668883536 0.278452822204988 0.262316588499658
0.193177130901004 0.275336306739476 0.223709504112477 0.307777058247043
0.227896931653593 0.430272075413121 0.186006619098632 0.155824373834653
0.146417853047094 0.256404446955779 0.207075778543452 0.390101921453675
0.22329417401377 0.137459522798826 0.305325088967569 0.333921214219835
0.204015106142816 0.247411280375384 0.176518549978633 0.372055063503167
0.146490138745613 0.366661982341555 0.318195738251887 0.168652140660946
0.309565494805154 0.216143936732501 0.246370287923162 0.227920280539183
0.411247050219034 0.145235597944404 0.252507020285101 0.191010331551461
0.226184946655647 0.318480345366361 0.255850054913654 0.199484653064338
0.252967784029389 0.300926316950539 0.428414525781477 0.017691373238595
0.422582727266255 0.360772010264505 0.0693226275414811 0.147322634927759
0.223243309034337 0.200093620089459 0.304674276982399 0.271988793893806
0.363219856382219 0.109715141481019 0.18595095740251 0.341114044734252
0.153275724514907 0.286612186663798 0.419251016186708 0.140861072634587
0.376265570568621 0.332983051021526 0.183719112742096 0.107032265667757
0.236785763754629 0.0548803518272247 0.273867138640423 0.434466745777724
0.112581051711768 0.208621872779762 0.307278524469954 0.371518551038516
0.252057856731978 0.138797487920131 0.326672343907459 0.282472311440432
0.25306141696337 0.15112692360122 0.46205886779846 0.133752791636951
0.303111133162349 0.0949846747414261 0.174040897386436 0.42786329470979
0.105107914295486 0.226239722552972 0.565862092821789 0.102790270329753
0.133722891382413 0.172246159954052 0.305791200853885 0.388239747809649
0.185384442657107 0.373732181342686 0.322077016212876 0.118806359787331
0.220873541860543 0.196468054112824 0.303421918827923 0.27923648519871
0.282111601614735 0.313213963707312 0.153962242008405 0.250712192669548
0.114514577262123 0.301678592504812 0.3487713684098 0.235035461823265
0.209708540444317 0.186197241999605 0.435982183482744 0.168112034073334
0.200567956587339 0.161555743694568 0.355701003464336 0.282175296253757
0.445752888460004 0.203367525121521 0.259543945986321 0.0913356404321536
0.331483532435128 0.0925519566284338 0.150973988075278 0.424990522861159
0.194907213144707 0.175778448933937 0.391732132790372 0.237582205130983
0.271991878055038 0.191773257440562 0.330514225807007 0.205720638697393
0.21296469187363 0.179120558271202 0.240832363491594 0.367082386363574
0.201538133572968 0.272769452470377 0.153917004832476 0.37177540912418
0.238800931172471 0.182079882571919 0.18946724748975 0.38965193876586
0.225148193449859 0.134731194437406 0.130988824660392 0.509131787452342
0.201378015805668 0.131770714865531 0.187083340349198 0.479767928979603
0.362082980409717 0.102166706857788 0.206371480027408 0.329378832705087
0.256629129540295 0.233672333051981 0.285144449242679 0.224554088165046
0.216604838419488 0.235009947148837 0.189039107558089 0.359346106873586
0.0482340950693447 0.180935553225289 0.419787100957328 0.351043250748039
0.190146699140648 0.229744772207698 0.241946584450768 0.338161944200887
0.197220297154595 0.216734197886531 0.163799840094329 0.422245664864544
0.20758712020713 0.296722674045328 0.197761127535896 0.297929078211646
0.306152827889758 0.176767661740467 0.289986492906865 0.22709301746291
0.188772893740302 0.277223605336721 0.407174702914858 0.126828798008119
0.230813101201223 0.259383163723107 0.270313675637433 0.239490059438236
0.175692593744007 0.239566208194586 0.246656100258107 0.338085097803301
0.194346833353846 0.439935539390752 0.15758389352545 0.208133733729952
0.112442139021075 0.263501034135474 0.232808675567588 0.391248151275863
0.243607858079829 0.125290565104159 0.317024767151801 0.314076809664211
0.194041335623098 0.255263835191438 0.132681651447334 0.41801317773813
0.144256760878235 0.371943773304463 0.299685645119387 0.184113820697915
0.27137965885531 0.220085685035396 0.317543120766311 0.190991535342983
0.369368674592632 0.173991358207124 0.262929930418012 0.193710036782232
0.237486371289359 0.279199853840355 0.247984095641632 0.235329679228654
0.274752491444307 0.240801192321417 0.464893170431674 0.019553145802602
0.449425716957322 0.35833389930735 0.0597461650877842 0.132494218647544
0.283460803808015 0.154128635953524 0.27854879305741 0.283861767181051
0.374772363271203 0.174886151062555 0.14041668712829 0.309924798537952
0.163788285749553 0.257971411746941 0.442096422888962 0.136143879614545
0.359226415673738 0.303084227060842 0.222230464232256 0.115458893033164
0.210639311276496 0.0186781283563245 0.343520820893979 0.427161739473201
0.0868674213826491 0.239265440321609 0.239140283033854 0.434726855261888
0.247803551869863 0.0653131577265258 0.371602190888999 0.315281099514612
0.275927258303178 0.129656397303876 0.437593760445288 0.156822583947658
0.273286022562717 0.111825852785404 0.159411726278773 0.455476398373106
0.080573565361528 0.246606851531223 0.55653461151307 0.116284971594179
0.161692927519098 0.141271745824311 0.297735979459715 0.399299347196876
0.142743376066084 0.355689434731514 0.333276321099271 0.16829086810313
0.197727640227583 0.138913370592831 0.31701125576056 0.346347733419027
0.318625184121185 0.279516922047696 0.184331433275933 0.217526460555186
0.122557788628872 0.34164148256217 0.370883810997768 0.16491691781119
0.201161602028933 0.188646386911558 0.447511453553349 0.16268055750616
0.151895138963165 0.155591485724814 0.393301499113139 0.299211876198881
0.440504558863643 0.236437682234774 0.239850096476972 0.0832076624246117
0.344780008581335 0.10373277511679 0.13676645872882 0.414720757573056
0.136222061284589 0.241332191464693 0.347304469004035 0.275141278246682
0.269495021772806 0.219934491785151 0.331603633636575 0.178966852805469
0.218854959052978 0.164299413943913 0.218585128276557 0.398260498726551
0.231790302255604 0.286551066524837 0.122876755591426 0.358781875628133
0.239174493749185 0.138962190954693 0.231553589251501 0.390309726044621
0.171882087264822 0.126761375573622 0.179245975749302 0.522110561412254
0.214376582052492 0.140094246608903 0.18517819540022 0.460350975938385
0.323157795157271 0.0884038405246612 0.223908640128754 0.364529724189314
0.283114285878025 0.276599935206649 0.293215802366202 0.147069976549124
0.247745997177452 0.211252208458945 0.158717584534785 0.382284209828817
0.0295549919421296 0.227156716890466 0.385684238244866 0.357604052922539
0.175234518078257 0.201036773536827 0.315756998489366 0.30797170989555
0.158110800213504 0.25296558568311 0.149191162058891 0.439732452044495
0.164525727784597 0.271221040429396 0.202765986960558 0.361487244825448
0.311354792406649 0.150497783695044 0.319935821699146 0.21821160219916
0.229571907201521 0.294972452829924 0.381186075194933 0.0942695647736226
0.254587938583594 0.245682761468636 0.308054989925429 0.191674310022341
0.224118920655438 0.2542543944664 0.212679637099492 0.30894704777867
0.228785341532419 0.399979462627415 0.140366165140447 0.230869030699719
0.144133747913363 0.306192272028196 0.247541041430753 0.302132938627688
0.275462611089804 0.13754922032117 0.285364941056818 0.301623227532208
0.212774212949063 0.254576116415849 0.119270752654544 0.413378917980544
0.168559213221052 0.400595249274863 0.272055637375086 0.158789900128999
0.291228143017085 0.197001163258632 0.316304741587044 0.195465952137238
0.403873440819378 0.155556809631227 0.194514823433691 0.246054926115704
