0.2864468316944 0.254354483169906 0.360382226175499 0.0988164589601942
0.434733439566527 0.177577179552617 0.231835591180636 0.155853789700221
0.274181332991421 0.251946912128444 0.292761566305452 0.181110188574683
0.190647861524975 0.260395705462291 0.303718848776299 0.245237584236435
0.261819559109219 0.25565836912047 0.227786364091452 0.25473570767886
0.281943466282987 0.45818894005041 0.115632893601659 0.144234700064943
0.233843960190161 0.235967759067791 0.254100206639804 0.276088074102244
0.363673898329354 0.348726224523927 0.168257489191715 0.119342387955004
0.234410956686797 0.286425785976541 0.362920102720967 0.116243154615695
0.291448385815404 0.183888126572394 0.184658659137176 0.340004828475026
0.276814539112825 0.192376623848887 0.0919341543222338 0.438874682716054
0.216119708833077 0.365153762999102 0.250785970347924 0.167940557819897
0.0785201055950601 0.311072517869752 0.295878990349251 0.314528386185937
0.347427238545434 0.186900608070403 0.17529069076803 0.290381462616132
0.27038171978456 0.272492605557709 0.381282510782182 0.0758431638755483
0.225855762252695 0.24054615358367 0.351099675190295 0.182498408973339
0.360507492170715 0.372776800425155 0.101344124836954 0.165371582567176
0.169693983374854 0.234866622313653 0.323691830579377 0.271747563732116
0.245513169944736 0.238409752184397 0.363776294574994 0.152300783295872
0.337133719104305 0.0977324898291888 0.365548361025409 0.199585430041097
0.214891656154075 0.261979152671834 0.175925857224347 0.347203333949743
0.562243144151166 0.177173258901816 0.189365142786436 0.0712184541605826
0.161980465465574 0.225107907691771 0.34819901945283 0.264712607389825
0.281504077578538 0.291026182102509 0.269237018947012 0.158232721371941
0.13532234261208 0.459188258345477 0.244127407890896 0.161361991151547
0.193524673020562 0.448329611112819 0.262161694645527 0.0959840212210927
0.289006022495732 0.273470760363358 0.267180485933131 0.170342731207779
0.11175995369339 0.158249870252082 0.291510041843635 0.438480134210893
0.240066572027508 0.242810973144155 0.265905775306266 0.25121667952207
0.335628941739642 0.368325744833929 0.105660325746514 0.190384987679915
0.318261698956957 0.255053831577943 0.346940432231222 0.0797440372338778
0.379881235089054 0.374920707263956 0.0812145872093337 0.163983470437656
0.174818539883106 0.378892624340133 0.227862852191386 0.218425983585376
0.262650700833783 0.388501940282581 0.140970755764076 0.20787660311956
0.165534873947685 0.318204492060449 0.197925970482606 0.318334663509261
0.271444825324609 0.228807754692461 0.172720114544527 0.327027305438403
0.208242226431374 0.243693522436302 0.219629691499784 0.32843455963254
0.337974945824329 0.125819464517035 0.184579379346564 0.351626210312072
0.134641749276737 0.333440195849039 0.222403587990422 0.309514466883801
0.287856696709022 0.258372419728593 0.298790202579654 0.154980680982731
0.25278058492963 0.461069593557477 0.0825147465594304 0.203635074953463
0.138907255361605 0.362187925702197 0.099742086906979 0.399162732029219
0.359741798845722 0.29740144980746 0.242966759591109 0.0998899917557091
0.204475551623955 0.247779926377345 0.317166172307902 0.230578349690798
0.346629414765599 0.155752831318492 0.177519260273678 0.320098493642231
0.429390649260885 0.0843687852131407 0.353038858457279 0.133201707068695
0.323908690406754 0.178124811709971 0.124519654263084 0.373446843620191
0.283585880940144 0.267165086652555 0.313494546626099 0.135754485781202
0.3958592952848 0.165171299518414 0.29187357195063 0.147095833246156
0.220870180631019 0.276352312589262 0.275819874719635 0.226957632060083
0.204450415651571 0.262374594482684 0.271225296693848 0.261949693171897
0.274728814641068 0.232916673237019 0.25224314742897 0.240111364692943
0.297597914836674 0.455528006139309 0.120708473401836 0.126165605622181
0.230918959873698 0.25616041321926 0.232120647304644 0.280799979602397
0.30088778021359 0.328598785863216 0.202333226086453 0.168180207836741
0.233445031217733 0.255636578815835 0.364371233799615 0.146547156166817
0.311452149186318 0.224472669663639 0.1021888823871 0.361886298762943
0.287326221277913 0.19332612911725 0.0972042989799314 0.422143350624905
0.176187269642042 0.442761184535334 0.23505453328019 0.145997012542434
0.100258193923917 0.301456655017091 0.296642262948102 0.301642888110889
0.354987811493275 0.150490569157967 0.174306760644992 0.320214858703766
0.264828584793937 0.250158742744752 0.401406682130471 0.0836059903308396
0.204131998514867 0.271784805697495 0.365331672581039 0.158751523206599
0.407901978495344 0.31800776057261 0.102411029520784 0.171679231411261
0.169443240260697 0.242327627134305 0.337752410838333 0.250476721766665
0.241570683458106 0.192743251549418 0.39215893712469 0.173527127867787
0.311259618589384 0.11203883938678 0.379664685631993 0.197036856391842
0.225740126628669 0.291180375930695 0.118588520563053 0.364490976877583
0.510066856997896 0.155086806203248 0.219022204236852 0.115824132562004
0.150809468000778 0.179196451681699 0.357530466845299 0.312463613472224
0.296901125953409 0.206296150161656 0.333220885042089 0.163581838842846
0.110410873134851 0.40349279734097 0.229684772644809 0.256411556879369
0.17508709265208 0.413632325864852 0.264550067697762 0.146730513785305
0.245803912296241 0.287359130224883 0.26841227818215 0.198424679296727
0.0942114250421484 0.219291002007419 0.321600143436576 0.364897429513856
0.228467780199362 0.246454778596312 0.24477255931891 0.280304881885416
0.343572915074847 0.359255381763578 0.109173344189996 0.187998358971579
0.313173519701121 0.30055702051538 0.345312815035741 0.0409566447477581
0.362628571467142 0.372195660338477 0.0625579440552342 0.202617824139147
0.237681972440893 0.351077491810193 0.178787022709214 0.2324535130397
0.311221569980862 0.371527444931266 0.124182456399805 0.193068528688066
0.154058352538335 0.327088583805579 0.16809318631465 0.350759877341436
0.297620569131716 0.220109177468184 0.185836679355734 0.296433574044365
0.198879275364796 0.245851107043205 0.233919307437525 0.321350310154474
0.295754037758537 0.133675400371639 0.180324389927431 0.390246171942392
0.151315412832149 0.333415133801395 0.17581114600923 0.339458307357226
0.276049053313872 0.274405653494804 0.288421082984383 0.161124210206941
0.22140716073022 0.461069593557477 0.155620937424358 0.161902308287945
0.139784790634926 0.401639167829885 0.133540785335997 0.325035256199192
0.318472487123587 0.329755995959515 0.238566693019566 0.113204823897332
0.179870209460251 0.29853902367083 0.288295832907301 0.233294933961618
0.377621170750323 0.174701661505348 0.111603080437183 0.336074087307147
0.445943797637873 0.134020918419978 0.324155988984552 0.0958792949575975
0.350314232296589 0.169261574745291 0.122459866314701 0.357964326643419
0.307562023667913 0.280297663000117 0.315302414297695 0.0968378990342748
0.380994284168311 0.161554042242795 0.278291670365645 0.179160003223249
0.210886327199833 0.29037126825304 0.27813772915575 0.220604675391377
0.172918349231385 0.254398355354646 0.270838288857595 0.301845006556374
0.263599803491317 0.265382666623014 0.238073151185534 0.232944378700135
0.298360263738155 0.426841338364272 0.111007957535556 0.163790440362017
0.241429241277247 0.253313851567584 0.272567076084623 0.232689831070547
0.260431912444394 0.363217609204077 0.257682048875254 0.118668429476276
0.234851731515691 0.234940352343335 0.381949610309097 0.148258305831878
0.267250249715091 0.23326120980809 0.148440474008066 0.351048066468753
0.295172251917398 0.133345882436462 0.158805593795704 0.412676271850436
0.197664954928706 0.450117471975386 0.222732054946236 0.129485518149672
0.100258193923917 0.285566538172998 0.343571284383892 0.270603983519193
0.326807157384984 0.161412694605509 0.196587146665421 0.315193001344086
0.2589654553416 0.299494196753294 0.329477760317093 0.112062587588012
0.171303401884734 0.304984143934086 0.364768261119849 0.158944193061331
0.343480913605587 0.358072012647418 0.148374353486918 0.150072720260076
0.162989283777532 0.214867557226476 0.307271623267047 0.314871535728945
0.224949472874853 0.158776424017141 0.424443009189484 0.191831093918522
0.284568040214209 0.134114150469661 0.375963485848748 0.205354323467382
0.206934828308884 0.275965149400132 0.112382525548883 0.404717496742101
0.509557619348511 0.168990638173195 0.207479158554951 0.113972583923344
0.16031710875465 0.164786095115622 0.369480307638685 0.305416488491042
0.332832252499756 0.192660549611323 0.352117881138098 0.122389316750823
0.100649273188782 0.385765452642465 0.255185833258706 0.258399440910047
0.253347478333722 0.377818842350495 0.209785686541925 0.159047992773858
0.292567059785642 0.208134166767792 0.267093009242599 0.232205764203968
0.0985766639096157 0.221611123468945 0.294337880564622 0.385474332056818
0.200290127068519 0.210752382656578 0.275571137761683 0.31338635251322
0.33323668712118 0.296770227447051 0.140009104202265 0.229983981229504
0.321144019315142 0.279065433539627 0.344939541803488 0.0548510053417439
0.380994933848636 0.328333577267332 0.0915367563306886 0.199134732553343
0.224444859808406 0.312728650207046 0.201811466653665 0.261015023330883
0.299678186450055 0.34607497523451 0.142469676653647 0.211777161661787
0.0861900328082937 0.314428339413115 0.210281541123254 0.389100086655337
0.294540884546616 0.215473544574415 0.171438108164611 0.318547462714357
0.172530505275116 0.258582840536479 0.22456066537349 0.344325988814915
0.299413011620721 0.128774624242424 0.168685007184853 0.403127356952002
0.140631297590402 0.315277056120908 0.206768377202545 0.337323269086145
0.308399566891566 0.253907836332845 0.234952832844534 0.202739763931054
0.251804384981866 0.483586287424987 0.144877663140763 0.119731664452383
0.184060598503615 0.33738032887853 0.133913967857432 0.344645104760423
0.357551081122734 0.300752829470677 0.256263578760882 0.0854325106457063
0.159800433642568 0.326773407256926 0.29180386278544 0.221622296315066
0.361205846938507 0.214347663882032 0.10668883686549 0.317757652313971
0.422401225947241 0.170806622230142 0.333718811136481 0.0730733406861357
0.390758033291715 0.143249792867686 0.140619829429586 0.325372344411013
0.318624894465382 0.280297663000117 0.325516321715769 0.0755611208187324
0.422685514062369 0.146468905527007 0.238245809717257 0.192599770693367
0.2187278450925 0.253861690899323 0.270389931057033 0.257020532951145
0.209370025026637 0.261783904204934 0.253934855100925 0.274911215667504
0.213179167360587 0.304483353328219 0.276797863776454 0.205539615534739
0.34036022548245 0.36143585771332 0.131540985704859 0.166662931099371
0.245252628929184 0.261551819149537 0.294097049464425 0.199098502456854
0.311500971393754 0.35959293165077 0.2102376674792 0.118668429476276
0.206498021433098 0.209331483661742 0.417150055441892 0.167020439463268
0.280889103252941 0.262006570323403 0.135614634774947 0.321489691648708
0.28401099173862 0.166998852095768 0.167123303835842 0.381866852329771
0.19898710627088 0.486375999029837 0.21978322338894 0.0948536713103428
0.078163777328853 0.285311121920813 0.360602614091135 0.275922486659199
0.287994616651496 0.175101607895898 0.208587515311534 0.328316260141073
0.280578967058315 0.296473347074862 0.331798954516705 0.0911487313501184
0.195836095497589 0.269611189082604 0.356423306698804 0.178129408721003
0.370597225983208 0.374267794828294 0.120753745325249 0.134381233863249
0.169949340546262 0.191084762123442 0.277775675354246 0.36119022197605
0.221019305789362 0.146345420252637 0.431251006412707 0.201384267545295
0.32037504805644 0.123903718980266 0.393327379531817 0.162393853431477
0.221614478945274 0.255595890492974 0.159559834981183 0.36322979558057
0.508637925127864 0.119368460305045 0.235615611767888 0.136378002799204
0.153254587998497 0.219717504027566 0.379324634629109 0.247703273344829
0.345951603985268 0.180300103916092 0.330418846115923 0.143329445982717
0.0981467786913248 0.359250205080263 0.297590808022919 0.245012208205493
0.270709855584988 0.317649969454611 0.251091316095897 0.160548858864504
0.268648424527191 0.238917670718598 0.246281678040323 0.246152226713889
0.0861401471694892 0.270864376537254 0.273103302711156 0.369892173582101
0.217258370078861 0.230525110671083 0.259348448880002 0.292868070370053
0.344584077029222 0.305014351391365 0.129616718533445 0.220784853045968
0.335516376051709 0.241249041578676 0.357540281394777 0.0656943009748383
0.383181741506926 0.314715069309315 0.123321489377932 0.178781699805827
0.182243601304342 0.274344294462699 0.22469612078515 0.31871598344781
0.27922319463165 0.279514003200743 0.160923278576022 0.280339523591586
0.11803503348557 0.309879259623102 0.164718776336372 0.407366930554956
0.326422867141112 0.203739508136714 0.152202936979038 0.317634687743137
0.266761304442533 0.238882243560152 0.204549612808539 0.289806839188776
0.30116822133606 0.193831093353428 0.114952898155774 0.390047787154738
0.0975592417513995 0.32517814771702 0.202469037096464 0.374793573435117
0.303818201238718 0.23371207060355 0.243357109475142 0.219112618682589
0.264556348629182 0.493292775926966 0.135528127560504 0.106622747883348
0.223130973842976 0.391993318363561 0.066310055571437 0.318565652222025
0.38817345196651 0.267400118104654 0.286747774978613 0.0576786549502239
0.185894279509421 0.324589279124277 0.289381387616726 0.200135053749576
0.279899680678469 0.225161126703566 0.125110353846233 0.369828838771732
0.407078644332641 0.170865648139428 0.340740539346865 0.0813151681810662
0.375035977360605 0.166310639924017 0.191671538706676 0.266981844008702
0.359431653847049 0.298439343833768 0.305504606072428 0.0366243962467556
0.442224759885768 0.124921381355824 0.2129344209958 0.219919437762608
0.199918757203696 0.253762717037427 0.287267207763542 0.259051317995335
0.202479925734714 0.278292148264449 0.2355837080914 0.283644217909437
0.230414267373791 0.289725532614653 0.255903855617515 0.223956344394041
0.329183785857472 0.402064292332022 0.112775144588894 0.155976777221612
0.309710640159638 0.231798088633588 0.237703587545501 0.220787683661273
0.266872767151428 0.362237720869672 0.270741348745182 0.100148163233717
0.187459187895028 0.240480510756685 0.371438094140616 0.200622207207671
0.257303636020317 0.263156816049279 0.16004323896891 0.319496308961494
0.288543029146245 0.203739138755683 0.155705744336455 0.352012087761617
0.199391007309106 0.471353987398902 0.236587447525226 0.0926675577667672
0.104911355967459 0.293370672079027 0.363327586021864 0.23839038593165
0.270546659004695 0.172574963266937 0.222136648585307 0.33474172914306
0.246697465932444 0.337589184822791 0.327024488126915 0.0886888611178492
0.221210856820335 0.322579350618286 0.349564924231623 0.106644868329755
0.383718049802398 0.359376481095925 0.0966772753841844 0.160228193717493
0.186183261486693 0.235264169624802 0.219247498624213 0.359305070264292
0.226627477660061 0.179765811872075 0.407211896767761 0.186394813700103
0.304757918081442 0.0821229489864825 0.412247409749667 0.200871723182409
0.189594418297063 0.287923624298843 0.164217821095217 0.358264136308877
0.542003225780668 0.13842077639048 0.180487797687555 0.139088200141298
0.157961106170085 0.255402764528324 0.375647762580582 0.210988366721009
0.321621713558088 0.180417604187973 0.31382779338163 0.184132888872309
0.159229691183891 0.294932540931279 0.277936739124975 0.267901028759856
0.268808614926507 0.320782496490971 0.189039667222294 0.221369221360228
0.289917688989362 0.259845776500384 0.229214722968681 0.221021811541573
0.0936326382834425 0.24002292907772 0.282685250893469 0.383659181745368
0.269478182575194 0.185690026756861 0.275551072748596 0.269280717919349
0.322314269517747 0.288195570246681 0.149416015452236 0.240074144783337
0.329800122741034 0.253705339982817 0.327279236765626 0.0892153005105237
0.39782439179173 0.291067627716549 0.0812477477295856 0.229860232762135
0.207297227236538 0.180292019500976 0.27881492794498 0.333595825317507
0.270549390972028 0.25889455865748 0.151828009419635 0.318728040950857
0.124403057940721 0.266934338198024 0.152489750303061 0.456172853558194
0.292541088760511 0.13742756622385 0.145258330362876 0.424773014652762
0.261510923730437 0.267836260932023 0.212129127897122 0.258523687440418
0.257732245054298 0.153708443814166 0.165309320223627 0.423249990907909
0.085050103276693 0.339233156041814 0.216176125496142 0.359540615185351
0.303309705306273 0.154976386791722 0.295457558879822 0.246256349022183
0.254747952878594 0.483736294684786 0.12814819374715 0.133367558689469
0.231265087438564 0.35538495012373 0.0940932761761976 0.319256686261508
0.376392920163131 0.289381474874919 0.266616191263056 0.0676094136988931
0.225519451430637 0.336315107868515 0.255060162810827 0.18310527789002
0.291371446673262 0.210875585476712 0.111935166388414 0.385817801461612
0.422348844809157 0.169862550518868 0.297024796080353 0.110763808591622
0.378876432325271 0.155273447121839 0.191881429548182 0.273968691004707
0.330931145335842 0.298509550870101 0.324534139952958 0.0460251638410986
0.477419314234477 0.122319483191103 0.149615856648809 0.250645345925612
0.268388784670234 0.178450717327616 0.319957957267214 0.233202540734936
0.227348064998422 0.293481153984179 0.222320578165346 0.256850202852053
0.221465858078383 0.249115407896721 0.231723330099493 0.297695403925403
0.339174244036272 0.388928830875181 0.125581894602154 0.146315030486393
0.332552927914976 0.232760383760689 0.18387857951452 0.250808108809815
0.276586504916988 0.381730777680133 0.26974537613231 0.0719373412705692
0.199667294758573 0.281939565466097 0.328994296409077 0.189398843366253
0.238023174647044 0.262692811107529 0.178735868642662 0.320548145602766
0.304755921661131 0.22661049836801 0.184462004876559 0.2841715750943
0.218292944193609 0.478108170778136 0.278773187168399 0.0248256978598553
0.14286421669746 0.208341543384586 0.389197060803075 0.259597179114878
0.290621671730706 0.152725325784389 0.238974071670542 0.317678930814363
0.237714762027823 0.348882227838549 0.330996162018562 0.0824068481150661
0.220751105566387 0.347241985465041 0.329550937441769 0.102455971526803
0.326553318320354 0.364928098106421 0.103639734470392 0.204878849102832
0.146422589366083 0.262259477792336 0.216727448108326 0.374590484733255
0.264493172342175 0.160320251575776 0.360962621433349 0.2142239546487
0.343644335774435 0.0769769848028707 0.392699533866377 0.186679145556318
0.198832556841669 0.280132418005802 0.19004401491241 0.330991010240119
0.495508351108169 0.186463961001495 0.193357912618693 0.124669775271643
0.148822378923767 0.243675008295603 0.388526579027337 0.218976033753293
0.3289432311583 0.194129469940676 0.321061995660408 0.155865303240616
0.110251259207025 0.279808665428083 0.33836247734112 0.271577598023772
0.271075869210159 0.298632204033889 0.229469461283059 0.200822465472893
0.244567412555033 0.343110310099525 0.212230167721209 0.200092109624233
0.148678497542996 0.225418594585251 0.256079760100461 0.369823147771293
0.281025231919711 0.170258775141342 0.26662792515893 0.282088067780017
0.309366855947965 0.336686711993898 0.102242803187339 0.251703628870798
0.337166415589053 0.236875738109639 0.35832591417553 0.0676319321257787
0.4349440150537 0.196206898112288 0.107409644504597 0.261439442329415
0.194163781056975 0.228618838349703 0.226467742953748 0.350749637639574
0.286049920792593 0.229554746293284 0.157272147910928 0.327123185003195
0.0945505002403604 0.22193842698818 0.189641923242448 0.493869149529012
0.274684765437299 0.198697814752886 0.138219072053935 0.388398347755881
0.213946131836618 0.259468315096097 0.239606299250652 0.286979253816633
0.164438953397997 0.195885407220548 0.191053351616596 0.448622287764858
0.138686098471475 0.304974527736999 0.272202366335998 0.284137007455528
0.309175532381013 0.167298017232141 0.334807488210459 0.188718962176386
0.282952952218826 0.463109296358744 0.148336844573608 0.105600906848822
0.232829276543393 0.319748957151783 0.154554509627694 0.292867256677129
0.376552625779665 0.324845406315528 0.250118545497281 0.0484834224075266
0.288848718082636 0.260917911380759 0.237547913591829 0.212685456944776
0.256079248298162 0.192728461359471 0.165110443889992 0.386081846452375
0.421213453422232 0.170554223119674 0.276314005538864 0.131918317919229
0.355203461684798 0.16442615524877 0.214781173736363 0.26558920933007
0.311828795167447 0.273661320215494 0.326841159108664 0.0876687255083956
0.450626129683998 0.147540141052895 0.18260089748531 0.219232831777797
0.297910853008935 0.250430122709333 0.286609065697447 0.165049958584285
0.18579663518516 0.305065545312686 0.249439507501193 0.259698312000961
0.23843771435838 0.267732427774722 0.191028871514726 0.302800986352171
0.321600024886734 0.401764409553823 0.151439597180805 0.125195968378638
0.362129900635655 0.219985015651111 0.21420524301934 0.203679840693894
0.290802213068448 0.354408501755171 0.321064916505825 0.0337243686705562
0.202823854637999 0.274133315740698 0.301038926757759 0.222003902863544
0.261872847884462 0.259727769927387 0.161841462731218 0.316557919456932
0.302149866538098 0.224905639606496 0.243075476103558 0.229869017751847
0.189954566625903 0.439211263890024 0.328975828606626 0.0418583408774472
0.138098694310582 0.210701147015198 0.412601520859993 0.238598637814228
0.229777880511766 0.165037658133054 0.284730158197213 0.320454303157966
0.209692664458631 0.374050540575336 0.366338253247375 0.0499185417186581
0.217485195285053 0.30322429588308 0.355901047984031 0.123389460847836
0.33465278407936 0.332102231694981 0.122996906346282 0.210248077879376
0.15493171579972 0.247385985540255 0.206392899259412 0.391289399400613
0.225922532723037 0.134644507018256 0.426385465091947 0.213047495166761
0.29390088056839 0.118083952745194 0.365559827480589 0.222455339205826
0.200495022305993 0.261189466373604 0.173047622636505 0.365267888683898
0.435770961008843 0.217526659330828 0.242534187929731 0.104168191730598
0.175499752452713 0.186272795936591 0.395977818942436 0.242249632668259
0.342032935980351 0.105428041298878 0.383698262827226 0.168840759893546
0.131089032991321 0.253649610147351 0.295108168950223 0.320153187911104
0.280899103379903 0.306446858538071 0.20841133651358 0.204242701568446
0.240219861063223 0.371786404214305 0.171463334155778 0.216530400566694
0.155205286763511 0.190860286978757 0.260231291403529 0.393703134854203
0.247639500878513 0.167193574444177 0.264418221319313 0.320748703357998
0.324421249804518 0.328313436094104 0.115322144333269 0.231943169768108
0.309550516782218 0.277789029408423 0.346988839398419 0.0656716144109404
0.37763644931176 0.182077670561122 0.169515528197453 0.270770351929664
0.132812548610943 0.205709170797254 0.264917019064371 0.396561261527431
0.278292010422465 0.24823128289921 0.154653438488978 0.318823268189347
0.0809652808419867 0.146950220721755 0.175318803132245 0.596765695304014
0.219847022192001 0.247971571103043 0.117179400504128 0.415002006200828
0.221179726404133 0.246841245816546 0.265331678068531 0.266647349710791
0.149079667767013 0.191884710005461 0.158243650421377 0.50079197180615
0.123161888109711 0.297530738163846 0.311901196839037 0.267406176887406
0.284870841365736 0.170893840339894 0.335112040092896 0.209123278201474
0.262532012743528 0.491704725808086 0.161834598137178 0.0839286633112076
0.181953869551703 0.334631928294434 0.119310913095312 0.36410328905855
0.459404760924305 0.249815890531993 0.251427053569096 0.0393522949746065
0.257888216672336 0.227189274771601 0.297701158749391 0.217221349806671
0.263024413300415 0.150375043984347 0.230843937515877 0.355756605199362
0.493435590442668 0.120010281800918 0.255807271941143 0.130746855815272
0.33635046276315 0.19701633146044 0.212082048393593 0.254551157382817
0.337594474513378 0.259005233443047 0.306084589237217 0.0973157028063573
0.461413666603813 0.153245661528643 0.188347533949338 0.196993137918205
0.280647609492727 0.247527485293069 0.264646463627613 0.207178441586592
0.18871263017112 0.315397130140194 0.222167007741046 0.273723231947639
0.233618397848269 0.370176897790775 0.183091076224235 0.21311362813672
0.30918419274532 0.382172396594057 0.207472173767391 0.101171236893232
0.399736411918157 0.226854398958751 0.23131554766437 0.142093641458723
0.3117811653608 0.34380372143649 0.283317274561964 0.0610978386407452
0.220834720936572 0.286245987319932 0.271326581719917 0.221592710023579
0.232857210130698 0.310182148800497 0.172131523493999 0.284829117574805
0.309216493181162 0.239340868917262 0.205035140528207 0.24640749737337
0.186723869930512 0.410718446741225 0.378685338292262 0.0238723450360018
0.107722711396462 0.191629650579989 0.452025419479127 0.248622218544422
0.191903964893946 0.133227949808328 0.258155398540417 0.416712686757309
0.241878267199714 0.34501457510567 0.341672015695656 0.0714351419989598
0.233023826810177 0.299737627063984 0.351335617737738 0.115902928388101
0.367976873946888 0.31998219462893 0.11597787422162 0.196063057202562
0.185378218063378 0.282907772077975 0.153131690998748 0.3785823188599
0.19179931826073 0.12329890063369 0.467796248944863 0.217105532160717
0.230268247933555 0.159576293132971 0.40959698368924 0.200558475244234
0.177821301154334 0.289779557260759 0.161099331563883 0.371299810021024
0.443056832272436 0.251673158819098 0.222839054656241 0.0824309542522248
0.230853192284819 0.158598533926332 0.412346651358337 0.198201622430511
0.386310606855077 0.132696404292951 0.35878578755072 0.122207201301252
0.123999094430355 0.282956550934125 0.29724833843034 0.29579601620518
0.306267157585222 0.28835846668993 0.224306220454507 0.181068155270341
0.229297074266059 0.42017720493555 0.0943827469046662 0.256142973893725
0.186313318697639 0.196336425719535 0.210045096283779 0.407305159299047
0.181832414422178 0.169576820839215 0.266811232782886 0.38177953195572
0.369721750557155 0.326608967975845 0.115391583895773 0.188277697571227
0.317976563782321 0.210974412725018 0.343497851518496 0.127551171974165
0.384182370854908 0.198278983203201 0.173021605348268 0.244517040593623
0.138778995636946 0.180447678899273 0.281575968485624 0.399197356978157
0.252477356570908 0.272374174446154 0.108189009420832 0.366959459562106
0.0426050622546552 0.152447615206455 0.20629351216528 0.59865381037361
0.256200823062712 0.184036513988467 0.0813165018114067 0.478446161137415
0.256203101812624 0.266300202629287 0.223542078892267 0.253954616665822
0.151716987604244 0.152731846599117 0.166809552002109 0.52874161379453
0.197308872842653 0.255543625993528 0.312921091706241 0.234226409457578
0.308391634194376 0.181442053522377 0.320163431634388 0.190002880648859
0.187522313682481 0.527526074062189 0.167634356030142 0.117317256225187
0.206702932728271 0.363021357048306 0.119640084367773 0.31063562585565
0.472045286813888 0.250264626789378 0.244318084612933 0.0333720017838013
0.275621013123646 0.230558896424711 0.231030084911021 0.262790005540622
0.23923253485697 0.193807310435765 0.197560778390746 0.369399376316519
0.49890532645716 0.0808541373160406 0.210748884068147 0.209491652158652
0.313492108767898 0.179744584573313 0.221792775792808 0.284970530865981
0.329142005752136 0.257580725570612 0.342401529181153 0.0708757394960989
0.446662465882447 0.170035424594397 0.160191360015808 0.223110749507348
0.302677156985002 0.288622273037874 0.255915203727235 0.15278536624989
0.180591993185716 0.345586343611216 0.197702423040283 0.276119240162785
0.235124133405563 0.36905497416647 0.153754920261571 0.242065972166396
0.253938301450412 0.444036596164903 0.1726164953052 0.129408607079485
0.444704133926162 0.242871532078499 0.206241648155218 0.106182685840121
0.317051606918314 0.350987708763643 0.298678012171408 0.0332826721466346
0.237004805791393 0.311874620302194 0.249710025829848 0.201410548076565
0.233722541783738 0.24583042049225 0.206626335128067 0.313820702595945
0.282863197213015 0.222931600203939 0.236487154348151 0.257718048234896
0.214097923141463 0.377159854971682 0.352971521326098 0.055770700560756
0.0962588550428045 0.168432053792049 0.517476283304517 0.21783280786063
0.226345118040273 0.164525903159495 0.199976441046907 0.409152537753325
0.27485446391183 0.355659951833586 0.321687106146999 0.0477984781075847
0.233283100681956 0.318409692879174 0.361703412427693 0.086603794011177
0.369256500634644 0.306227726683384 0.11929221453994 0.205223558142032
0.17895515800872 0.303858334864285 0.170784262176789 0.346402244950206
0.175279968552043 0.136685212394095 0.437178693172676 0.250856125881187
0.190217912815707 0.191665231302152 0.426640397237039 0.191476458645102
0.177048123317079 0.222771049310528 0.225223738408959 0.374957088963434
0.443056832272436 0.23008612771729 0.262374598939231 0.0644824410710431
0.267395367855322 0.190064849531544 0.372132689988746 0.170407092624387
0.332657207779229 0.154568902917676 0.37701464195851 0.135759247344585
0.150123524785039 0.309439451416494 0.292076848982519 0.248360174815947
0.326175420071792 0.33064673964003 0.205932481584948 0.13724535870323
0.171404395075796 0.455947750136926 0.116504880893553 0.256142973893725
0.16262290786034 0.22853080166479 0.195976933708648 0.412869356766222
0.176633170059876 0.161823840803486 0.272904087663148 0.38863890147349
0.32058044333543 0.296176886130488 0.174309192572484 0.208933477961598
0.32389346639149 0.222146690938798 0.301643547128934 0.152316295540778
0.398055491409398 0.164326277245274 0.14772475623694 0.289893475108388
0.0903153920679843 0.177548378685369 0.345434110055278 0.386702119191368
0.214220400446229 0.257441003736162 0.121747659932382 0.406590935885227
0.0398440208292539 0.13242058703674 0.24462743875963 0.583107953374376
0.285344077288785 0.178177400754138 0.0573207994585663 0.47915772249851
0.212035315179727 0.261939605490994 0.25555836380742 0.270466715521859
0.108900403337988 0.147975493670883 0.217083112024579 0.526040990966551
0.187170795437372 0.27493420821695 0.326935719991318 0.21095927635436
0.32054161736738 0.221676584309361 0.263003404402367 0.194778393920893
0.186271436037847 0.472413246021461 0.227656301608189 0.113659016332503
0.243100654946224 0.404067098849223 0.0690722000669372 0.283760046137615
0.444146279110943 0.23189516393026 0.284938076507279 0.0390204804515187
0.201328276780305 0.250705935607195 0.238496088064261 0.309469699548238
0.243523843109111 0.20646002848454 0.133041679454166 0.416974448952182
0.487908232068575 0.0986368006313424 0.187482795222007 0.225972172078076
0.339547793238237 0.124332026165324 0.24970492308358 0.286415257512859
0.322343477279708 0.289223942627602 0.352311970196534 0.0361206098961551
0.459871046557283 0.234640970073968 0.162225997248817 0.143261986119931
0.314546144351326 0.306044310423278 0.242990110536956 0.13641943468844
0.183245703566844 0.345965793351501 0.22343446035473 0.247354042726925
0.225255207258098 0.385943218168364 0.143856181832388 0.244945392741151
0.228397944186886 0.433511397371864 0.172103102728951 0.165987555712299
0.465681453097814 0.199765813253254 0.24362129189535 0.0909314417535819
0.32034322567247 0.371330471363109 0.30084983475052 0.00747646821390041
0.257053117237255 0.301085046451851 0.220553015847112 0.221308820463783
0.260270430386101 0.299888606113647 0.187327058489291 0.252513905010961
0.272428144129668 0.227691085292227 0.23331118129995 0.266569589278155
0.242460763805803 0.3399861917115 0.399477895562295 0.0180751489204019
0.0217565781691228 0.168578758459762 0.560440149093869 0.249224514277246
0.202090917793622 0.168703357052267 0.216055805478696 0.413149919675415
0.272959790422097 0.360362940059786 0.323057674493464 0.0436195950246529
0.233545925657609 0.340528202713574 0.369163406984541 0.056762464644277
0.372593640806433 0.332858685266357 0.139339422042588 0.155208251884622
0.176555774069383 0.2940181300822 0.171048866409296 0.358377229439122
0.141704143979571 0.171469552734506 0.456522678254327 0.230303625031597
0.184899797327081 0.187967563286195 0.439171560116935 0.187961079269789
0.221530899100479 0.207220948076416 0.230403404746749 0.340844748076357
0.43595822066522 0.258917689214936 0.248302551840924 0.0568215382789209
0.31639802737988 0.190534043331198 0.313546995521563 0.179520933767358
0.312919744305654 0.152099800502187 0.404932572529639 0.13004788266252
0.128514203926779 0.305617257772485 0.320543254661292 0.245325283639444
0.364683774600831 0.242667978113274 0.23927826332312 0.153369983962775
0.190151813769762 0.421432435960247 0.124684578287924 0.263731171982067
0.110252906874656 0.250207166066146 0.197302520589205 0.442237406469993
0.182962240062415 0.141590404117965 0.295824792575542 0.379622563244078
0.307570729122463 0.342772999524969 0.172987059309609 0.176669212042959
0.320320501088753 0.234402846427811 0.3053312460294 0.139945406454036
0.41225405521611 0.163383361503222 0.176963086972765 0.247399496307903
0.104774775922394 0.14914291435538 0.369827903105245 0.376254406616981
0.247222057096096 0.242889379918629 0.110956900234825 0.398931662750449
0.0557404575177441 0.0983975186105626 0.219996502524441 0.625865521347253
0.22162534725215 0.248549526964852 0.0179755279748041 0.511849597808193
0.242730365727092 0.181797595540052 0.305710068757678 0.269761969975178
0.118113295654269 0.184781974199204 0.191586189858958 0.505518540287569
0.165554524043067 0.304353855409067 0.355676965900213 0.174414654647652
0.315324327669768 0.250706687732062 0.26604379243097 0.1679251921672
0.206599727491035 0.502152595531516 0.196824756977261 0.094422920000188
0.290645411838827 0.388389066326668 0.0307559188514167 0.290209602983088
0.47752867644224 0.230161047769018 0.291581842293709 0.000728433495033598
0.248255288288101 0.189792647706574 0.238300387127078 0.323651676878247
0.261483313934847 0.222055060485688 0.11522672291276 0.401234902666706
0.507326323599254 0.112741708125381 0.177640164920871 0.202291803354495
0.308557818239135 0.101406922895807 0.256624826182186 0.333410432682872
0.288287934002063 0.278846948670859 0.402060838109684 0.0308042792173941
0.520609658878721 0.23432218574905 0.135851363731701 0.109216791640527
0.358168334617941 0.297652948047 0.203358976474882 0.140819740860178
0.202597825573083 0.363836800005378 0.226930670311668 0.206634704109871
0.250785987260107 0.446106331206652 0.13929365642195 0.163814025111291
0.236600812997508 0.445869783470504 0.110217663165175 0.207311740366812
0.501467481717437 0.168867012516495 0.229862515564262 0.0998029902018055
0.340586131492957 0.327117702821926 0.324312007953527 0.00798415773159028
0.281926845711159 0.318763418064997 0.201205140718379 0.198104595505465
0.296595603757107 0.29171668918015 0.175005958827069 0.236681748235674
0.294305256136436 0.261066550655724 0.216390112927046 0.228238080280793
0.213869963501139 0.329780530543644 0.436963354758909 0.0193861511963084
0.079706939189753 0.104655014993614 0.58551243439399 0.230125611422643
0.213248503369333 0.125711038007842 0.261262399596613 0.399778059026211
0.259638987455033 0.350058430944846 0.348068932687454 0.0422336489126664
0.137530810138787 0.367447050223234 0.433062918828461 0.0619592208095188
0.358032393353339 0.352333274782533 0.107915981443705 0.181718350420423
0.168192487838204 0.331778446790791 0.165830607245629 0.334198458125376
0.176707682642139 0.134084290139016 0.488964951349111 0.200243075869734
0.165375414463188 0.153968256961792 0.466513297441539 0.214143031133481
0.22896920981352 0.213857018885743 0.207908490433902 0.349265280866835
0.407277802582707 0.231332436706648 0.295830649060689 0.0655591116499569
0.316370739302481 0.179941244157297 0.346327760512748 0.157360256027474
0.347039543602259 0.149363911451078 0.428243735042621 0.0753528099040425
0.0552433972274861 0.359253055200917 0.354884408670163 0.230619138901433
0.384091947307439 0.20860666051925 0.271243906793295 0.136057485380015
0.229840213960551 0.399070500058093 0.111476156741191 0.259613129240165
0.12096524449661 0.262111213175565 0.220298096252141 0.396625446075685
0.174745701182628 0.168568218758814 0.295840378707028 0.36084570135153
0.292106973295531 0.354399660686395 0.173248523180602 0.180244842837471
0.367613349916536 0.178051516500245 0.282474839255029 0.17186029432819
0.409840658160758 0.147940629456863 0.176584738696047 0.265633973686331
0.0727340719563445 0.102735411768426 0.383055648920192 0.441474867355037
0.303709978057905 0.21270828022301 0.0842367240400309 0.399345017679055
0.0960556172655868 0.0837145773204783 0.203395004809567 0.616834800604368
0.210590476545652 0.232769175816865 0.0157302591146707 0.540910088522812
0.234031151530561 0.173061473809872 0.277245294144875 0.315662080514692
0.0582299453632129 0.168386496091471 0.244108109999092 0.529275448546225
0.13943207165455 0.314786180910528 0.3913556818459 0.154426065589022
0.238503878592709 0.300942467938338 0.300394542461687 0.160159111007266
0.171272370734138 0.487728503598919 0.225535199357076 0.115463926309867
0.240552467795837 0.450660204054325 0.042574930604376 0.266212397545462
0.466142582846011 0.239523367334861 0.291878010078545 0.00245603974058299
0.254967049173184 0.193532957531509 0.251799042088664 0.299700951206644
0.312962719012254 0.190393872302335 0.0925154490944832 0.404127959590928
0.5336723312523 0.116416699624082 0.16851918613915 0.181391782984468
0.309752414587931 0.130327396263714 0.218274602339177 0.341645586809178
0.284192232803969 0.318010548422051 0.340130448646015 0.0576667701279652
0.579566820004448 0.192343597124426 0.145036686839223 0.0830528960319025
0.361276767407972 0.277489731925272 0.215351306229749 0.145882194437007
0.170840891130992 0.407585316321205 0.219110970664297 0.202462821883506
0.189653524949037 0.497790738776353 0.168498804623386 0.144056931651225
0.247462730268321 0.420456332854325 0.111256405172397 0.220824531704956
0.492773116411145 0.216366061139053 0.170347718137735 0.120513104312067
0.352605401650864 0.323762522966792 0.314380609991608 0.00925146539073572
0.303435855421439 0.318088603398143 0.181468325596655 0.197007215583763
0.324682574032142 0.274428414867991 0.16713204484372 0.233756966256147
0.331022319004847 0.234723019703725 0.226128937466864 0.208125723824563
0.214713128326485 0.318263903293404 0.447106212334465 0.0199167560456451
0.0372009768463321 0.166953973806221 0.547242105955615 0.248602943391832
0.200542349488761 0.124991483908355 0.274217148396871 0.400249018206013
0.274645309723197 0.342999646742174 0.369181021453403 0.0131740220812262
0.121031359720155 0.369324822879969 0.477705981135029 0.0319378362648482
0.377395149456849 0.325933401725152 0.143975913924272 0.152695534893727
0.156459790630723 0.334213246954401 0.173834735840978 0.335492226573898
0.186983036820295 0.135109318112827 0.475468019666072 0.202439625400807
0.132286644990518 0.19800746947248 0.46121277845477 0.208493107082231
0.23873966790038 0.186415436755475 0.246992465469366 0.327852429874779
0.424060855969896 0.219369165869206 0.342138226818087 0.014431751342811
0.340038181239622 0.15253428781455 0.317385634791379 0.190041896154449
0.37299455103126 0.141001687038229 0.422394264559249 0.0636094973712618
0.0654288164076837 0.32915211561509 0.345468961225974 0.259950106751252
0.392103032381834 0.148742506887753 0.334532797066838 0.124621663663574
0.242251272480052 0.421896624430752 0.123063185639257 0.212788917449938
0.17548016598811 0.2415962885958 0.261289410735248 0.321634134680843
0.189763053069118 0.155527206664924 0.304218758434974 0.350490981830984
0.292188417472144 0.389372028756552 0.148778865880096 0.169660687891207
0.368423907642608 0.211976340429801 0.273901712235111 0.14569803969248
0.415446192042803 0.184156583521255 0.17009050828573 0.230306716150212
0.0106387274473464 0.102336067027991 0.412245472278512 0.474779733246151
0.284629009711225 0.197543865650946 0.089373517874421 0.428453606763408
0.126402690949102 0.0703222366375657 0.167143973865745 0.636131098547587
0.197107080035524 0.241038448846738 0.0215493661014169 0.540305105016321
0.254531552431634 0.125777658904195 0.340072168834074 0.279618619830097
0.0561544410844488 0.152564431313867 0.237500410051893 0.553780717549792
0.128795795618747 0.334391441014236 0.399811213965743 0.137001549401274
0.207681458356055 0.345993315131099 0.328952232432745 0.117372994080102
