0.16809801814224 0.141736231110049 0.335468797819053 0.354696952928658
0.102519263082238 0.414058385054392 0.175489248272553 0.307933103590816
0.280327798259744 0.161279977701101 0.257257485898004 0.301134738141151
0.216453386340744 0.202247657658377 0.355068679140208 0.226230276860671
0.354454247180498 0.195445808251923 0.217179463788085 0.232920480779493
0.176601047555846 0.165817554993223 0.341844511019675 0.315736886431257
0.103958862711991 0.340702356652853 0.16844863651057 0.386890144124586
0.200211405924993 0.164057483008368 0.290981654722281 0.344749456344358
0.151853941612687 0.162402973063857 0.372572836131561 0.313170249191895
0.248262389454425 0.314154390026731 0.206268168469154 0.231315052049691
0.173470556516734 0.152409773929354 0.332467370520113 0.3416522990338
0.176395760011378 0.224641198954723 0.47434958013654 0.124613460897359
0.398013168120425 0.28231479771612 0.212989423391558 0.106682610771897
0.353582423465587 0.0948130285801732 0.269593949019135 0.282010598935104
0.253873174116364 0.422607904796815 0.202868752018195 0.120650169068626
0.151587251283867 0.142265517288382 0.316232350002748 0.389914881425003
0.241847824412953 0.262136214500367 0.311467561525392 0.184548399561288
0.228214168858173 0.359047126573704 0.151426026524951 0.261312678043171
0.183024833100503 0.30176338613718 0.260728113521566 0.254483667240751
0.277657103601883 0.201300556391103 0.226105973563609 0.294936366443405
0.170911193298103 0.183801633148195 0.396015914390754 0.249271259162947
0.261445649382133 0.213224310659135 0.313495116933531 0.211834923025201
0.180002721969502 0.407425290621103 0.321839365940304 0.0907326214690918
0.568094689345303 0.101278949185243 0.0943108980245228 0.23631546344493
0.160809505263932 0.378912563410939 0.116044975342188 0.344232955982941
0.13052066198142 0.396434215259935 0.245012146595021 0.228032976163623
0.130343848806112 0.346903955311276 0.104858574602469 0.417893621280144
0.253603379753884 0.232967269321201 0.316366731004888 0.197062619920027
0.238657405904632 0.302638299309606 0.187542655454527 0.271161639331235
0.173053023644162 0.246788349991996 0.292433579492332 0.287725046871509
0.231781058509761 0.195442198087625 0.176265879694928 0.396510863707686
0.0703995339603647 0.264761125784534 0.274755638479312 0.39008370177579
0.249987152068079 0.378501071387441 0.143910894886186 0.227600881658293
0.0963092336018412 0.280545741969868 0.283924521821724 0.339220502606567
0.233682114842684 0.104276463595423 0.254643448408425 0.407397973153468
0.298001731456797 0.343604745663489 0.154706786598102 0.203686736281611
0.112871330495243 0.248394990991582 0.208577866619182 0.430155811893994
0.0981937392956079 0.245051891019895 0.276250819493108 0.38050355019139
0.263449676076884 0.27622870562578 0.170124009610267 0.290197608687069
0.322089172637158 0.166533554199909 0.28922026080704 0.222157012355893
0.11324771119537 0.436955124151415 0.234726873586477 0.215070291066737
0.314109780571626 0.227274302561737 0.234464739713999 0.224151177152638
0.178137324633178 0.141429262776973 0.307765633603366 0.372667778986482
0.187958075599495 0.37804852240887 0.222607357557761 0.211386044433875
0.277331608009911 0.32905623180506 0.103962270875583 0.289649889309446
0.194661419188933 0.226593913174733 0.415594263742296 0.163150403894037
0.18086986950762 0.151684054655081 0.470030700704474 0.197415375132824
0.219803224793481 0.126376764168022 0.305231508295114 0.348588502743383
0.130583860800423 0.428093999721619 0.186029678043034 0.255292461434923
0.269031136124461 0.139890335215218 0.298202940485931 0.29287558817439
0.22374119875998 0.207767872817426 0.37457353459697 0.193917393825624
0.288198651860827 0.141125388747849 0.261600935623898 0.309075023767427
0.195275807512622 0.160312479710805 0.338396632868474 0.306015079908099
0.137637005904073 0.345457017542592 0.114650980358406 0.402254996194929
0.201029473067966 0.225699089452395 0.260776018966725 0.312495418512914
0.148068356122864 0.185406236032125 0.412227883873978 0.254297523971032
0.289284696472709 0.281439098514299 0.20853916343903 0.220737041573962
0.213082144900293 0.180175966622151 0.264016603817231 0.342725284660324
0.180321918073328 0.232081115139826 0.481201493363541 0.106395473423305
0.413622137777176 0.286025180904565 0.203718780449275 0.0966339008689845
0.347765698970789 0.069310547780841 0.260818135711988 0.322105617536382
0.220546384076936 0.436581612752844 0.147739995759559 0.195132007410661
0.165078480571914 0.15410896854641 0.291675858292502 0.389136692589173
0.234573979242096 0.294664082659017 0.307843135784247 0.162918802314641
0.227944848611876 0.37735881600688 0.153597335805626 0.241098999575618
0.19276288628986 0.263406914161614 0.256296167207859 0.287534032340667
0.300765088846016 0.177061744189447 0.240723360652556 0.281449806311982
0.192786308677329 0.167108942806462 0.460941172537586 0.179163575978623
0.320306169993184 0.226574317946362 0.269095477120767 0.184024034939686
0.198562042432602 0.345343756316214 0.358658906486579 0.0974352947646046
0.604545519185336 0.0999976310992766 0.0712599655256412 0.224196884189746
0.173669430641347 0.33447635944316 0.127135615443071 0.364718594472422
0.110959361496491 0.380358900468993 0.247616106416884 0.261065631617631
0.127637214366584 0.345930009804427 0.087943562224456 0.438489213604533
0.300028453004314 0.260293538268419 0.279440123840101 0.160237884887167
0.2629058823999 0.268482224736786 0.172247936648128 0.296363956215187
0.174643441365471 0.268739036220225 0.259179963281328 0.297437559132976
0.233540466132501 0.228634739363264 0.182154954560191 0.355669839944044
0.0842798494124803 0.298319914988641 0.28022561569471 0.337174619904169
0.237368184084208 0.390709422886144 0.0561192184568531 0.315803174572796
0.108399514876709 0.325886556062065 0.285534996925095 0.280178932136131
0.205172854221763 0.148020922848926 0.239590715286286 0.407215507643025
0.339878995933877 0.288045266101855 0.167434560294054 0.204641177670215
0.146771044559561 0.243193382723038 0.169124157353964 0.440911415363437
0.106511139187865 0.23455169607848 0.260039252529642 0.398897912204012
0.263988825147276 0.302067804698398 0.195943119997505 0.238000250156821
0.328606485918232 0.214508981705935 0.269747536683415 0.187136995692418
0.107412435569793 0.37547163836424 0.213214931269467 0.303900994796501
0.363713545604579 0.198087432072234 0.234952277599782 0.203246744723405
0.121391981303793 0.12786862490454 0.306545766183216 0.44419362760845
0.189684082554636 0.393843554844432 0.145537051514155 0.270935311086777
0.201463642041119 0.32361532522429 0.163689725031965 0.311231307702625
0.178153573566679 0.204700554513406 0.409828484606315 0.207317387313601
0.230502040979223 0.147987596386404 0.422203122257879 0.199307240376494
0.14122877625477 0.167229844123581 0.314906845226946 0.376634534394703
0.110884204052443 0.414686496263181 0.190892765456867 0.283536534227509
0.279899764872455 0.152601654461081 0.29727394437839 0.270224636288073
0.281217879095801 0.199900986518555 0.337240495711126 0.181640638674518
0.285456453169123 0.180572133478079 0.209719961767002 0.324251451585796
0.220453718587919 0.120611424947524 0.372560667554292 0.286374188910265
0.128391135833774 0.36563820378951 0.0890478198169013 0.416922840559814
0.200324125136022 0.187762564376466 0.281206469393372 0.33070684109414
0.185804660995534 0.119232826850478 0.474331394615123 0.220631117538865
0.277303054703765 0.304098262407267 0.235216670735002 0.183382012153966
0.220335327876567 0.16716531455571 0.271246264373417 0.341253093194306
0.166558688029631 0.225474261817234 0.479717477762087 0.128249572391047
0.380207702640811 0.29837408389258 0.213633527213391 0.107784686253219
0.329880342056304 0.118981457032859 0.256365921263741 0.294772279647096
0.207748763417242 0.401447669907567 0.228678233030597 0.162125333644594
0.249276150158779 0.141628096532571 0.227486568258383 0.381609185050266
0.26181382176871 0.282944302662815 0.297829170261144 0.157412705307331
0.237494375255116 0.400185638178799 0.142849605999164 0.21947038056692
0.224432650289386 0.230515182219541 0.270892241358036 0.274159926133037
0.328827507327584 0.140272554526197 0.24022277203294 0.29067716611328
0.135214227591801 0.193227381142296 0.481856914319523 0.18970147694638
0.290518589696787 0.285175003360056 0.234275843915579 0.190030563027578
0.219262664893174 0.380843375525654 0.287744604715607 0.112149354865564
0.621400972669795 0.0998885896694534 0.0842253766247809 0.194485061035971
0.203256949501701 0.299336340055687 0.137029457653366 0.360377252789247
0.130214627450907 0.390117120651259 0.252661307819275 0.227006944078559
0.147943654256411 0.353753608352266 0.110826889652009 0.387475847739314
0.321885856322013 0.231763577355999 0.279276967626862 0.167073598695126
0.247992022902144 0.323038107145535 0.137744441379837 0.291225428572484
0.189358010620482 0.278593224496447 0.256693969468303 0.275354795414768
0.23714598715461 0.246841523102416 0.190719331333038 0.325293158409937
0.135304800587103 0.25583281119394 0.265249912984493 0.343612475234464
0.265522146883323 0.419870141663128 0.0624659862425792 0.25214172521097
0.121013067394433 0.322367538149152 0.251214870101945 0.305404524354471
0.19770099420786 0.130968802325631 0.211365668983163 0.459964534483345
0.380893389504244 0.25278813118932 0.150727310586511 0.215591168719925
0.1437678215753 0.266840570105486 0.192854554485258 0.396537053833956
0.0933984574388214 0.206646805542615 0.295562213692138 0.404392523326425
0.252414670369358 0.286102537183123 0.241429753267553 0.220053039179967
0.362227252241525 0.184321820724348 0.267560447527056 0.185890479507071
0.144604272402582 0.37443002972285 0.203493957954051 0.277471739920517
0.340507853801565 0.183201269223091 0.233441135167791 0.242849741807553
0.118575391056118 0.158433404588022 0.300091163012939 0.422900041342922
0.169168940155982 0.412197135388204 0.173873720425079 0.244760204030735
0.233807060203901 0.284533029043286 0.204323965370079 0.277335945382735
0.189621007578544 0.218532115036655 0.399061946804486 0.192784930580314
0.220503205553865 0.148201240830415 0.433226511887433 0.198069041728287
0.126190897913961 0.202076099335905 0.344837738651845 0.32689526409829
0.135147353243836 0.401805486190875 0.22651362309238 0.236533537472909
0.257780031676005 0.195953925664266 0.341566728709291 0.204699313950438
0.261744701080478 0.202383422877251 0.322103752409134 0.213768123633137
0.272126748661636 0.136084783567883 0.247931132956325 0.343857334814156
0.21696930817368 0.0973251924963138 0.361160139436045 0.324545359893961
0.0966667895909293 0.39306708343656 0.100693008447693 0.409573118524818
0.200763866982662 0.184236778955677 0.270459007097678 0.344540346963983
0.182487994990122 0.19077174383738 0.445684296681551 0.181055964490948
0.284308122880424 0.32378857735536 0.259248357587688 0.132654942176528
0.267320471142487 0.203612269709661 0.164231176248518 0.364836082899334
0.151462433138381 0.211997988306629 0.481014639693958 0.155524938861032
0.382922714356002 0.353489417610129 0.201653762769569 0.0619341052643011
0.307353126688423 0.102903521698098 0.267194607635419 0.32254874397806
0.259279549037222 0.328864185426711 0.213056505104407 0.198799760431661
0.317547447177289 0.123364212556538 0.225777188426356 0.333311151839817
0.22974402989782 0.335712562728747 0.307628168664274 0.126915238709159
0.186397415680037 0.413307691297222 0.173849341270489 0.226445551752252
0.217563832218879 0.271678621249602 0.299599211156113 0.211158335375407
0.323377626155776 0.143905987681679 0.236419609028599 0.296296777133946
0.174277076762097 0.203900039795062 0.414905736660311 0.20691714678253
0.266197371640649 0.317335733624206 0.233006144817968 0.183460749917178
0.242732312675796 0.352758056468081 0.256085033814651 0.148424597041471
0.618947360477028 0.106621625070429 0.0833270207854725 0.191103993667071
0.195017852563068 0.286758851933645 0.130086879888508 0.388136415614779
0.21664367153134 0.341228554521651 0.217777197697054 0.224350576249955
0.154311213760408 0.359923490233481 0.150133748235595 0.335631547770516
0.353816619020188 0.214437515910944 0.253605712893983 0.178140152174885
0.285089377932854 0.269508803706108 0.162667414425451 0.282734403935588
0.183139122417334 0.292863429023285 0.229390029381445 0.294607419177936
0.269432880428314 0.257059350527056 0.17795851006298 0.295549258981651
0.0875268637990597 0.299352067120307 0.249767963171528 0.363353105909106
0.236771722353897 0.405634638943016 0.115257293457227 0.24233634524586
0.105736794042804 0.345944032961884 0.248382293213332 0.29993687978198
0.181205531072208 0.123061282981624 0.223032494513282 0.472700691432886
0.377853682377217 0.312331984442446 0.130459098537243 0.179355234643095
0.115312288982811 0.205866974807358 0.271975446952003 0.406845289257828
0.112182937765398 0.20496285898923 0.312400100250053 0.37045410299532
0.232434457771483 0.264694678953182 0.281802213736923 0.221068649538412
0.362446893535622 0.125971339433512 0.269608447673225 0.241973319357641
0.105927342794828 0.396295272582199 0.221496715727552 0.276280668895421
0.299160027174249 0.186232824303179 0.263605119698163 0.251002028824409
0.154560999466673 0.139210890565181 0.292339962391224 0.413888147576921
0.197489899820398 0.392150304489122 0.194247129066978 0.216112666623503
0.255845789896477 0.281242541945011 0.203946413013275 0.258965255145237
0.204541928625995 0.210223008024772 0.383549322730014 0.201685740619218
0.26059773945995 0.159017031149299 0.381948971449556 0.198436257941195
0.0843454383530974 0.226230193476881 0.354493229018121 0.3349311391519
0.100906102690667 0.363470584821931 0.248905706529096 0.286717605958305
0.208211750027324 0.215845921472841 0.330992132497046 0.244950196002789
0.234538510835717 0.292596286048724 0.276063647672094 0.196801555443464
0.30662609703572 0.109678452155156 0.26472837505458 0.318967075754544
0.207888654844533 0.120766771095472 0.334774152794064 0.33657042126593
0.12915350802414 0.399783254506562 0.0911520052744755 0.379911232194822
0.162824699709664 0.235391181249873 0.254141710859993 0.347642408180469
0.224765264992645 0.151108120796838 0.49412667953596 0.129999934674557
0.280196493743819 0.276331122495383 0.304691472010648 0.138780911750151
0.262680916874272 0.22981986299677 0.183120394275989 0.32437882585297
0.134257591388173 0.211497475042651 0.520583608404913 0.133661325164263
0.296759610443743 0.455687325888451 0.184071463733129 0.0634815999346772
0.317619500367465 0.0875416921478597 0.23607507716787 0.358763730316806
0.295793224932043 0.364117745009345 0.203263265121142 0.13682576493747
0.303994115332547 0.0822999460161955 0.258230689808034 0.355475248843223
0.223772703795085 0.306517988245775 0.308295890250343 0.161413417708797
0.216452806263621 0.36075174290031 0.161420139097119 0.26137531173895
0.211347482312125 0.256504693252363 0.313619262381201 0.218528562054311
0.291491171268786 0.135537445205588 0.236419609028599 0.336551774497027
0.145718483693359 0.197800429886647 0.398422998161713 0.258058088258281
0.269328735100046 0.278534040138622 0.238598327341073 0.21353889742026
0.322995639703002 0.307488041104733 0.27319919300009 0.0963171261921751
0.652837120734471 0.101592887466276 0.081444782291473 0.164125209507779
0.209547340839526 0.234627331669561 0.13998975018268 0.415835577308233
0.186228798169752 0.385072206282486 0.200216976430587 0.228482019117174
0.205207703357334 0.363412763414666 0.117602748074052 0.313776785153949
0.361123720474541 0.226753246259872 0.263835987823183 0.148287045442405
0.350298770827612 0.2709715918351 0.150849492098715 0.227880145238573
0.201182201219627 0.322448830533406 0.203018096344728 0.273350871902238
0.298417210929721 0.291677407686297 0.105171990409816 0.304733390974166
0.086118275750989 0.308329362660114 0.241945965974648 0.363606395614248
0.257074831595547 0.409698086868744 0.149361157312352 0.183865924223358
0.104504376911263 0.353866562100043 0.247280726688155 0.294348334300538
0.18751798980158 0.093021057723061 0.236091271032311 0.483369681443049
0.35591318531854 0.339206071558894 0.148594719743845 0.156286023378721
0.115839598062 0.199167384655228 0.274234372225784 0.410758645056987
0.0801023576749922 0.189770179231047 0.318649791435128 0.411477671658833
0.225635121632836 0.284955553170092 0.273525199210385 0.215884125986687
0.343472684046088 0.131910899549316 0.284747894226301 0.239868522178296
0.136668226054396 0.397242793021712 0.187085445352422 0.27900353557147
0.307857857000518 0.216974049602604 0.285082087616151 0.190086005780726
0.124680914350654 0.130395637563078 0.319418095391983 0.425505352694285
0.234673640485603 0.357459280482079 0.180513818808729 0.227353260223589
0.228322010586191 0.281242541945011 0.184948179109144 0.305487268359654
0.183653319937739 0.251711421549121 0.385830579792 0.178804678721139
0.217065194194907 0.172129732601636 0.413639416788165 0.197165656415292
0.0971693934158742 0.220414620643938 0.357431586927564 0.324984399012624
0.123723400901825 0.343852296860001 0.216105450388333 0.316318851849841
0.24972086353467 0.213886923628356 0.276324531653223 0.260067681183752
0.258398442276974 0.269731067455218 0.262866891662384 0.209003598605424
0.324728606488449 0.0898307757294498 0.254616942834724 0.330823674947377
0.187084345453582 0.109322608500619 0.377594469981644 0.325998576064155
0.134715074295493 0.372471632312315 0.132174583429865 0.360638709962327
0.183833044600679 0.290438535957368 0.211061568387821 0.314666851054132
0.209322102192134 0.126894834749968 0.510484606246003 0.153298456811895
0.278723878112754 0.240567158618858 0.289426330792679 0.191282632475709
0.257014435089261 0.196325545290561 0.263599610874895 0.283060408745283
0.113854127488316 0.287481911333688 0.483235136450448 0.115428824727548
0.244927424432145 0.49040685279588 0.18611008096152 0.078555641810455
0.283793136605555 0.0413876221658563 0.251984332801466 0.422834908427122
0.266342344812932 0.363291403589165 0.28246676950913 0.087899482088773
0.338522504672814 0.0817879638697778 0.225209571025108 0.354479960432301
0.197902002828751 0.279840091319363 0.332356043652731 0.189901862199155
0.240721925849718 0.38613936638735 0.147218495173821 0.22592021258911
0.192631255491291 0.300835104010629 0.290053915586998 0.216479724911081
0.311782134079182 0.0939129727581495 0.260681627117083 0.333623266045586
0.144120665484967 0.225904562859304 0.407090676402167 0.222884095253562
0.309593117563693 0.257797082657491 0.260270863948439 0.172338935830377
0.293198789493179 0.364707441338322 0.246323404613412 0.0957703645550871
0.727396301085678 0.0961037694997773 0.0631948716348774 0.113305057779667
0.232029640673317 0.233624486646967 0.167758891861844 0.366586980817872
0.179807227951817 0.361746771693426 0.235987443284451 0.222458557070305
0.212543814508714 0.374699379646912 0.101716193759995 0.311040612084378
0.379788298409665 0.23458056250773 0.20147978195651 0.184151357126095
0.363955992275987 0.267147014599018 0.126879295592008 0.242017697532988
0.248494205391172 0.350176574487571 0.169073300994184 0.232255919127073
0.306246652333458 0.345809968920589 0.0261387613521388 0.321804617393814
0.0823499722786731 0.349756277794185 0.237658712375034 0.330235037552108
0.266415296879732 0.4183558694867 0.157840090809451 0.157388742824117
0.102628107106484 0.372444227755218 0.257544626547429 0.267383038590869
0.194632535552244 0.103133875966276 0.231801158225827 0.470432430255653
0.392536188314743 0.336398984619902 0.116433080986166 0.15463174607919
0.108619182320096 0.179823453718344 0.267547994095095 0.444009369866464
0.121241654379197 0.182414338045848 0.290103134382772 0.406240873192184
0.2373136186488 0.254762469099168 0.268378788748637 0.239545123503396
0.345623061945031 0.167642476462119 0.294884545118974 0.191849916473876
0.175368467754676 0.326205651042971 0.184760048449097 0.313665832753256
0.306260974951757 0.184326681459525 0.326228419408849 0.18318392417987
0.0878075199018782 0.149326574295873 0.34472260776888 0.418143298033368
0.239279249448777 0.309231634937976 0.20232758900024 0.249161526613006
0.219955473474613 0.247196343767627 0.216472126637475 0.316376056120286
0.196233256605783 0.264644485923495 0.351910145226484 0.187212112244237
0.146263633358063 0.196528697006463 0.433689690158162 0.223517979477312
0.0971693934158742 0.261343075789269 0.341898947956801 0.299588582838056
0.0972027819774193 0.345349877227141 0.260203218956068 0.297244121839371
0.229228147232273 0.231154603557856 0.273577473006004 0.266039776203867
0.23426856132386 0.269124765131933 0.257544657783842 0.239062015760366
0.338165122932647 0.104037373904674 0.255787607447161 0.302009895715518
0.169639461683505 0.121697437244833 0.350458091118283 0.358205009953378
0.141721129307373 0.351496617302562 0.107046148220238 0.399736105169827
0.239693753900711 0.308468221013903 0.233835778488582 0.218002246596803
0.194895262945253 0.168650570280719 0.492250590518355 0.144203576255673
0.280966495253046 0.261324344531083 0.271209354758224 0.186499805457648
0.274625271554871 0.20469607568633 0.289034565682755 0.231644087076044
0.0868897213954323 0.255086535499376 0.547041703913773 0.110982039191419
0.246850850789243 0.477232254056164 0.199512148831421 0.0764047463231707
0.303372837544913 0.0391906579343037 0.298787072583027 0.358649431937757
0.259197949376306 0.415383915267513 0.279701420123103 0.0457167152330786
0.358673580626432 0.0775749447527633 0.225963417871163 0.337788056749642
0.173178193593021 0.297679557977551 0.340029711815628 0.1891125366138
0.261808006501448 0.367719798140887 0.18325148484737 0.187220710510294
0.162333420640211 0.301263678577824 0.338453074596567 0.197949826185399
0.330998640989925 0.125500184732115 0.259580901972004 0.283920272305957
0.123547776953943 0.252725686667927 0.418188818411162 0.205537717966968
0.288554449572168 0.257736151163264 0.221870084918386 0.231839314346182
0.28375464051496 0.360231660581411 0.243246965297493 0.112766733606136
0.724418711067261 0.103715874947111 0.0832247816251397 0.088640632360489
0.252723378442351 0.262759574984319 0.175697192627662 0.308819853945668
0.168104148734703 0.333044920089153 0.212058212357427 0.286792718818716
0.265707797157117 0.390125756696792 0.0699427288369694 0.274223717309122
0.360082091675839 0.226812878786116 0.194298062038939 0.218806967499106
0.352818303982166 0.279013459751573 0.12194193399213 0.246226302274131
0.2190239859106 0.363011664303352 0.149207684495902 0.268756665290147
0.343717481977466 0.308137087359723 0.0396202292503754 0.308525201412436
0.0435162428506668 0.391978884615636 0.269176165226438 0.295328707307259
0.250637085701474 0.422901572958804 0.113585627940312 0.21287571339941
0.0496342618653393 0.370362401495836 0.283971872444205 0.29603146419462
0.194474259125871 0.0742388364416257 0.224548258883843 0.50673864554866
0.422325732712242 0.385209848039105 0.0689323120420102 0.123532107206643
0.104200232333521 0.151646139728617 0.270330826274314 0.473822801663548
0.150606960639494 0.154371377942945 0.317361306501808 0.377660354915753
0.247619288651508 0.29099789906273 0.257160720995275 0.204222091290486
0.332911189074463 0.157224548125 0.305446802075447 0.204417460725091
0.182266735147211 0.287044923298515 0.216057289099844 0.31463105245443
0.31283389353982 0.243704118753985 0.293923526632548 0.149538461073647
0.118106530082048 0.173691261920493 0.288344327688491 0.419857880308967
0.262665245698049 0.28833245399809 0.221174276703867 0.227828023599995
0.205985929258088 0.193100194155176 0.272959113901836 0.327954762684901
0.199337901392583 0.313772967849659 0.3279202331331 0.158968897624659
0.140305675046289 0.219691524490074 0.426583887465922 0.213418912997714
0.128959108916656 0.253395014640633 0.35521028483316 0.262435591609552
0.131670454691219 0.363088211840528 0.181375812641401 0.323865520826852
0.239390786076031 0.211835057387556 0.243842439786091 0.304931716750322
0.218654200426989 0.310839133845952 0.286849177574299 0.183657488152759
0.276558336445256 0.197170093744597 0.254883585813837 0.27138798399631
0.160691462536738 0.142704593011544 0.3625193128238 0.334084631627917
0.135414798895911 0.378745797531244 0.0785919910573149 0.407247412515531
0.247396517686785 0.329629780575637 0.21217551816212 0.210798183575458
0.199289928649129 0.192872254907255 0.524100557921459 0.0837372585221562
0.234296427052135 0.331826481027444 0.248288026959829 0.185589064960591
0.298572100823115 0.17082375355934 0.330420647938968 0.200183497678578
0.0833429620722153 0.282661085068193 0.555612874108546 0.0783830787510455
0.274689759390796 0.431980190785273 0.201232443606863 0.0920976062170683
0.325418829522124 0.0181822022741095 0.319795528243221 0.336603439960546
0.263816657344926 0.434206394760032 0.26412900369579 0.0378479441992514
0.335590982205407 0.106016926310753 0.16811361293635 0.390278478547489
0.15770957094207 0.242714761459808 0.358356121273578 0.241219546324544
0.312517622195807 0.357198424819352 0.173369901199568 0.156914051785273
0.228675733220884 0.318049380023593 0.320381731295004 0.132893155460519
0.34708835380086 0.129736068935923 0.244263454372049 0.278912122891168
0.146459149414601 0.253379155403908 0.440746939351974 0.159414755829516
0.304883519310445 0.256125177412324 0.22423221870214 0.214759084575091
0.319036601658443 0.324665263878631 0.226200170716965 0.130097963745961
0.744263933300823 0.0866624115497958 0.113007866654479 0.0560657884949025
0.257546633189667 0.203173625968283 0.171585722182603 0.367694018659447
0.198185782940702 0.328980018194263 0.187582956399623 0.285251242465412
0.319813872427218 0.376539529095165 0.0440684186114882 0.259578179866128
0.417541976941982 0.182425982702519 0.241800367519824 0.158231672835674
0.385382585584556 0.311690070631871 0.0527815823227145 0.250145761460858
0.228388661489727 0.375005360273511 0.130054589342741 0.266551388894021
0.322092730041287 0.294785416980671 0.0587165287091361 0.324405324268906
0.0131382962254359 0.471133111311755 0.235650584825837 0.280078007636972
0.226036153926416 0.457638772794749 0.109444223291768 0.206880849987067
0.0671137938328861 0.356514254228128 0.285214646342616 0.29115730559637
0.172047911941643 0.0962654422118504 0.169446267287677 0.562240378558829
0.408409176943432 0.375643522589254 0.076435846313392 0.139511454153922
0.0841503155960411 0.146622318954686 0.253640953567539 0.515586411881734
0.13131041641384 0.177616921242653 0.274214974212483 0.416857688131023
0.28754369225167 0.264194789110714 0.271908165378377 0.176353353259239
0.299724868917207 0.201373850257427 0.305329739758006 0.19357154106736
0.15317151818447 0.297905910387623 0.225327777989732 0.323594793438175
0.278823472771065 0.315522788557892 0.258957738414588 0.146696000256456
0.172178130869622 0.16668515475455 0.274234858157387 0.386901856218441
0.255707398492127 0.258213529729335 0.264276916518473 0.221802155260065
0.19770594361463 0.165502789749934 0.31090205666924 0.325889209966196
0.207702711680768 0.329612746923962 0.298337240337478 0.164347301057791
0.154422473137271 0.206115749761986 0.37416569082222 0.265296086278523
0.0913348336455732 0.285668702470362 0.337208418591476 0.285788045292589
0.172733742108856 0.349832463443323 0.180851905642832 0.296581888804989
0.231869948558809 0.229615715792365 0.196677611677002 0.341836723971825
0.28576029563368 0.279486197171577 0.254485762053195 0.180267745141547
0.269167397111547 0.231208488632063 0.218100473350529 0.281523640905861
0.147276545616728 0.174261097685334 0.334028420794432 0.344433935903505
0.163730760879664 0.393097177420074 0.0402639303458137 0.402908131354448
0.191776341411524 0.33876338703791 0.219269321822366 0.2501909497282
0.184738486154281 0.237451749715823 0.525869114071369 0.051940650058528
0.275907161309982 0.329579610123681 0.22982456028248 0.164688668283857
0.298076378678272 0.199823755204521 0.305701923910761 0.196397942206446
0.145118782506774 0.278007995167226 0.541448274809581 0.0354249475164183
0.23224733001077 0.39911573734544 0.230111587358555 0.138525345285236
0.343946508260006 0.0280029517683567 0.317479258318589 0.310571281653048
0.26808272139437 0.403903045338439 0.256321142927856 0.071693090339335
0.334831222089646 0.108447853778984 0.175660885200842 0.381060038930528
0.219860172687886 0.240204473276696 0.32307135999818 0.216863994037237
0.348076856195619 0.39243103050553 0.141181734015209 0.118310379283642
0.23278609623027 0.363551074374562 0.294417710741493 0.109245118653674
0.352883761992485 0.113776515858805 0.271960811348618 0.261378910800092
0.184104674300339 0.224545582191294 0.450786118757405 0.140563624750962
0.337964600057514 0.233614975352103 0.204660711707596 0.223759712882786
0.286499752121743 0.327715813206958 0.227433057887009 0.15835137678429
0.7500176262563 0.130941248358895 0.0808768179376416 0.0381643074471642
0.206870606796473 0.26784865517251 0.213856019861955 0.311424718169062
0.185934831385377 0.294408182527834 0.194740371591964 0.324916614494824
0.31218872716581 0.342354450034903 0.0834908219980494 0.261966000801238
0.405268076358596 0.20443846869119 0.253346872500475 0.136946582449738
0.425304360224072 0.270321555296382 0.0568824445379876 0.247491639941559
0.238655596767922 0.449592081975291 0.104443693119516 0.20730862813727
0.317751446734575 0.309470859541256 0.0558999328327795 0.316877760891389
0.0448451888138446 0.429493752406378 0.239930126626334 0.285730932153443
0.203508037789161 0.44471662086668 0.073778170801062 0.277997170543097
0.060068161552244 0.368424064769093 0.288893455722542 0.282614317956121
0.197791365611936 0.054239431375143 0.18520411760077 0.56276508541215
0.436218970882082 0.339469154924174 0.0923922984937906 0.131919575699954
0.120936507326103 0.139418479462401 0.285552778519651 0.454092234691845
0.142218327701927 0.190519544547052 0.231925119044282 0.435337008706739
0.291616730972196 0.304878129461812 0.266209473132735 0.137295666433257
0.323778589342789 0.186669568443962 0.331923052006594 0.157628790206655
0.165910410818403 0.288205938611633 0.200056063516821 0.345827587053142
0.284997678404644 0.30469707974672 0.228566380645329 0.181738861203306
0.150881350045427 0.194670755573197 0.293320448564872 0.361127445816504
0.284771039562515 0.24466313113743 0.262194427436814 0.208371401863241
0.198925557784889 0.198999016649958 0.307550679514772 0.29452474605038
0.214050357144888 0.240338443524237 0.384900842246916 0.160710357083958
0.193109077492733 0.211386374079914 0.370701805348899 0.224802743078454
0.030458883648584 0.300391050288677 0.383770122690189 0.285379943372551
0.153703202236964 0.357674657918556 0.253514079797371 0.235108060047109
0.205379000040769 0.239164757827725 0.21504734623784 0.340408895893667
0.253492644631059 0.292645485643375 0.331710179724291 0.122151690001275
0.283230025965846 0.24533045402083 0.184449065618134 0.28699045439519
0.128563481992274 0.18625987434028 0.365867807191474 0.319308836475972
0.126242474472931 0.394506027967234 0.0206623794438066 0.458589118116029
0.180317917538115 0.341910527992299 0.191580903033763 0.286190651435824
0.194478305713316 0.2514410278719 0.54996613393026 0.00411453248452352
0.205514211360963 0.386249149121493 0.245854323521683 0.162382315995861
0.258583813145126 0.252233918742818 0.275711408506846 0.21347085960521
0.15929782295761 0.277068363350062 0.492138005160441 0.0714958085318871
0.243191196514428 0.428133742509547 0.20810908155065 0.120565979425375
0.406582432601163 0.017825066108852 0.2929934073616 0.282599093928385
0.339742796422564 0.351572449815786 0.26784316479426 0.0408415889673907
0.313140111365296 0.101510663930589 0.232681231706875 0.35266799299724
0.268155963698491 0.167039042793055 0.322000098575705 0.242804894932749
0.336400003831293 0.393026622869501 0.146052258365763 0.124521114933443
0.203526815317459 0.408876541906365 0.302908728731075 0.0846879140451019
0.347637415758141 0.0945669748276451 0.269803444781792 0.287992164632421
0.184952197243853 0.214423172128826 0.501034011227038 0.099590619400283
0.388399330637824 0.193201389674361 0.196588252655978 0.221811027031838
0.31058321004384 0.303897206300388 0.184734690295062 0.20078489336071
0.774089802014492 0.0690958346353997 0.0753130489603422 0.081501314389766
0.254845992171794 0.249293058218553 0.188756772342562 0.30710417726709
0.23181937929766 0.311359118555404 0.145713311456697 0.311108190690239
0.319300462749558 0.372974075758824 0.0876926349645433 0.220032826527075
0.374047312192386 0.214173194532744 0.290965567467134 0.120813925807735
0.441274470977623 0.23457722096397 0.0940968261873793 0.230051481871028
0.258744953113047 0.481810715608165 0.0503224619656763 0.209121869313111
0.326104984323421 0.307911687005475 0.00942880696160364 0.3565545217095
0.087691260405911 0.417494270862479 0.224137589052609 0.270676879679001
0.194921646704334 0.440626132065668 0.0596549265608805 0.304797294669118
0.107415103219154 0.39748549625339 0.241690456699986 0.25340894382747
0.197590806098759 0.0472532957640652 0.206455417124053 0.548700481013123
0.440237239307798 0.365457319229628 0.0289046796465062 0.165400761816068
0.0782464006352413 0.148131618072292 0.258682905515617 0.514939075776849
0.087535143834908 0.212567373977137 0.294084150813543 0.405813331374413
0.320801585712939 0.30226912814638 0.225040518781284 0.151888767359398
0.35955253104849 0.207208106591192 0.260889267218725 0.172350095141593
0.158141698136685 0.30952007131417 0.242632271849142 0.289705958700003
0.324898790308244 0.335599259182081 0.165011132167833 0.174490818341841
0.14251230788567 0.183242715854312 0.311631891884417 0.362613084375602
0.299097895981727 0.243801651469483 0.227905196669642 0.229195255879148
0.24958874572759 0.189215253991478 0.301983349066815 0.259212651214117
0.23478224174688 0.254730929767979 0.376960108552212 0.133526719932929
0.160797837822935 0.189281912431645 0.418508248174721 0.231412001570699
0.050435392120466 0.338100895553585 0.328287891161457 0.283175821164492
0.176633083459044 0.335659795997941 0.246253027704135 0.24145409283888
0.220275157168574 0.26566777224672 0.192375381467424 0.321681689117283
0.246717816839681 0.320945902328317 0.323650130080318 0.108686150751684
0.304494386892426 0.284405041592498 0.133452312545302 0.277648258969775
0.127459878565674 0.184452586294751 0.410699216007864 0.277388319131712
0.0505606798285978 0.437887424758898 0.0635269994192505 0.448024895993253
0.205024033926667 0.358478707781763 0.163989771109344 0.272507487182225
0.102778776809616 0.269775551471961 0.608206106486735 0.0192395652316879
0.133283552674942 0.430511654973877 0.230601410004504 0.205603382346676
0.182215168410514 0.294190920992365 0.304455248015234 0.219138662581887
0.157813336630802 0.294954001058304 0.502875220416526 0.0443574418943685
0.232536987297837 0.406683752590928 0.210164638628634 0.150614621482602
0.410578655015007 0.0433797988718276 0.262998123021488 0.283043423091677
0.309431015993817 0.344242855145922 0.283612731942787 0.0627133969174739
0.246447508265204 0.15389447434622 0.246003932767554 0.353654084621022
0.253114349764628 0.180252069293362 0.299691167302995 0.266942413639014
0.370477226761793 0.355315716781614 0.153829214072995 0.120377842383598
0.239163192972196 0.378925435137797 0.262306427972601 0.119604943917406
0.355110020003554 0.099430831572132 0.308929236270706 0.236529912153608
0.217326419290781 0.198908909799738 0.543636647473049 0.0401280234364323
0.43563730206288 0.132080186535169 0.185385026278722 0.246897485123229
0.309091917477779 0.332846517256911 0.201532483835234 0.156529081430076
0.768191416979385 0.0752830610142242 0.0923293209394246 0.064196201066966
0.308564961845877 0.242247801057182 0.151675001138314 0.297512235958627
0.216466144492726 0.318502371998468 0.15165831144512 0.313373172063685
0.327496783378771 0.328292892888415 0.092295140947164 0.25191518278565
0.393266670149285 0.192843126237388 0.298863560062233 0.115026643551093
0.442817930727869 0.231794900465016 0.113405030845243 0.211982137961872
0.279543603118647 0.436212144774484 0.0705214502864479 0.213722801820421
0.29873063183196 0.343088010313153 0.0945070887835195 0.263674269071367
0.0206472169464472 0.428727958525232 0.263387882374284 0.287236942154037
0.205229125457718 0.380856241526785 0.0928530856266766 0.32106154738882
0.145321631512542 0.328511556207118 0.259933800583645 0.266233011696694
0.146937526689015 0.0855552056827292 0.212490824419038 0.555016443209218
0.40739634292161 0.385579236329087 0.0605226842647187 0.146501736484584
0.0940861948086124 0.156235062854611 0.233688712259483 0.515990030077293
0.080471049655831 0.19411253181249 0.335978987496602 0.389437431035077
0.335631496317688 0.335051983886895 0.208688370165296 0.120628149630121
0.33084342884186 0.20926630469627 0.278814940330765 0.181075326131105
0.181300953619873 0.308493814512609 0.278533036493754 0.231672195373764
0.310213688355608 0.320474061224113 0.237491072536627 0.131821177883652
0.156104554054662 0.155199298029647 0.310183422228828 0.378512725686863
0.283121018133574 0.255786056164005 0.286654899021276 0.174438026681145
0.270283419458349 0.165752731449373 0.301706530195317 0.262257318896961
0.270397700697513 0.264464916837901 0.355762240355453 0.109375142109133
0.177895001419125 0.224776906733925 0.408620272906656 0.188707818940294
0.02359860803544 0.380539041850939 0.341838561466724 0.254023788646897
0.221285343734369 0.311475097863746 0.256907699648347 0.210331858753538
0.218833795733583 0.315629276185259 0.155746271434033 0.309790656647125
0.274608671721525 0.31319237396478 0.338079641495392 0.0741193128183036
0.286046084690266 0.300908436144771 0.163602710650918 0.249442768514045
0.128145988912252 0.206682270392443 0.416492494614007 0.248679246081298
0.0855255358916136 0.431071425286152 0.0744178301698276 0.408985208652407
0.280046722603502 0.316616877525816 0.181953545687292 0.22138285418339
0.112589716654081 0.27997659702842 0.596072316952753 0.0113613693647455
0.0791764844403531 0.460029924663165 0.253292307462737 0.207501283433744
0.166529540742815 0.286194968495361 0.30474518110184 0.242530309659984
0.162442189170265 0.300372866231427 0.508405006189777 0.0287799384085305
0.261325032847136 0.370118757556796 0.21782152112239 0.150734688473678
0.396550121513456 0.0298739456947794 0.310234598538763 0.263341334253001
0.334842530326335 0.343444843848329 0.269983161502397 0.051729464322938
0.290526870872067 0.125923898740934 0.209155524195877 0.374393706191123
0.258597604054349 0.173802567099062 0.298859801775875 0.268740027070714
0.366237677663955 0.333218385938516 0.172047009939071 0.128496926458459
0.299015495168864 0.369043379897347 0.202982247084822 0.128958877848967
0.339093814527656 0.0764665912351084 0.357847622813643 0.226591971423593
0.214137422790678 0.173255667613793 0.55015248816433 0.0624544214311983
0.514828331932133 0.0997393157491765 0.204660895626343 0.180771456692348
0.325780395569743 0.328807718610841 0.141269923456474 0.204141962362942
0.734112074900036 0.0791983805827018 0.0983635144009527 0.0883260301163093
0.310871685126221 0.233705930718805 0.163131942206487 0.292290441948487
0.263627367923611 0.250013887563684 0.164865740242734 0.32149300426997
0.346617347981552 0.350479682212457 0.0951884130651084 0.207714556740883
0.400100578850368 0.151932374026622 0.321834824585454 0.126132222537555
0.454996248400675 0.24143401673688 0.078472603346964 0.225097131515481
0.294599446765052 0.458341368980339 0.0521611289171929 0.194898055337416
0.249790419377779 0.330687602672191 0.0796845812793786 0.339837396670651
0.0563573051624484 0.450476070818658 0.251889090044481 0.241277533974413
0.191299427545764 0.418571500395197 0.0624383500600847 0.327690721998954
0.154493460367139 0.331346299026077 0.227305620316589 0.286854620290195
0.142793401955731 0.0605556604591839 0.240546226298867 0.556104711286219
0.436189299829611 0.326244805665939 0.0834046424734641 0.154161252030986
0.0513391849778302 0.134798322245259 0.28951919011861 0.524343302658301
0.104453517827575 0.192756508803788 0.310168018806981 0.392621954561657
0.304570117911094 0.356624245790098 0.260829950721349 0.0779756855774591
