         H01  1 0.0028 0.0070 0.9838 0.0065 
         H02  1 0.0028 0.0031 0.9908 0.0033 
         H03  1 0.0023 0.0028 0.9921 0.0028 
         H04  1 0.0032 0.0033 0.9906 0.0029 
         H05  1 0.0031 0.0032 0.9903 0.0034 
         H06  1 0.0033 0.2155 0.7766 0.0046 
         H07  1 0.0035 0.0041 0.9873 0.0051 
         H08  1 0.0062 0.0043 0.9838 0.0056 
         H09  1 0.0157 0.1126 0.7895 0.0822 
         H10  1 0.0050 0.0042 0.9872 0.0037 
         H11  1 0.0025 0.0038 0.9902 0.0034 
         H12  1 0.0027 0.0029 0.9913 0.0031 
         H13  1 0.0067 0.0062 0.9806 0.0065 
         H14  2 0.0041 0.9870 0.0054 0.0036 
         H15  2 0.0072 0.2756 0.3717 0.3455 
         H16  2 0.0057 0.2631 0.3988 0.3324 
         H17  2 0.8998 0.0681 0.0164 0.0156 
         H18  2 0.9874 0.0040 0.0056 0.0031 
         H19  2 0.9845 0.0042 0.0060 0.0053 
         H20  2 0.8136 0.0436 0.1044 0.0383 
         H21  2 0.0030 0.0090 0.0075 0.9804 
         H22  2 0.9864 0.0044 0.0051 0.0041 
         H23  2 0.9807 0.0056 0.0067 0.0071 
         H24  2 0.0029 0.0032 0.0033 0.9907 
         H25  2 0.9737 0.0179 0.0037 0.0047 
         H26  2 0.9866 0.0040 0.0047 0.0047 
         H27  2 0.9865 0.0059 0.0027 0.0050 
         H28  2 0.9805 0.0069 0.0075 0.0051 
         H29  2 0.9897 0.0054 0.0024 0.0025 
         H30  2 0.9197 0.0269 0.0255 0.0279 
         H31  3 0.0056 0.7627 0.0696 0.1621 
         H32  3 0.0076 0.7258 0.1489 0.1176 
         H33  4 0.2603 0.5966 0.0048 0.1382 
         H34  4 0.9504 0.0405 0.0038 0.0053 
         H35  4 0.0151 0.9651 0.0039 0.0159 
         H36  4 0.5990 0.3705 0.0045 0.0260 
         H37  4 0.8934 0.0852 0.0134 0.0080 
         H38  4 0.0128 0.9646 0.0043 0.0184 
         H39  5 0.0109 0.9492 0.0042 0.0357 
         H40  5 0.1271 0.7558 0.0040 0.1131 
         H41  5 0.0063 0.7617 0.0135 0.2185 
         H42  5 0.0037 0.9901 0.0035 0.0028 
         H43  5 0.0033 0.9887 0.0033 0.0047 
         H44  5 0.0109 0.7227 0.2613 0.0051 
         H45  5 0.0045 0.9680 0.0210 0.0065 
         H46  5 0.0062 0.0047 0.9860 0.0031 
         H47  5 0.0060 0.0047 0.9866 0.0027 
