         H01  1 0.0045 0.9881 0.0022 0.0029 0.0023 
         H02  1 0.0034 0.9889 0.0024 0.0027 0.0026 
         H03  1 0.0024 0.9904 0.0025 0.0027 0.0019 
         H04  1 0.0027 0.9903 0.0024 0.0022 0.0024 
         H05  1 0.0028 0.9898 0.0026 0.0023 0.0026 
         H06  1 0.1691 0.8073 0.0066 0.0142 0.0027 
         H07  1 0.0041 0.9862 0.0022 0.0038 0.0037 
         H08  1 0.0044 0.9800 0.0027 0.0050 0.0079 
         H09  1 0.0912 0.8214 0.0417 0.0366 0.0091 
         H10  1 0.0039 0.9856 0.0032 0.0025 0.0047 
         H11  1 0.0030 0.9892 0.0024 0.0031 0.0023 
         H12  1 0.0024 0.9908 0.0024 0.0025 0.0019 
         H13  1 0.0047 0.9776 0.0028 0.0036 0.0113 
         H14  2 0.9591 0.0044 0.0042 0.0294 0.0028 
         H15  2 0.6063 0.2318 0.0108 0.1410 0.0101 
         H16  2 0.5854 0.2632 0.0155 0.1320 0.0039 
         H17  2 0.0523 0.0162 0.0122 0.0135 0.9059 
         H18  2 0.0031 0.0044 0.0042 0.0025 0.9858 
         H19  2 0.0037 0.0052 0.0029 0.0035 0.9846 
         H20  2 0.0304 0.0577 0.2529 0.0303 0.6286 
         H21  2 0.0087 0.0095 0.0087 0.9700 0.0031 
         H22  2 0.0042 0.0048 0.0027 0.0051 0.9833 
         H23  2 0.0041 0.0050 0.0033 0.0078 0.9797 
         H24  2 0.0089 0.0030 0.0055 0.9803 0.0022 
         H25  2 0.0164 0.0034 0.0147 0.0047 0.9607 
         H26  2 0.0030 0.0026 0.0037 0.0032 0.9876 
         H27  2 0.0038 0.0024 0.0065 0.0036 0.9837 
         H28  2 0.0069 0.0057 0.0111 0.0036 0.9727 
         H29  2 0.0050 0.0022 0.0157 0.0026 0.9745 
         H30  2 0.0155 0.0240 0.0126 0.0175 0.9303 
         H31  3 0.8496 0.0472 0.0088 0.0907 0.0036 
         H32  3 0.8229 0.0838 0.0085 0.0806 0.0042 
         H33  4 0.6916 0.0049 0.0659 0.1491 0.0886 
         H34  4 0.0046 0.0025 0.9793 0.0053 0.0084 
         H35  4 0.0063 0.0031 0.9836 0.0044 0.0025 
         H36  4 0.1063 0.0103 0.8205 0.0123 0.0507 
         H37  4 0.0037 0.0071 0.9812 0.0030 0.0050 
         H38  4 0.0219 0.0024 0.9705 0.0028 0.0024 
         H39  5 0.9051 0.0042 0.0133 0.0675 0.0099 
         H40  5 0.6752 0.0039 0.1835 0.1073 0.0301 
         H41  5 0.7817 0.0085 0.0043 0.1995 0.0060 
         H42  5 0.9871 0.0029 0.0043 0.0029 0.0029 
         H43  5 0.9864 0.0028 0.0036 0.0044 0.0028 
         H44  5 0.5378 0.3497 0.0599 0.0476 0.0050 
         H45  5 0.8995 0.0162 0.0172 0.0633 0.0038 
         H46  5 0.0029 0.9856 0.0049 0.0024 0.0041 
         H47  5 0.0040 0.9847 0.0050 0.0026 0.0037 
