         H01  1 0.0018 0.0019 0.0056 0.0022 0.9817 0.0068 
         H02  1 0.0022 0.0022 0.0023 0.0022 0.9879 0.0032 
         H03  1 0.0022 0.0020 0.0025 0.0018 0.9891 0.0024 
         H04  1 0.0025 0.0020 0.0020 0.0024 0.9885 0.0026 
         H05  1 0.0023 0.0021 0.0025 0.0022 0.9882 0.0026 
         H06  1 0.0048 0.0057 0.0236 0.0035 0.8084 0.1540 
         H07  1 0.0024 0.0036 0.0027 0.0031 0.9843 0.0039 
         H08  1 0.0023 0.0048 0.0029 0.0072 0.9784 0.0044 
         H09  1 0.0399 0.0236 0.0288 0.0082 0.8023 0.0972 
         H10  1 0.0024 0.0021 0.0028 0.0045 0.9841 0.0042 
         H11  1 0.0021 0.0029 0.0026 0.0019 0.9876 0.0028 
         H12  1 0.0019 0.0022 0.0025 0.0018 0.9894 0.0021 
         H13  1 0.0029 0.0027 0.0025 0.0098 0.9760 0.0061 
         H14  2 0.0076 0.0032 0.0885 0.0027 0.0037 0.8943 
         H15  2 0.0028 0.0305 0.0158 0.0067 0.1394 0.8048 
         H16  2 0.0039 0.0210 0.0277 0.0037 0.1574 0.7863 
         H17  2 0.0114 0.0080 0.0248 0.8963 0.0114 0.0481 
         H18  2 0.0035 0.0022 0.0027 0.9845 0.0038 0.0033 
         H19  2 0.0030 0.0028 0.0024 0.9848 0.0042 0.0028 
         H20  2 0.2774 0.0208 0.0085 0.6107 0.0508 0.0319 
         H21  2 0.0033 0.9816 0.0042 0.0020 0.0061 0.0029 
         H22  2 0.0025 0.0055 0.0025 0.9816 0.0050 0.0030 
         H23  2 0.0024 0.0088 0.0030 0.9772 0.0051 0.0035 
         H24  2 0.0019 0.9890 0.0025 0.0019 0.0024 0.0023 
         H25  2 0.0107 0.0030 0.0505 0.9229 0.0034 0.0095 
         H26  2 0.0037 0.0025 0.0025 0.9845 0.0036 0.0032 
         H27  2 0.0069 0.0030 0.0043 0.9792 0.0027 0.0038 
         H28  2 0.0096 0.0033 0.0033 0.9714 0.0051 0.0073 
         H29  2 0.0166 0.0018 0.0042 0.9706 0.0021 0.0046 
         H30  2 0.0134 0.0174 0.0081 0.9194 0.0199 0.0217 
         H31  3 0.0117 0.0048 0.0613 0.0039 0.0384 0.8801 
         H32  3 0.0061 0.0444 0.0495 0.0042 0.0485 0.8474 
         H33  4 0.0599 0.0298 0.2907 0.0548 0.0035 0.5614 
         H34  4 0.9683 0.0026 0.0047 0.0156 0.0026 0.0062 
         H35  4 0.9876 0.0029 0.0021 0.0025 0.0026 0.0023 
         H36  4 0.8231 0.0259 0.0306 0.0246 0.0120 0.0838 
         H37  4 0.9699 0.0049 0.0037 0.0082 0.0083 0.0050 
         H38  4 0.9877 0.0021 0.0024 0.0025 0.0023 0.0029 
         H39  5 0.0097 0.0246 0.3127 0.0082 0.0033 0.6414 
         H40  5 0.2561 0.0860 0.4346 0.0225 0.0027 0.1981 
         H41  5 0.0033 0.1350 0.4914 0.0048 0.0076 0.3578 
         H42  5 0.0849 0.0017 0.9050 0.0024 0.0025 0.0036 
         H43  5 0.0844 0.0019 0.9064 0.0021 0.0021 0.0031 
         H44  5 0.0634 0.0038 0.0577 0.0050 0.2585 0.6115 
         H45  5 0.0080 0.0048 0.1177 0.0035 0.0147 0.8513 
         H46  5 0.0055 0.0020 0.0027 0.0036 0.9833 0.0029 
         H47  5 0.0046 0.0023 0.0032 0.0039 0.9828 0.0032 
