         H01  1 0.0065 0.0025 0.0028 0.9882 
         H02  1 0.0028 0.0024 0.0027 0.9921 
         H03  1 0.0030 0.0026 0.0029 0.9916 
         H04  1 0.0027 0.0027 0.0026 0.9920 
         H05  1 0.0030 0.0025 0.0027 0.9918 
         H06  1 0.1779 0.0048 0.0054 0.8118 
         H07  1 0.0045 0.0024 0.0038 0.9893 
         H08  1 0.0046 0.0030 0.0098 0.9825 
         H09  1 0.1152 0.0445 0.0109 0.8295 
         H10  1 0.0035 0.0028 0.0060 0.9876 
         H11  1 0.0031 0.0025 0.0024 0.9920 
         H12  1 0.0030 0.0025 0.0021 0.9924 
         H13  1 0.0071 0.0034 0.0116 0.9779 
         H14  2 0.9853 0.0059 0.0034 0.0054 
         H15  2 0.6337 0.0042 0.0295 0.3326 
         H16  2 0.5879 0.0035 0.0216 0.3870 
         H17  2 0.0837 0.0236 0.8756 0.0172 
         H18  2 0.0076 0.0054 0.9826 0.0044 
         H19  2 0.0031 0.0038 0.9885 0.0046 
         H20  2 0.0267 0.2946 0.5970 0.0816 
         H21  2 0.9385 0.0076 0.0400 0.0140 
         H22  2 0.0044 0.0042 0.9861 0.0054 
         H23  2 0.0046 0.0031 0.9865 0.0058 
         H24  2 0.9550 0.0031 0.0375 0.0044 
         H25  2 0.0216 0.0623 0.9126 0.0035 
         H26  2 0.0038 0.0205 0.9720 0.0037 
         H27  2 0.0046 0.0403 0.9525 0.0027 
         H28  2 0.0072 0.0677 0.9176 0.0075 
         H29  2 0.0051 0.0647 0.9278 0.0025 
         H30  2 0.0270 0.0587 0.8847 0.0295 
         H31  3 0.9107 0.0187 0.0042 0.0664 
         H32  3 0.9009 0.0090 0.0074 0.0827 
         H33  4 0.8412 0.0600 0.0932 0.0056 
         H34  4 0.0046 0.9808 0.0120 0.0027 
         H35  4 0.0032 0.9909 0.0027 0.0031 
         H36  4 0.1118 0.8448 0.0292 0.0142 
         H37  4 0.0040 0.9826 0.0047 0.0088 
         H38  4 0.0036 0.9904 0.0027 0.0032 
         H39  5 0.9801 0.0048 0.0110 0.0042 
         H40  5 0.8870 0.0851 0.0247 0.0032 
         H41  5 0.9775 0.0050 0.0093 0.0081 
         H42  5 0.9781 0.0157 0.0031 0.0031 
         H43  5 0.9766 0.0161 0.0034 0.0039 
         H44  5 0.4553 0.1157 0.0102 0.4188 
         H45  5 0.9640 0.0050 0.0042 0.0268 
         H46  5 0.0039 0.0062 0.0049 0.9850 
         H47  5 0.0037 0.0062 0.0048 0.9853 
