         H01  1 0.0060 0.0027 0.0043 0.9870 
         H02  1 0.0035 0.0026 0.0028 0.9912 
         H03  1 0.0025 0.0023 0.0028 0.9924 
         H04  1 0.0030 0.0031 0.0032 0.9907 
         H05  1 0.0032 0.0032 0.0030 0.9905 
         H06  1 0.1958 0.0032 0.0170 0.7840 
         H07  1 0.0046 0.0035 0.0030 0.9889 
         H08  1 0.0049 0.0077 0.0044 0.9831 
         H09  1 0.1200 0.0107 0.0744 0.7949 
         H10  1 0.0034 0.0053 0.0034 0.9879 
         H11  1 0.0036 0.0030 0.0024 0.9910 
         H12  1 0.0034 0.0026 0.0027 0.9913 
         H13  1 0.0078 0.0111 0.0042 0.9768 
         H14  2 0.9289 0.0037 0.0606 0.0067 
         H15  2 0.6182 0.0096 0.1546 0.2176 
         H16  2 0.6029 0.0058 0.1455 0.2458 
         H17  2 0.0714 0.8873 0.0250 0.0162 
         H18  2 0.0044 0.9861 0.0046 0.0049 
         H19  2 0.0040 0.9853 0.0045 0.0063 
         H20  2 0.0278 0.6078 0.3133 0.0512 
         H21  2 0.0595 0.0059 0.9040 0.0306 
         H22  2 0.0380 0.9512 0.0043 0.0064 
         H23  2 0.0345 0.9477 0.0116 0.0062 
         H24  2 0.0642 0.0043 0.9265 0.0050 
         H25  2 0.0205 0.9592 0.0165 0.0037 
         H26  2 0.0034 0.9887 0.0042 0.0038 
         H27  2 0.0037 0.9849 0.0082 0.0031 
         H28  2 0.0160 0.9660 0.0115 0.0065 
         H29  2 0.0086 0.9792 0.0092 0.0030 
         H30  2 0.0237 0.9196 0.0291 0.0276 
         H31  3 0.7536 0.0050 0.1901 0.0513 
         H32  3 0.7000 0.0054 0.1963 0.0984 
         H33  4 0.4326 0.1147 0.4475 0.0052 
         H34  4 0.0059 0.2054 0.7859 0.0028 
         H35  4 0.0069 0.1454 0.8443 0.0034 
         H36  4 0.0442 0.1471 0.8015 0.0072 
         H37  4 0.0069 0.1730 0.8104 0.0097 
         H38  4 0.0053 0.1459 0.8454 0.0034 
         H39  5 0.9419 0.0107 0.0435 0.0039 
         H40  5 0.2605 0.0296 0.7066 0.0034 
         H41  5 0.9480 0.0064 0.0395 0.0061 
         H42  5 0.9871 0.0036 0.0058 0.0035 
         H43  5 0.9890 0.0027 0.0048 0.0035 
         H44  5 0.7066 0.0094 0.0359 0.2481 
         H45  5 0.9284 0.0042 0.0465 0.0210 
         H46  5 0.0038 0.0046 0.0046 0.9870 
         H47  5 0.0039 0.0065 0.0037 0.9859 
