         H01  1 0.0041 0.9687 0.0048 0.0152 0.0018 0.0034 0.0021 
         H02  1 0.0023 0.9852 0.0028 0.0031 0.0019 0.0024 0.0024 
         H03  1 0.0024 0.9854 0.0027 0.0027 0.0025 0.0024 0.0019 
         H04  1 0.0022 0.9862 0.0020 0.0025 0.0025 0.0023 0.0022 
         H05  1 0.0023 0.9867 0.0023 0.0025 0.0021 0.0020 0.0020 
         H06  1 0.0156 0.7632 0.1339 0.0718 0.0066 0.0055 0.0033 
         H07  1 0.0024 0.9820 0.0029 0.0034 0.0019 0.0045 0.0028 
         H08  1 0.0027 0.9708 0.0056 0.0064 0.0026 0.0046 0.0072 
         H09  1 0.0153 0.7724 0.0668 0.0879 0.0293 0.0210 0.0073 
         H10  1 0.0033 0.9768 0.0034 0.0063 0.0030 0.0021 0.0051 
         H11  1 0.0024 0.9838 0.0026 0.0033 0.0022 0.0035 0.0022 
         H12  1 0.0022 0.9861 0.0023 0.0031 0.0025 0.0018 0.0020 
         H13  1 0.0034 0.9608 0.0076 0.0121 0.0029 0.0029 0.0103 
         H14  2 0.0594 0.0042 0.5902 0.3374 0.0039 0.0024 0.0025 
         H15  2 0.0342 0.0731 0.2074 0.6629 0.0103 0.0056 0.0064 
         H16  2 0.0472 0.0693 0.2094 0.6537 0.0117 0.0053 0.0035 
         H17  2 0.0254 0.0091 0.0905 0.0387 0.0078 0.0098 0.8186 
         H18  2 0.0020 0.0034 0.0033 0.0034 0.0035 0.0020 0.9823 
         H19  2 0.0019 0.0035 0.0033 0.0030 0.0030 0.0033 0.9820 
         H20  2 0.0080 0.0583 0.0377 0.0370 0.2140 0.0241 0.6207 
         H21  2 0.0017 0.0053 0.0022 0.0028 0.0028 0.9828 0.0025 
         H22  2 0.0023 0.0044 0.0035 0.0030 0.0022 0.0038 0.9808 
         H23  2 0.0030 0.0043 0.0041 0.0035 0.0028 0.0068 0.9755 
         H24  2 0.0017 0.0023 0.0021 0.0021 0.0021 0.9879 0.0017 
         H25  2 0.0429 0.0027 0.0180 0.0108 0.0099 0.0031 0.9126 
         H26  2 0.0020 0.0032 0.0030 0.0027 0.0032 0.0025 0.9834 
         H27  2 0.0030 0.0023 0.0037 0.0027 0.0072 0.0033 0.9777 
         H28  2 0.0032 0.0053 0.0057 0.0067 0.0089 0.0032 0.9671 
         H29  2 0.0035 0.0027 0.0050 0.0044 0.0107 0.0020 0.9718 
         H30  2 0.0068 0.0166 0.0244 0.0319 0.0114 0.0109 0.8980 
         H31  3 0.0117 0.0220 0.3555 0.5909 0.0127 0.0044 0.0028 
         H32  3 0.0448 0.0559 0.5313 0.3238 0.0279 0.0121 0.0042 
         H33  4 0.0400 0.0032 0.5755 0.1954 0.0721 0.0546 0.0590 
         H34  4 0.0030 0.0023 0.0043 0.0142 0.9475 0.0178 0.0108 
         H35  4 0.0199 0.0026 0.0038 0.0071 0.9619 0.0022 0.0025 
         H36  4 0.0120 0.0091 0.1810 0.0523 0.7153 0.0053 0.0250 
         H37  4 0.0191 0.0075 0.0029 0.0086 0.9509 0.0023 0.0086 
         H38  4 0.0259 0.0025 0.0042 0.0095 0.9531 0.0023 0.0025 
         H39  5 0.0735 0.0031 0.7238 0.1651 0.0093 0.0174 0.0078 
         H40  5 0.1537 0.0033 0.5700 0.0999 0.1078 0.0499 0.0154 
         H41  5 0.1827 0.0067 0.4340 0.1310 0.0047 0.2355 0.0054 
         H42  5 0.8988 0.0023 0.0403 0.0519 0.0025 0.0017 0.0024 
         H43  5 0.8931 0.0019 0.0421 0.0522 0.0069 0.0018 0.0020 
         H44  5 0.0651 0.2387 0.4589 0.1764 0.0519 0.0031 0.0059 
         H45  5 0.0327 0.0151 0.7493 0.1884 0.0059 0.0055 0.0032 
         H46  5 0.0037 0.9791 0.0025 0.0032 0.0048 0.0020 0.0046 
         H47  5 0.0038 0.9793 0.0028 0.0037 0.0046 0.0025 0.0033 
