         H01  1 0.0061 0.0030 0.9878 0.0031 
         H02  1 0.0030 0.0028 0.9911 0.0030 
         H03  1 0.0026 0.0026 0.9925 0.0023 
         H04  1 0.0029 0.0025 0.9916 0.0030 
         H05  1 0.0032 0.0024 0.9917 0.0027 
         H06  1 0.1444 0.0056 0.8441 0.0059 
         H07  1 0.0036 0.0036 0.9904 0.0024 
         H08  1 0.0049 0.0061 0.9860 0.0030 
         H09  1 0.1281 0.0078 0.8144 0.0498 
         H10  1 0.0033 0.0055 0.9880 0.0031 
         H11  1 0.0042 0.0026 0.9905 0.0028 
         H12  1 0.0030 0.0023 0.9922 0.0024 
         H13  1 0.0054 0.0128 0.9788 0.0031 
         H14  2 0.9840 0.0030 0.0064 0.0066 
         H15  2 0.7247 0.0097 0.2571 0.0085 
         H16  2 0.7013 0.0062 0.2823 0.0102 
         H17  2 0.0518 0.9090 0.0162 0.0230 
         H18  2 0.0034 0.9872 0.0044 0.0050 
         H19  2 0.0038 0.9868 0.0059 0.0034 
         H20  2 0.0363 0.6389 0.0705 0.2543 
         H21  2 0.9532 0.0208 0.0175 0.0085 
         H22  2 0.0036 0.9876 0.0058 0.0029 
         H23  2 0.0045 0.9858 0.0054 0.0043 
         H24  2 0.9734 0.0180 0.0043 0.0042 
         H25  2 0.0195 0.9575 0.0035 0.0195 
         H26  2 0.0036 0.9878 0.0039 0.0046 
         H27  2 0.0040 0.9831 0.0029 0.0100 
         H28  2 0.0063 0.9736 0.0075 0.0127 
         H29  2 0.0038 0.9774 0.0029 0.0160 
         H30  2 0.0302 0.9274 0.0280 0.0144 
         H31  3 0.8720 0.0038 0.0596 0.0647 
         H32  3 0.8700 0.0047 0.0733 0.0521 
         H33  4 0.7945 0.0912 0.0058 0.1086 
         H34  4 0.0043 0.0102 0.0028 0.9827 
         H35  4 0.0039 0.0028 0.0033 0.9900 
         H36  4 0.0782 0.0521 0.0142 0.8555 
         H37  4 0.0044 0.0069 0.0081 0.9806 
         H38  4 0.0030 0.0031 0.0030 0.9909 
         H39  5 0.9808 0.0093 0.0043 0.0055 
         H40  5 0.8386 0.0452 0.0034 0.1128 
         H41  5 0.9742 0.0065 0.0073 0.0119 
         H42  5 0.9877 0.0040 0.0037 0.0047 
         H43  5 0.9889 0.0033 0.0032 0.0046 
         H44  5 0.3813 0.0045 0.4458 0.1683 
         H45  5 0.9280 0.0048 0.0368 0.0304 
         H46  5 0.0043 0.0055 0.9849 0.0054 
         H47  5 0.0048 0.0055 0.9832 0.0065 
