         H01  1 0.0029 0.0056 0.0029 0.9886 
         H02  1 0.0023 0.0034 0.0030 0.9913 
         H03  1 0.0022 0.0037 0.0030 0.9911 
         H04  1 0.0028 0.0029 0.0023 0.9920 
         H05  1 0.0025 0.0032 0.0030 0.9912 
         H06  1 0.0042 0.1979 0.0104 0.7876 
         H07  1 0.0037 0.0043 0.0042 0.9878 
         H08  1 0.0062 0.0040 0.0048 0.9850 
         H09  1 0.0133 0.1002 0.0674 0.8191 
         H10  1 0.0050 0.0040 0.0028 0.9882 
         H11  1 0.0027 0.0030 0.0028 0.9916 
         H12  1 0.0026 0.0027 0.0029 0.9918 
         H13  1 0.0093 0.0062 0.0045 0.9801 
         H14  2 0.0033 0.9882 0.0037 0.0048 
         H15  2 0.0081 0.3850 0.2554 0.3516 
         H16  2 0.0054 0.3808 0.2374 0.3764 
         H17  2 0.8674 0.1003 0.0210 0.0113 
         H18  2 0.9891 0.0032 0.0030 0.0047 
         H19  2 0.9881 0.0039 0.0028 0.0053 
         H20  2 0.7767 0.1205 0.0170 0.0858 
         H21  2 0.0048 0.0710 0.8962 0.0280 
         H22  2 0.9853 0.0056 0.0039 0.0052 
         H23  2 0.9844 0.0051 0.0042 0.0062 
         H24  2 0.0038 0.0654 0.9252 0.0057 
         H25  2 0.9479 0.0225 0.0262 0.0034 
         H26  2 0.9894 0.0032 0.0033 0.0041 
         H27  2 0.9873 0.0047 0.0048 0.0031 
         H28  2 0.9826 0.0072 0.0041 0.0060 
         H29  2 0.9898 0.0049 0.0026 0.0027 
         H30  2 0.9170 0.0404 0.0184 0.0241 
         H31  3 0.0038 0.9377 0.0081 0.0503 
         H32  3 0.0050 0.7990 0.0977 0.0984 
         H33  4 0.1640 0.3162 0.5141 0.0057 
         H34  4 0.5672 0.4212 0.0085 0.0031 
         H35  4 0.1301 0.8582 0.0082 0.0036 
         H36  4 0.3862 0.5780 0.0303 0.0055 
         H37  4 0.5151 0.4695 0.0064 0.0090 
         H38  4 0.1330 0.8567 0.0061 0.0042 
         H39  5 0.0102 0.4578 0.5283 0.0037 
         H40  5 0.0684 0.3879 0.5393 0.0044 
         H41  5 0.0074 0.0853 0.8969 0.0104 
         H42  5 0.0033 0.0109 0.9828 0.0030 
         H43  5 0.0032 0.0088 0.9848 0.0032 
         H44  5 0.0069 0.6803 0.0078 0.3049 
         H45  5 0.0038 0.9476 0.0213 0.0273 
         H46  5 0.0053 0.0039 0.0039 0.9869 
         H47  5 0.0050 0.0046 0.0033 0.9870 
