         H01  1 0.0052 0.0362 0.0091 0.0114 0.0047 0.9274 0.0060 
         H02  1 0.0055 0.0065 0.0042 0.0061 0.0045 0.9672 0.0060 
         H03  1 0.0042 0.0055 0.0054 0.0046 0.0047 0.9703 0.0053 
         H04  1 0.0049 0.0049 0.0051 0.0046 0.0043 0.9711 0.0050 
         H05  1 0.0043 0.0052 0.0055 0.0050 0.0050 0.9703 0.0046 
         H06  1 0.0074 0.0366 0.0186 0.1476 0.0055 0.7770 0.0075 
         H07  1 0.0046 0.0064 0.0049 0.0064 0.0056 0.9646 0.0075 
         H08  1 0.0071 0.0100 0.0059 0.0077 0.0086 0.9524 0.0083 
         H09  1 0.0232 0.0671 0.0306 0.0826 0.0144 0.7522 0.0300 
         H10  1 0.0079 0.0099 0.0049 0.0060 0.0058 0.9600 0.0055 
         H11  1 0.0048 0.0066 0.0046 0.0060 0.0047 0.9670 0.0063 
         H12  1 0.0047 0.0054 0.0050 0.0051 0.0044 0.9708 0.0046 
         H13  1 0.0071 0.0130 0.0058 0.0093 0.0124 0.9459 0.0064 
         H14  2 0.0121 0.0164 0.0332 0.8964 0.0049 0.0069 0.0301 
         H15  2 0.0112 0.8678 0.0099 0.0419 0.0152 0.0359 0.0181 
         H16  2 0.0101 0.8754 0.0103 0.0331 0.0092 0.0530 0.0089 
         H17  2 0.7675 0.0223 0.0231 0.1286 0.0124 0.0088 0.0372 
         H18  2 0.0104 0.0066 0.0056 0.0068 0.9588 0.0059 0.0059 
         H19  2 0.0073 0.0061 0.0062 0.0065 0.9591 0.0067 0.0081 
         H20  2 0.8931 0.0314 0.0228 0.0148 0.0067 0.0202 0.0111 
         H21  2 0.0071 0.0095 0.0087 0.0085 0.0543 0.0138 0.8980 
         H22  2 0.9207 0.0189 0.0107 0.0158 0.0156 0.0067 0.0114 
         H23  2 0.8998 0.0125 0.0107 0.0243 0.0246 0.0082 0.0199 
         H24  2 0.0051 0.0056 0.0067 0.0202 0.0576 0.0057 0.8991 
         H25  2 0.8346 0.0142 0.0444 0.0513 0.0241 0.0047 0.0268 
         H26  2 0.0058 0.0057 0.0058 0.0085 0.9639 0.0048 0.0055 
         H27  2 0.0076 0.0060 0.0064 0.0084 0.9574 0.0051 0.0091 
         H28  2 0.9248 0.0174 0.0146 0.0109 0.0148 0.0058 0.0117 
         H29  2 0.9186 0.0150 0.0090 0.0201 0.0240 0.0041 0.0091 
         H30  2 0.3403 0.0480 0.0143 0.0301 0.5346 0.0154 0.0173 
         H31  3 0.0116 0.7400 0.0180 0.1787 0.0061 0.0221 0.0235 
         H32  3 0.0340 0.4209 0.0254 0.3502 0.0077 0.0945 0.0673 
         H33  4 0.0430 0.0680 0.2160 0.2926 0.3123 0.0061 0.0619 
         H34  4 0.4611 0.0134 0.0314 0.0186 0.4567 0.0059 0.0130 
         H35  4 0.7801 0.0117 0.1724 0.0116 0.0087 0.0051 0.0105 
         H36  4 0.6627 0.0530 0.0877 0.1343 0.0427 0.0094 0.0103 
         H37  4 0.5048 0.0101 0.0379 0.0212 0.4009 0.0121 0.0131 
         H38  4 0.7783 0.0095 0.1694 0.0080 0.0111 0.0056 0.0181 
         H39  5 0.0230 0.0699 0.2243 0.6107 0.0089 0.0062 0.0570 
         H40  5 0.2189 0.0844 0.3968 0.1879 0.0190 0.0055 0.0875 
         H41  5 0.0095 0.0736 0.4447 0.2621 0.0134 0.0105 0.1863 
         H42  5 0.0091 0.0164 0.8956 0.0071 0.0048 0.0043 0.0627 
         H43  5 0.0068 0.0236 0.8942 0.0064 0.0059 0.0044 0.0588 
         H44  5 0.0316 0.0611 0.0177 0.6186 0.0101 0.2499 0.0110 
         H45  5 0.0065 0.0299 0.0429 0.8821 0.0065 0.0220 0.0100 
         H46  5 0.0062 0.0053 0.0060 0.0063 0.0071 0.9646 0.0046 
         H47  5 0.0069 0.0050 0.0051 0.0063 0.0076 0.9640 0.0052 
