         H01  1 0.0019 0.0024 0.9829 0.0060 0.0050 0.0018 
         H02  1 0.0023 0.0021 0.9890 0.0022 0.0020 0.0024 
         H03  1 0.0019 0.0019 0.9896 0.0024 0.0023 0.0019 
         H04  1 0.0024 0.0022 0.9882 0.0028 0.0021 0.0022 
         H05  1 0.0022 0.0024 0.9887 0.0020 0.0025 0.0022 
         H06  1 0.0051 0.0107 0.8311 0.1436 0.0071 0.0024 
         H07  1 0.0019 0.0026 0.9852 0.0046 0.0023 0.0033 
         H08  1 0.0022 0.0058 0.9788 0.0050 0.0027 0.0055 
         H09  1 0.0479 0.0078 0.8072 0.1106 0.0177 0.0088 
         H10  1 0.0026 0.0040 0.9835 0.0032 0.0026 0.0042 
         H11  1 0.0019 0.0021 0.9887 0.0027 0.0024 0.0023 
         H12  1 0.0022 0.0018 0.9890 0.0027 0.0023 0.0020 
         H13  1 0.0025 0.0070 0.9720 0.0063 0.0022 0.0099 
         H14  2 0.0055 0.0022 0.0039 0.9827 0.0034 0.0022 
         H15  2 0.0224 0.0045 0.1795 0.7664 0.0185 0.0088 
         H16  2 0.0277 0.0034 0.2217 0.7334 0.0068 0.0071 
         H17  2 0.0039 0.9660 0.0050 0.0149 0.0046 0.0057 
         H18  2 0.0028 0.0068 0.0030 0.0030 0.0024 0.9821 
         H19  2 0.0025 0.0044 0.0029 0.0026 0.0047 0.9829 
         H20  2 0.0696 0.8826 0.0302 0.0108 0.0041 0.0027 
         H21  2 0.0565 0.0039 0.0116 0.9215 0.0031 0.0034 
         H22  2 0.0023 0.9816 0.0030 0.0029 0.0024 0.0079 
         H23  2 0.0041 0.9711 0.0036 0.0061 0.0029 0.0122 
         H24  2 0.0510 0.0026 0.0040 0.9310 0.0069 0.0045 
         H25  2 0.0059 0.9525 0.0029 0.0072 0.0192 0.0123 
         H26  2 0.0024 0.0030 0.0021 0.0021 0.0016 0.9889 
         H27  2 0.0061 0.0061 0.0023 0.0039 0.0028 0.9788 
         H28  2 0.0056 0.9771 0.0043 0.0041 0.0024 0.0064 
         H29  2 0.0084 0.9674 0.0020 0.0052 0.0028 0.0143 
         H30  2 0.0159 0.3738 0.0141 0.0209 0.0078 0.5675 
         H31  3 0.0762 0.0038 0.0407 0.8713 0.0046 0.0033 
         H32  3 0.0206 0.0043 0.0630 0.8996 0.0084 0.0041 
         H33  4 0.0404 0.0139 0.0027 0.5935 0.0977 0.2519 
         H34  4 0.8892 0.0029 0.0022 0.0055 0.0037 0.0965 
         H35  4 0.9824 0.0027 0.0027 0.0075 0.0020 0.0026 
         H36  4 0.7081 0.1083 0.0105 0.1100 0.0552 0.0079 
         H37  4 0.9208 0.0028 0.0076 0.0065 0.0025 0.0598 
         H38  4 0.9849 0.0026 0.0024 0.0054 0.0022 0.0027 
         H39  5 0.0046 0.0199 0.0032 0.8636 0.1044 0.0043 
         H40  5 0.1213 0.0437 0.0030 0.4530 0.3650 0.0140 
         H41  5 0.0028 0.0041 0.0090 0.6599 0.3171 0.0071 
         H42  5 0.0024 0.0024 0.0021 0.0039 0.9827 0.0066 
         H43  5 0.0028 0.0025 0.0026 0.0032 0.9827 0.0062 
         H44  5 0.1271 0.0076 0.4201 0.4277 0.0092 0.0083 
         H45  5 0.0073 0.0038 0.0216 0.9558 0.0074 0.0041 
         H46  5 0.0044 0.0042 0.9810 0.0029 0.0032 0.0043 
         H47  5 0.0034 0.0044 0.9802 0.0034 0.0035 0.0051 
