         H01  1 0.9834 0.0049 0.0027 0.0030 0.0038 0.0021 
         H02  1 0.9882 0.0029 0.0022 0.0022 0.0022 0.0023 
         H03  1 0.9882 0.0029 0.0027 0.0021 0.0023 0.0020 
         H04  1 0.9880 0.0028 0.0023 0.0024 0.0023 0.0022 
         H05  1 0.9881 0.0024 0.0028 0.0022 0.0022 0.0024 
         H06  1 0.7682 0.1732 0.0080 0.0062 0.0407 0.0036 
         H07  1 0.9838 0.0041 0.0034 0.0020 0.0029 0.0039 
         H08  1 0.9780 0.0045 0.0044 0.0029 0.0035 0.0065 
         H09  1 0.7936 0.1108 0.0232 0.0304 0.0337 0.0082 
         H10  1 0.9826 0.0038 0.0022 0.0028 0.0030 0.0056 
         H11  1 0.9876 0.0028 0.0026 0.0018 0.0028 0.0024 
         H12  1 0.9885 0.0028 0.0023 0.0022 0.0023 0.0020 
         H13  1 0.9729 0.0067 0.0025 0.0029 0.0040 0.0110 
         H14  2 0.0049 0.8337 0.0173 0.0079 0.1332 0.0030 
         H15  2 0.1815 0.6167 0.0410 0.0101 0.1423 0.0084 
         H16  2 0.2257 0.5981 0.0305 0.0152 0.1249 0.0055 
         H17  2 0.0108 0.0636 0.0140 0.0166 0.0288 0.8662 
         H18  2 0.0037 0.0041 0.0023 0.0040 0.0027 0.9832 
         H19  2 0.0061 0.0034 0.0037 0.0031 0.0023 0.9813 
         H20  2 0.0526 0.0633 0.0353 0.2594 0.0134 0.5760 
         H21  2 0.0068 0.0277 0.9473 0.0040 0.0119 0.0023 
         H22  2 0.0043 0.0041 0.0035 0.0025 0.0032 0.9824 
         H23  2 0.0041 0.0047 0.0084 0.0024 0.0035 0.9770 
         H24  2 0.0033 0.0060 0.9598 0.0084 0.0199 0.0026 
         H25  2 0.0038 0.0156 0.0111 0.0168 0.0250 0.9278 
         H26  2 0.0034 0.0033 0.0024 0.0036 0.0031 0.9842 
         H27  2 0.0027 0.0035 0.0069 0.0090 0.0031 0.9748 
         H28  2 0.0058 0.0062 0.0044 0.0098 0.0037 0.9701 
         H29  2 0.0023 0.0039 0.0022 0.0170 0.0041 0.9705 
         H30  2 0.0213 0.0314 0.0151 0.0131 0.0077 0.9114 
         H31  3 0.0440 0.7446 0.0699 0.0177 0.1205 0.0031 
         H32  3 0.0698 0.6981 0.0986 0.0263 0.1023 0.0049 
         H33  4 0.0034 0.6172 0.0588 0.0727 0.1523 0.0955 
         H34  4 0.0025 0.0071 0.0439 0.9270 0.0040 0.0154 
         H35  4 0.0025 0.0109 0.0073 0.9737 0.0030 0.0026 
         H36  4 0.0115 0.0977 0.0341 0.8073 0.0308 0.0186 
         H37  4 0.0061 0.0070 0.0190 0.9522 0.0105 0.0052 
         H38  4 0.0026 0.0127 0.0072 0.9687 0.0061 0.0027 
         H39  5 0.0036 0.6955 0.0766 0.0231 0.1945 0.0067 
         H40  5 0.0031 0.4213 0.1305 0.1771 0.2476 0.0204 
         H41  5 0.0056 0.5463 0.1298 0.0039 0.3091 0.0053 
         H42  5 0.0022 0.2035 0.0211 0.0099 0.7609 0.0025 
         H43  5 0.0025 0.2050 0.0186 0.0034 0.7677 0.0028 
         H44  5 0.2888 0.5397 0.0164 0.0501 0.1003 0.0048 
         H45  5 0.0189 0.8143 0.0182 0.0210 0.1244 0.0032 
         H46  5 0.9787 0.0035 0.0030 0.0056 0.0041 0.0050 
         H47  5 0.9807 0.0036 0.0027 0.0046 0.0034 0.0049 
