         H01  1 0.0022 0.0023 0.0137 0.9664 0.0048 0.0085 0.0021 
         H02  1 0.0027 0.0023 0.0038 0.9842 0.0023 0.0026 0.0021 
         H03  1 0.0021 0.0016 0.0032 0.9861 0.0023 0.0027 0.0021 
         H04  1 0.0023 0.0022 0.0025 0.9868 0.0018 0.0023 0.0021 
         H05  1 0.0023 0.0023 0.0027 0.9858 0.0024 0.0023 0.0022 
         H06  1 0.0085 0.0029 0.0302 0.7771 0.0076 0.1699 0.0038 
         H07  1 0.0039 0.0029 0.0043 0.9811 0.0023 0.0034 0.0021 
         H08  1 0.0039 0.0054 0.0078 0.9733 0.0028 0.0046 0.0023 
         H09  1 0.0233 0.0077 0.0671 0.7884 0.0184 0.0708 0.0241 
         H10  1 0.0022 0.0043 0.0052 0.9800 0.0028 0.0028 0.0027 
         H11  1 0.0031 0.0024 0.0031 0.9851 0.0018 0.0026 0.0019 
         H12  1 0.0021 0.0018 0.0037 0.9860 0.0021 0.0025 0.0019 
         H13  1 0.0031 0.0125 0.0129 0.9606 0.0031 0.0052 0.0026 
         H14  2 0.0188 0.0027 0.0475 0.0035 0.0031 0.9108 0.0136 
         H15  2 0.0049 0.0054 0.9348 0.0410 0.0038 0.0068 0.0033 
         H16  2 0.0042 0.0031 0.9289 0.0467 0.0057 0.0092 0.0022 
         H17  2 0.0065 0.8618 0.0210 0.0118 0.0136 0.0745 0.0109 
         H18  2 0.0026 0.9817 0.0035 0.0032 0.0023 0.0029 0.0037 
         H19  2 0.0029 0.9818 0.0038 0.0037 0.0020 0.0033 0.0026 
         H20  2 0.0175 0.6165 0.0187 0.0545 0.0057 0.0378 0.2493 
         H21  2 0.9816 0.0022 0.0027 0.0048 0.0037 0.0025 0.0025 
         H22  2 0.0036 0.9804 0.0025 0.0046 0.0028 0.0039 0.0020 
         H23  2 0.0062 0.9763 0.0033 0.0047 0.0026 0.0044 0.0025 
         H24  2 0.9858 0.0020 0.0024 0.0021 0.0029 0.0029 0.0020 
         H25  2 0.0037 0.9208 0.0067 0.0031 0.0421 0.0160 0.0076 
         H26  2 0.0026 0.9834 0.0031 0.0029 0.0019 0.0029 0.0032 
         H27  2 0.0038 0.9771 0.0026 0.0025 0.0030 0.0036 0.0076 
         H28  2 0.0028 0.9649 0.0081 0.0057 0.0034 0.0045 0.0105 
         H29  2 0.0019 0.9730 0.0035 0.0019 0.0030 0.0045 0.0122 
         H30  2 0.0136 0.8953 0.0387 0.0170 0.0047 0.0189 0.0119 
         H31  3 0.0050 0.0028 0.8437 0.0114 0.0032 0.1177 0.0162 
         H32  3 0.0203 0.0043 0.1480 0.0480 0.0136 0.7574 0.0084 
         H33  4 0.0665 0.0844 0.0381 0.0040 0.1367 0.6120 0.0583 
         H34  4 0.0027 0.0146 0.0021 0.0024 0.0024 0.0044 0.9714 
         H35  4 0.0019 0.0027 0.0030 0.0025 0.0023 0.0034 0.9843 
         H36  4 0.0102 0.0211 0.0340 0.0088 0.0091 0.1133 0.8033 
         H37  4 0.0056 0.0059 0.0023 0.0074 0.0026 0.0039 0.9722 
         H38  4 0.0026 0.0025 0.0026 0.0027 0.0019 0.0022 0.9855 
         H39  5 0.0350 0.0066 0.0134 0.0027 0.1334 0.8048 0.0042 
         H40  5 0.0457 0.0311 0.0460 0.0037 0.3782 0.3323 0.1630 
         H41  5 0.1435 0.0038 0.0062 0.0081 0.2945 0.5410 0.0029 
         H42  5 0.0020 0.0020 0.0018 0.0022 0.9863 0.0030 0.0027 
         H43  5 0.0024 0.0020 0.0040 0.0020 0.9840 0.0032 0.0024 
         H44  5 0.0034 0.0058 0.1133 0.3071 0.0179 0.4769 0.0756 
         H45  5 0.0038 0.0032 0.0977 0.0166 0.0293 0.8453 0.0040 
         H46  5 0.0020 0.0036 0.0037 0.9791 0.0035 0.0034 0.0048 
         H47  5 0.0023 0.0031 0.0035 0.9826 0.0026 0.0028 0.0032 
