         H01  1 0.0024 0.0087 0.0056 0.9833 
         H02  1 0.0029 0.0030 0.0029 0.9912 
         H03  1 0.0023 0.0030 0.0030 0.9917 
         H04  1 0.0031 0.0030 0.0033 0.9907 
         H05  1 0.0031 0.0029 0.0025 0.9915 
         H06  1 0.0057 0.1266 0.0414 0.8264 
         H07  1 0.0033 0.0038 0.0049 0.9881 
         H08  1 0.0066 0.0046 0.0047 0.9842 
         H09  1 0.0095 0.0969 0.0784 0.8152 
         H10  1 0.0050 0.0046 0.0036 0.9868 
         H11  1 0.0026 0.0036 0.0034 0.9904 
         H12  1 0.0025 0.0029 0.0029 0.9917 
         H13  1 0.0082 0.0058 0.0057 0.9803 
         H14  2 0.0043 0.6989 0.2900 0.0068 
         H15  2 0.0086 0.4089 0.2876 0.2948 
         H16  2 0.0044 0.3606 0.2851 0.3499 
         H17  2 0.9054 0.0511 0.0298 0.0137 
         H18  2 0.9871 0.0047 0.0033 0.0049 
         H19  2 0.9865 0.0042 0.0038 0.0055 
         H20  2 0.7502 0.1195 0.0379 0.0924 
         H21  2 0.0054 0.0149 0.9571 0.0226 
         H22  2 0.9863 0.0035 0.0046 0.0056 
         H23  2 0.9836 0.0043 0.0049 0.0073 
         H24  2 0.0050 0.0052 0.9833 0.0064 
         H25  2 0.9489 0.0152 0.0323 0.0036 
         H26  2 0.9879 0.0043 0.0032 0.0045 
         H27  2 0.9852 0.0075 0.0042 0.0031 
         H28  2 0.9766 0.0105 0.0051 0.0078 
         H29  2 0.9871 0.0067 0.0034 0.0029 
         H30  2 0.9303 0.0215 0.0200 0.0281 
         H31  3 0.0042 0.6912 0.2003 0.1043 
         H32  3 0.0059 0.4740 0.3911 0.1289 
         H33  4 0.2258 0.1166 0.6518 0.0057 
         H34  4 0.6060 0.3728 0.0181 0.0031 
         H35  4 0.0095 0.9736 0.0134 0.0035 
         H36  4 0.4243 0.4910 0.0763 0.0084 
         H37  4 0.5463 0.4245 0.0195 0.0097 
         H38  4 0.0099 0.9806 0.0062 0.0033 
         H39  5 0.0147 0.3226 0.6578 0.0050 
         H40  5 0.1328 0.1053 0.7580 0.0039 
         H41  5 0.0089 0.0697 0.9105 0.0109 
         H42  5 0.0039 0.0102 0.9825 0.0033 
         H43  5 0.0037 0.0110 0.9816 0.0038 
         H44  5 0.0079 0.5126 0.1048 0.3747 
         H45  5 0.0042 0.6548 0.3087 0.0324 
         H46  5 0.0058 0.0049 0.0033 0.9860 
         H47  5 0.0052 0.0060 0.0040 0.9848 
