         H01  1 0.0020 0.0037 0.0023 0.0055 0.9864 
         H02  1 0.0024 0.0026 0.0022 0.0025 0.9903 
         H03  1 0.0019 0.0026 0.0023 0.0023 0.9910 
         H04  1 0.0022 0.0025 0.0025 0.0027 0.9901 
         H05  1 0.0021 0.0026 0.0023 0.0026 0.9905 
         H06  1 0.0037 0.0081 0.0042 0.1889 0.7952 
         H07  1 0.0034 0.0040 0.0021 0.0035 0.9870 
         H08  1 0.0058 0.0057 0.0024 0.0044 0.9818 
         H09  1 0.0086 0.0346 0.0448 0.0872 0.8248 
         H10  1 0.0049 0.0026 0.0031 0.0037 0.9858 
         H11  1 0.0022 0.0029 0.0025 0.0028 0.9897 
         H12  1 0.0021 0.0027 0.0026 0.0030 0.9895 
         H13  1 0.0125 0.0037 0.0028 0.0059 0.9750 
         H14  2 0.0027 0.0029 0.0123 0.9758 0.0064 
         H15  2 0.0085 0.0876 0.0267 0.6877 0.1896 
         H16  2 0.0045 0.0779 0.0333 0.6279 0.2563 
         H17  2 0.9156 0.0180 0.0082 0.0447 0.0136 
         H18  2 0.9873 0.0021 0.0035 0.0031 0.0040 
         H19  2 0.9864 0.0035 0.0031 0.0026 0.0044 
         H20  2 0.6110 0.0764 0.2022 0.0517 0.0587 
         H21  2 0.0024 0.9852 0.0039 0.0028 0.0056 
         H22  2 0.9838 0.0042 0.0024 0.0041 0.0054 
         H23  2 0.9787 0.0057 0.0034 0.0048 0.0074 
         H24  2 0.0025 0.9908 0.0020 0.0023 0.0024 
         H25  2 0.9608 0.0076 0.0115 0.0166 0.0034 
         H26  2 0.9860 0.0027 0.0051 0.0031 0.0031 
         H27  2 0.9807 0.0039 0.0086 0.0044 0.0024 
         H28  2 0.9693 0.0047 0.0144 0.0064 0.0051 
         H29  2 0.9796 0.0026 0.0113 0.0043 0.0023 
         H30  2 0.9226 0.0155 0.0181 0.0249 0.0190 
         H31  3 0.0036 0.1115 0.0609 0.7728 0.0512 
         H32  3 0.0051 0.0839 0.0969 0.7394 0.0746 
         H33  4 0.1043 0.1180 0.0616 0.7116 0.0044 
         H34  4 0.0182 0.0024 0.9704 0.0063 0.0028 
         H35  4 0.0024 0.1238 0.8682 0.0033 0.0023 
         H36  4 0.0297 0.0159 0.8142 0.1300 0.0103 
         H37  4 0.0092 0.0029 0.9750 0.0052 0.0078 
         H38  4 0.0026 0.1219 0.8699 0.0032 0.0025 
         H39  5 0.0097 0.0754 0.0056 0.9050 0.0043 
         H40  5 0.0168 0.1410 0.1186 0.7206 0.0031 
         H41  5 0.0046 0.1016 0.0081 0.8775 0.0081 
         H42  5 0.0025 0.0030 0.0048 0.9861 0.0036 
         H43  5 0.0026 0.0025 0.0052 0.9864 0.0034 
         H44  5 0.0059 0.0049 0.1233 0.4932 0.3728 
         H45  5 0.0036 0.0063 0.0137 0.9528 0.0236 
         H46  5 0.0036 0.0031 0.0047 0.0034 0.9852 
         H47  5 0.0038 0.0022 0.0052 0.0037 0.9850 
