         H01  1 0.0033 0.0075 0.9892 
         H02  1 0.0039 0.0044 0.9917 
         H03  1 0.0027 0.0037 0.9936 
         H04  1 0.0036 0.0038 0.9926 
         H05  1 0.0032 0.0038 0.9930 
         H06  1 0.0048 0.2079 0.7873 
         H07  1 0.0047 0.0047 0.9906 
         H08  1 0.0084 0.0067 0.9849 
         H09  1 0.0180 0.1710 0.8110 
         H10  1 0.0059 0.0054 0.9887 
         H11  1 0.0038 0.0041 0.9921 
         H12  1 0.0029 0.0038 0.9933 
         H13  1 0.0160 0.0071 0.9769 
         H14  2 0.0050 0.9879 0.0071 
         H15  2 0.0105 0.6926 0.2970 
         H16  2 0.0088 0.6421 0.3491 
         H17  2 0.9058 0.0716 0.0226 
         H18  2 0.9890 0.0050 0.0060 
         H19  2 0.9864 0.0048 0.0087 
         H20  2 0.8086 0.0714 0.1200 
         H21  2 0.0081 0.9670 0.0249 
         H22  2 0.9873 0.0049 0.0079 
         H23  2 0.9848 0.0068 0.0085 
         H24  2 0.0052 0.9863 0.0085 
         H25  2 0.9734 0.0220 0.0046 
         H26  2 0.9898 0.0049 0.0053 
         H27  2 0.9899 0.0065 0.0036 
         H28  2 0.9838 0.0092 0.0070 
         H29  2 0.9919 0.0047 0.0034 
         H30  2 0.9332 0.0309 0.0359 
         H31  3 0.0052 0.9046 0.0902 
         H32  3 0.0104 0.8458 0.1438 
         H33  4 0.1395 0.8546 0.0059 
         H34  4 0.9446 0.0513 0.0041 
         H35  4 0.0187 0.9763 0.0049 
         H36  4 0.5568 0.4347 0.0084 
         H37  4 0.8831 0.1035 0.0134 
         H38  4 0.0212 0.9739 0.0049 
         H39  5 0.0127 0.9818 0.0055 
         H40  5 0.0665 0.9288 0.0047 
         H41  5 0.0083 0.9816 0.0102 
         H42  5 0.0045 0.9900 0.0054 
         H43  5 0.0041 0.9908 0.0051 
         H44  5 0.0136 0.6197 0.3667 
         H45  5 0.0058 0.9520 0.0422 
         H46  5 0.0068 0.0056 0.9876 
         H47  5 0.0074 0.0051 0.9875 
