         H01  1 0.0097 0.9845 0.0026 0.0032 
         H02  1 0.0032 0.9904 0.0031 0.0032 
         H03  1 0.0033 0.9916 0.0025 0.0026 
         H04  1 0.0035 0.9905 0.0031 0.0028 
         H05  1 0.0034 0.9901 0.0035 0.0031 
         H06  1 0.1947 0.7853 0.0035 0.0165 
         H07  1 0.0044 0.9876 0.0043 0.0038 
         H08  1 0.0063 0.9820 0.0079 0.0039 
         H09  1 0.1170 0.8158 0.0102 0.0570 
         H10  1 0.0047 0.9866 0.0052 0.0035 
         H11  1 0.0037 0.9907 0.0028 0.0027 
         H12  1 0.0036 0.9914 0.0026 0.0025 
         H13  1 0.0075 0.9769 0.0121 0.0034 
         H14  2 0.9492 0.0062 0.0032 0.0414 
         H15  2 0.6055 0.3521 0.0123 0.0301 
         H16  2 0.5841 0.3745 0.0080 0.0334 
         H17  2 0.0744 0.0153 0.8914 0.0188 
         H18  2 0.0039 0.0043 0.9874 0.0043 
         H19  2 0.0038 0.0063 0.9863 0.0036 
         H20  2 0.0260 0.0654 0.6218 0.2868 
         H21  2 0.4766 0.0314 0.0070 0.4850 
         H22  2 0.0039 0.0069 0.9859 0.0033 
         H23  2 0.0056 0.0050 0.9846 0.0048 
         H24  2 0.5145 0.0063 0.0055 0.4736 
         H25  2 0.0178 0.0044 0.9631 0.0147 
         H26  2 0.0041 0.0046 0.9867 0.0046 
         H27  2 0.0050 0.0030 0.9820 0.0100 
         H28  2 0.0072 0.0077 0.9739 0.0113 
         H29  2 0.0048 0.0030 0.9776 0.0146 
         H30  2 0.0327 0.0390 0.9043 0.0240 
         H31  3 0.8122 0.0939 0.0048 0.0890 
         H32  3 0.8592 0.0950 0.0070 0.0388 
         H33  4 0.6527 0.0055 0.0719 0.2699 
         H34  4 0.0360 0.0036 0.0703 0.8902 
         H35  4 0.0567 0.0036 0.0033 0.9364 
         H36  4 0.1411 0.0111 0.0474 0.8004 
         H37  4 0.0374 0.0109 0.0327 0.9190 
         H38  4 0.0503 0.0036 0.0032 0.9429 
         H39  5 0.9101 0.0038 0.0120 0.0741 
         H40  5 0.5103 0.0039 0.0173 0.4685 
         H41  5 0.9030 0.0092 0.0062 0.0816 
         H42  5 0.8945 0.0040 0.0039 0.0975 
         H43  5 0.9005 0.0033 0.0038 0.0923 
         H44  5 0.5261 0.3797 0.0069 0.0873 
         H45  5 0.9410 0.0330 0.0046 0.0214 
         H46  5 0.0041 0.9849 0.0056 0.0053 
         H47  5 0.0040 0.9864 0.0050 0.0047 
