         H01  1 0.9795 0.0066 0.0023 0.0055 0.0043 0.0018 
         H02  1 0.9884 0.0022 0.0019 0.0027 0.0027 0.0020 
         H03  1 0.9886 0.0028 0.0021 0.0028 0.0020 0.0017 
         H04  1 0.9888 0.0021 0.0020 0.0026 0.0023 0.0022 
         H05  1 0.9886 0.0024 0.0022 0.0026 0.0021 0.0021 
         H06  1 0.7947 0.0134 0.0022 0.1611 0.0253 0.0031 
         H07  1 0.9845 0.0025 0.0023 0.0040 0.0039 0.0029 
         H08  1 0.9793 0.0025 0.0022 0.0046 0.0052 0.0062 
         H09  1 0.7968 0.0190 0.0310 0.1025 0.0425 0.0080 
         H10  1 0.9840 0.0027 0.0029 0.0030 0.0026 0.0048 
         H11  1 0.9880 0.0023 0.0019 0.0026 0.0030 0.0022 
         H12  1 0.9891 0.0022 0.0020 0.0024 0.0021 0.0022 
         H13  1 0.9739 0.0030 0.0025 0.0074 0.0032 0.0099 
         H14  2 0.0049 0.0086 0.0044 0.8696 0.1098 0.0026 
         H15  2 0.1362 0.0230 0.0023 0.6619 0.1696 0.0070 
         H16  2 0.1798 0.0330 0.0022 0.6401 0.1403 0.0045 
         H17  2 0.0149 0.0306 0.0102 0.0672 0.0384 0.8386 
         H18  2 0.0036 0.0025 0.0039 0.0035 0.0023 0.9841 
         H19  2 0.0045 0.0022 0.0029 0.0030 0.0028 0.9846 
         H20  2 0.0625 0.0054 0.2901 0.0280 0.0299 0.5840 
         H21  2 0.0113 0.0319 0.0655 0.0468 0.8415 0.0031 
         H22  2 0.0049 0.0032 0.0022 0.0031 0.0038 0.9828 
         H23  2 0.0053 0.0029 0.0026 0.0041 0.0065 0.9786 
         H24  2 0.0039 0.0249 0.0619 0.0833 0.8233 0.0028 
         H25  2 0.0032 0.0452 0.0119 0.0224 0.0132 0.9041 
         H26  2 0.0029 0.0026 0.0033 0.0034 0.0031 0.9847 
         H27  2 0.0021 0.0028 0.0079 0.0036 0.0035 0.9801 
         H28  2 0.0051 0.0035 0.0096 0.0066 0.0045 0.9707 
         H29  2 0.0021 0.0042 0.0114 0.0040 0.0031 0.9752 
         H30  2 0.0172 0.0083 0.0115 0.0260 0.0144 0.9227 
         H31  3 0.0348 0.0535 0.0080 0.8300 0.0706 0.0030 
         H32  3 0.0629 0.0870 0.0085 0.6923 0.1464 0.0029 
         H33  4 0.0038 0.0935 0.0728 0.5520 0.1964 0.0816 
         H34  4 0.0023 0.0086 0.9530 0.0096 0.0034 0.0232 
         H35  4 0.0025 0.0022 0.9873 0.0032 0.0023 0.0025 
         H36  4 0.0084 0.0299 0.7921 0.1129 0.0323 0.0244 
         H37  4 0.0104 0.0080 0.9616 0.0104 0.0032 0.0062 
         H38  4 0.0027 0.0018 0.9874 0.0032 0.0025 0.0024 
         H39  5 0.0038 0.1807 0.0064 0.6965 0.1064 0.0063 
         H40  5 0.0035 0.4835 0.1633 0.1997 0.1254 0.0247 
         H41  5 0.0062 0.2152 0.0041 0.5778 0.1923 0.0045 
         H42  5 0.0024 0.9084 0.0030 0.0394 0.0446 0.0022 
         H43  5 0.0022 0.9108 0.0022 0.0411 0.0417 0.0020 
         H44  5 0.3329 0.0295 0.0702 0.4872 0.0756 0.0046 
         H45  5 0.0209 0.0232 0.0043 0.7759 0.1724 0.0032 
         H46  5 0.9820 0.0029 0.0047 0.0041 0.0030 0.0033 
         H47  5 0.9812 0.0028 0.0056 0.0033 0.0022 0.0049 
