         H01  1 0.0093 0.9820 0.0020 0.0023 0.0043 
         H02  1 0.0033 0.9897 0.0030 0.0019 0.0021 
         H03  1 0.0027 0.9909 0.0019 0.0021 0.0024 
         H04  1 0.0030 0.9896 0.0024 0.0026 0.0025 
         H05  1 0.0026 0.9898 0.0025 0.0025 0.0026 
         H06  1 0.1934 0.7875 0.0033 0.0079 0.0080 
         H07  1 0.0034 0.9873 0.0035 0.0024 0.0034 
         H08  1 0.0054 0.9800 0.0068 0.0033 0.0045 
         H09  1 0.1224 0.7821 0.0077 0.0409 0.0468 
         H10  1 0.0047 0.9838 0.0051 0.0031 0.0033 
         H11  1 0.0034 0.9890 0.0024 0.0023 0.0028 
         H12  1 0.0024 0.9903 0.0023 0.0022 0.0028 
         H13  1 0.0064 0.9789 0.0083 0.0025 0.0039 
         H14  2 0.9787 0.0039 0.0028 0.0037 0.0110 
         H15  2 0.8468 0.1044 0.0067 0.0043 0.0378 
         H16  2 0.8119 0.1445 0.0049 0.0032 0.0354 
         H17  2 0.1238 0.0129 0.8134 0.0139 0.0360 
         H18  2 0.0040 0.0045 0.9845 0.0042 0.0029 
         H19  2 0.0033 0.0049 0.9860 0.0030 0.0028 
         H20  2 0.0823 0.0497 0.5514 0.2894 0.0272 
         H21  2 0.0105 0.0237 0.0043 0.3869 0.5746 
         H22  2 0.0479 0.0053 0.9406 0.0028 0.0033 
         H23  2 0.0523 0.0058 0.9321 0.0049 0.0050 
         H24  2 0.0076 0.0062 0.0037 0.3848 0.5977 
         H25  2 0.0147 0.0035 0.9228 0.0133 0.0456 
         H26  2 0.0036 0.0034 0.9865 0.0038 0.0028 
         H27  2 0.0038 0.0026 0.9817 0.0086 0.0032 
         H28  2 0.0105 0.0058 0.9673 0.0128 0.0036 
         H29  2 0.0061 0.0024 0.9735 0.0121 0.0059 
         H30  2 0.0265 0.0189 0.9247 0.0189 0.0110 
         H31  3 0.8968 0.0248 0.0031 0.0613 0.0141 
         H32  3 0.8650 0.0506 0.0037 0.0142 0.0665 
         H33  4 0.2542 0.0042 0.1348 0.1974 0.4095 
         H34  4 0.0052 0.0026 0.0586 0.9313 0.0024 
         H35  4 0.0038 0.0029 0.0033 0.9831 0.0069 
         H36  4 0.1090 0.0118 0.0234 0.8417 0.0141 
         H37  4 0.0049 0.0079 0.0336 0.9511 0.0025 
         H38  4 0.0184 0.0028 0.0030 0.9737 0.0021 
         H39  5 0.3241 0.0043 0.0182 0.0146 0.6388 
         H40  5 0.1312 0.0030 0.0299 0.3680 0.4679 
         H41  5 0.2092 0.0085 0.0077 0.0342 0.7404 
         H42  5 0.0049 0.0030 0.0030 0.0031 0.9860 
         H43  5 0.0054 0.0029 0.0024 0.0038 0.9855 
         H44  5 0.6777 0.2608 0.0062 0.0500 0.0054 
         H45  5 0.9619 0.0193 0.0038 0.0058 0.0092 
         H46  5 0.0041 0.9840 0.0042 0.0046 0.0031 
         H47  5 0.0033 0.9842 0.0051 0.0045 0.0029 
