         H01  1 0.0034 0.0140 0.9776 0.0026 0.0025 
         H02  1 0.0028 0.0033 0.9886 0.0024 0.0030 
         H03  1 0.0024 0.0032 0.9897 0.0023 0.0025 
         H04  1 0.0026 0.0031 0.9886 0.0029 0.0028 
         H05  1 0.0028 0.0032 0.9879 0.0033 0.0029 
         H06  1 0.0115 0.1839 0.7919 0.0072 0.0055 
         H07  1 0.0037 0.0042 0.9842 0.0028 0.0051 
         H08  1 0.0040 0.0060 0.9765 0.0053 0.0082 
         H09  1 0.0386 0.1062 0.8035 0.0420 0.0097 
         H10  1 0.0033 0.0040 0.9835 0.0045 0.0048 
         H11  1 0.0034 0.0037 0.9877 0.0028 0.0024 
         H12  1 0.0028 0.0033 0.9892 0.0024 0.0023 
         H13  1 0.0037 0.0068 0.9736 0.0052 0.0107 
         H14  2 0.0044 0.9840 0.0049 0.0038 0.0028 
         H15  2 0.0435 0.7068 0.2290 0.0048 0.0158 
         H16  2 0.0457 0.6459 0.2936 0.0044 0.0105 
         H17  2 0.0102 0.1459 0.0088 0.7991 0.0360 
         H18  2 0.0025 0.0068 0.0036 0.0097 0.9775 
         H19  2 0.0029 0.0121 0.0042 0.0045 0.9763 
         H20  2 0.0048 0.0070 0.0279 0.9563 0.0040 
         H21  2 0.9188 0.0428 0.0250 0.0091 0.0042 
         H22  2 0.0039 0.0074 0.0040 0.9519 0.0329 
         H23  2 0.0054 0.0096 0.0060 0.9372 0.0417 
         H24  2 0.9793 0.0072 0.0057 0.0037 0.0041 
         H25  2 0.0317 0.0442 0.0034 0.8827 0.0380 
         H26  2 0.0026 0.0200 0.0028 0.0040 0.9706 
         H27  2 0.0062 0.0072 0.0034 0.0074 0.9758 
         H28  2 0.0030 0.0049 0.0033 0.9765 0.0122 
         H29  2 0.0033 0.0079 0.0027 0.9589 0.0272 
         H30  2 0.0163 0.0628 0.0194 0.3734 0.5281 
         H31  3 0.0224 0.9052 0.0446 0.0096 0.0182 
         H32  3 0.0489 0.8711 0.0687 0.0061 0.0053 
         H33  4 0.4379 0.0893 0.0041 0.0227 0.4461 
         H34  4 0.0056 0.0143 0.0037 0.7225 0.2539 
         H35  4 0.0032 0.0055 0.0033 0.9848 0.0033 
         H36  4 0.0103 0.0498 0.0124 0.9144 0.0132 
         H37  4 0.0043 0.0128 0.0141 0.7929 0.1760 
         H38  4 0.0042 0.0058 0.0032 0.9828 0.0040 
         H39  5 0.4106 0.5614 0.0039 0.0108 0.0134 
         H40  5 0.5780 0.0957 0.0044 0.3070 0.0150 
         H41  5 0.9154 0.0469 0.0104 0.0049 0.0224 
         H42  5 0.9836 0.0063 0.0035 0.0040 0.0027 
         H43  5 0.9857 0.0054 0.0030 0.0033 0.0027 
         H44  5 0.0091 0.5729 0.3410 0.0556 0.0213 
         H45  5 0.0098 0.9531 0.0267 0.0048 0.0056 
         H46  5 0.0039 0.0046 0.9802 0.0059 0.0054 
         H47  5 0.0037 0.0042 0.9816 0.0051 0.0054 
