         H01  1 0.9875 0.0032 0.0025 0.0068 
         H02  1 0.9926 0.0019 0.0022 0.0033 
         H03  1 0.9924 0.0025 0.0024 0.0026 
         H04  1 0.9922 0.0026 0.0025 0.0027 
         H05  1 0.9920 0.0023 0.0028 0.0030 
         H06  1 0.8370 0.0088 0.0037 0.1505 
         H07  1 0.9891 0.0023 0.0039 0.0048 
         H08  1 0.9843 0.0027 0.0078 0.0051 
         H09  1 0.7921 0.0485 0.0076 0.1519 
         H10  1 0.9881 0.0032 0.0052 0.0035 
         H11  1 0.9918 0.0027 0.0025 0.0031 
         H12  1 0.9925 0.0024 0.0025 0.0026 
         H13  1 0.9791 0.0036 0.0115 0.0058 
         H14  2 0.0052 0.0060 0.0034 0.9854 
         H15  2 0.1674 0.0041 0.0087 0.8197 
         H16  2 0.2037 0.0057 0.0056 0.7850 
         H17  2 0.0119 0.0133 0.9179 0.0569 
         H18  2 0.0035 0.0037 0.9891 0.0037 
         H19  2 0.0060 0.0031 0.9874 0.0035 
         H20  2 0.0588 0.2212 0.6775 0.0425 
         H21  2 0.0176 0.0055 0.0050 0.9718 
         H22  2 0.0053 0.0030 0.9872 0.0045 
         H23  2 0.0069 0.0032 0.9858 0.0042 
         H24  2 0.0040 0.0042 0.0034 0.9884 
         H25  2 0.0032 0.0387 0.9466 0.0114 
         H26  2 0.0036 0.0033 0.9894 0.0038 
         H27  2 0.0031 0.0049 0.9874 0.0047 
         H28  2 0.0059 0.0077 0.9797 0.0067 
         H29  2 0.0023 0.0113 0.9823 0.0041 
         H30  2 0.0232 0.0090 0.9498 0.0180 
         H31  3 0.0525 0.0222 0.0042 0.9211 
         H32  3 0.0571 0.0091 0.0054 0.9284 
         H33  4 0.0043 0.0831 0.0813 0.8313 
         H34  4 0.0031 0.9716 0.0209 0.0044 
         H35  4 0.0032 0.9886 0.0037 0.0044 
         H36  4 0.0078 0.9319 0.0272 0.0331 
         H37  4 0.0082 0.9774 0.0099 0.0045 
         H38  4 0.0038 0.9875 0.0038 0.0049 
         H39  5 0.0045 0.0145 0.0091 0.9719 
         H40  5 0.0053 0.8696 0.0196 0.1055 
         H41  5 0.0061 0.0115 0.0066 0.9758 
         H42  5 0.0032 0.9867 0.0031 0.0070 
         H43  5 0.0027 0.9837 0.0030 0.0105 
         H44  5 0.3703 0.0780 0.0077 0.5440 
         H45  5 0.0280 0.0074 0.0045 0.9601 
         H46  5 0.9873 0.0042 0.0048 0.0037 
         H47  5 0.9858 0.0055 0.0042 0.0045 
