         H01  1 0.9642 0.0046 0.0251 0.0020 0.0022 0.0019 
         H02  1 0.9865 0.0029 0.0038 0.0024 0.0022 0.0023 
         H03  1 0.9887 0.0021 0.0029 0.0024 0.0021 0.0018 
         H04  1 0.9880 0.0021 0.0030 0.0021 0.0022 0.0026 
         H05  1 0.9879 0.0025 0.0029 0.0021 0.0023 0.0023 
         H06  1 0.7942 0.1473 0.0378 0.0077 0.0088 0.0042 
         H07  1 0.9824 0.0028 0.0051 0.0042 0.0023 0.0033 
         H08  1 0.9749 0.0040 0.0073 0.0052 0.0025 0.0062 
         H09  1 0.7682 0.1052 0.0753 0.0151 0.0267 0.0095 
         H10  1 0.9796 0.0041 0.0072 0.0022 0.0030 0.0038 
         H11  1 0.9871 0.0025 0.0033 0.0029 0.0019 0.0023 
         H12  1 0.9880 0.0025 0.0029 0.0024 0.0020 0.0022 
         H13  1 0.9641 0.0051 0.0139 0.0032 0.0028 0.0108 
         H14  2 0.0036 0.8662 0.1214 0.0026 0.0040 0.0022 
         H15  2 0.0313 0.0059 0.9499 0.0052 0.0028 0.0048 
         H16  2 0.0427 0.0084 0.9368 0.0056 0.0028 0.0037 
         H17  2 0.0142 0.0556 0.0163 0.0066 0.0390 0.8683 
         H18  2 0.0042 0.0024 0.0029 0.0021 0.0038 0.9846 
         H19  2 0.0040 0.0027 0.0035 0.0031 0.0027 0.9840 
         H20  2 0.0539 0.0465 0.0350 0.0310 0.2185 0.6151 
         H21  2 0.0048 0.0033 0.0039 0.9816 0.0040 0.0024 
         H22  2 0.0047 0.0033 0.0033 0.0036 0.0024 0.9827 
         H23  2 0.0054 0.0039 0.0046 0.0071 0.0029 0.9760 
         H24  2 0.0024 0.0034 0.0024 0.9875 0.0023 0.0021 
         H25  2 0.0034 0.0160 0.0051 0.0044 0.0375 0.9336 
         H26  2 0.0036 0.0031 0.0028 0.0031 0.0035 0.9839 
         H27  2 0.0023 0.0036 0.0025 0.0035 0.0079 0.9802 
         H28  2 0.0050 0.0048 0.0078 0.0039 0.0079 0.9706 
         H29  2 0.0022 0.0048 0.0034 0.0021 0.0150 0.9724 
         H30  2 0.0207 0.0174 0.0375 0.0131 0.0099 0.9014 
         H31  3 0.0150 0.0717 0.8858 0.0096 0.0147 0.0032 
         H32  3 0.0880 0.3843 0.4695 0.0301 0.0225 0.0056 
         H33  4 0.0044 0.7689 0.0378 0.0640 0.0657 0.0591 
         H34  4 0.0022 0.0211 0.0039 0.0032 0.9488 0.0208 
         H35  4 0.0024 0.0059 0.0060 0.0029 0.9800 0.0029 
         H36  4 0.0090 0.0564 0.0568 0.0176 0.8418 0.0184 
         H37  4 0.0077 0.0176 0.0037 0.0024 0.9599 0.0087 
         H38  4 0.0028 0.0060 0.0024 0.0023 0.9838 0.0027 
         H39  5 0.0032 0.8599 0.0548 0.0428 0.0308 0.0084 
         H40  5 0.0038 0.4059 0.0714 0.1351 0.3634 0.0205 
         H41  5 0.0063 0.8395 0.0099 0.1292 0.0095 0.0055 
         H42  5 0.0028 0.6305 0.0043 0.0028 0.3569 0.0026 
         H43  5 0.0026 0.6337 0.0056 0.0022 0.3535 0.0023 
         H44  5 0.2612 0.5629 0.1300 0.0033 0.0373 0.0053 
         H45  5 0.0122 0.8431 0.1283 0.0051 0.0083 0.0029 
         H46  5 0.9819 0.0039 0.0030 0.0024 0.0045 0.0043 
         H47  5 0.9821 0.0032 0.0034 0.0022 0.0049 0.0043 
