         H01  1 0.0029 0.9551 0.0032 0.0035 0.0110 0.0219 0.0025 
         H02  1 0.0022 0.9835 0.0022 0.0024 0.0035 0.0035 0.0027 
         H03  1 0.0021 0.9852 0.0023 0.0028 0.0027 0.0029 0.0021 
         H04  1 0.0028 0.9845 0.0023 0.0026 0.0024 0.0031 0.0024 
         H05  1 0.0025 0.9855 0.0023 0.0023 0.0026 0.0026 0.0021 
         H06  1 0.0050 0.7958 0.0049 0.0045 0.1326 0.0495 0.0076 
         H07  1 0.0033 0.9800 0.0027 0.0026 0.0036 0.0040 0.0037 
         H08  1 0.0061 0.9679 0.0025 0.0037 0.0056 0.0093 0.0049 
         H09  1 0.0067 0.7690 0.0286 0.0144 0.0812 0.0690 0.0311 
         H10  1 0.0051 0.9763 0.0030 0.0031 0.0033 0.0062 0.0030 
         H11  1 0.0025 0.9833 0.0023 0.0025 0.0029 0.0037 0.0028 
         H12  1 0.0025 0.9853 0.0024 0.0021 0.0025 0.0030 0.0023 
         H13  1 0.0085 0.9587 0.0031 0.0031 0.0065 0.0155 0.0046 
         H14  2 0.0035 0.0042 0.0047 0.0071 0.9283 0.0361 0.0161 
         H15  2 0.0055 0.0382 0.0080 0.0040 0.0611 0.8769 0.0062 
         H16  2 0.0039 0.0504 0.0035 0.0051 0.0439 0.8825 0.0108 
         H17  2 0.7792 0.0098 0.0130 0.0171 0.1251 0.0192 0.0367 
         H18  2 0.9755 0.0035 0.0062 0.0033 0.0037 0.0047 0.0031 
         H19  2 0.9716 0.0034 0.0074 0.0027 0.0038 0.0038 0.0073 
         H20  2 0.5371 0.0377 0.2649 0.0085 0.0946 0.0224 0.0349 
         H21  2 0.0031 0.0065 0.1051 0.0035 0.0041 0.0047 0.8729 
         H22  2 0.9517 0.0041 0.0043 0.0037 0.0139 0.0071 0.0153 
         H23  2 0.9384 0.0044 0.0032 0.0032 0.0131 0.0041 0.0336 
         H24  2 0.0029 0.0029 0.0972 0.0050 0.0044 0.0068 0.8808 
         H25  2 0.8522 0.0032 0.0093 0.0700 0.0264 0.0123 0.0266 
         H26  2 0.9735 0.0038 0.0064 0.0044 0.0050 0.0034 0.0035 
         H27  2 0.9675 0.0027 0.0101 0.0045 0.0070 0.0030 0.0052 
         H28  2 0.9451 0.0050 0.0075 0.0032 0.0126 0.0215 0.0052 
         H29  2 0.9445 0.0026 0.0139 0.0035 0.0087 0.0171 0.0096 
         H30  2 0.8800 0.0216 0.0121 0.0067 0.0234 0.0443 0.0117 
         H31  3 0.0041 0.0117 0.0160 0.0038 0.0643 0.8874 0.0127 
         H32  3 0.0055 0.0605 0.0209 0.0228 0.5450 0.2996 0.0457 
         H33  4 0.0944 0.0039 0.0703 0.1895 0.4800 0.0446 0.1174 
         H34  4 0.0185 0.0026 0.9605 0.0032 0.0072 0.0037 0.0043 
         H35  4 0.0075 0.0025 0.9772 0.0023 0.0042 0.0031 0.0031 
         H36  4 0.0185 0.0090 0.8285 0.0123 0.0950 0.0230 0.0137 
         H37  4 0.0051 0.0062 0.9699 0.0041 0.0067 0.0037 0.0042 
         H38  4 0.0077 0.0027 0.9768 0.0024 0.0032 0.0042 0.0030 
         H39  5 0.0090 0.0029 0.0071 0.1591 0.7270 0.0122 0.0827 
         H40  5 0.0280 0.0038 0.2756 0.5214 0.0305 0.0271 0.1136 
         H41  5 0.0070 0.0074 0.0098 0.2477 0.5182 0.0509 0.1590 
         H42  5 0.0025 0.0025 0.0030 0.9829 0.0029 0.0031 0.0030 
         H43  5 0.0026 0.0026 0.0029 0.9812 0.0041 0.0037 0.0029 
         H44  5 0.0053 0.1875 0.0433 0.0043 0.5989 0.1311 0.0296 
         H45  5 0.0044 0.0157 0.0045 0.0067 0.8544 0.0898 0.0245 
         H46  5 0.0041 0.9766 0.0050 0.0032 0.0041 0.0039 0.0032 
         H47  5 0.0046 0.9759 0.0056 0.0032 0.0037 0.0041 0.0028 
