         H01  1 0.0025 0.0034 0.9866 0.0020 0.0055 
         H02  1 0.0019 0.0030 0.9890 0.0026 0.0036 
         H03  1 0.0023 0.0027 0.9904 0.0020 0.0026 
         H04  1 0.0027 0.0024 0.9901 0.0025 0.0024 
         H05  1 0.0024 0.0027 0.9894 0.0028 0.0027 
         H06  1 0.0040 0.0065 0.7821 0.0030 0.2044 
         H07  1 0.0029 0.0040 0.9870 0.0029 0.0032 
         H08  1 0.0018 0.0062 0.9775 0.0084 0.0061 
         H09  1 0.0428 0.0452 0.8066 0.0064 0.0991 
         H10  1 0.0030 0.0024 0.9852 0.0060 0.0034 
         H11  1 0.0024 0.0035 0.9889 0.0021 0.0031 
         H12  1 0.0025 0.0025 0.9899 0.0026 0.0026 
         H13  1 0.0032 0.0036 0.9780 0.0093 0.0060 
         H14  2 0.0131 0.0030 0.0048 0.0032 0.9758 
         H15  2 0.0077 0.1052 0.3315 0.0107 0.5448 
         H16  2 0.0071 0.1038 0.3649 0.0060 0.5182 
         H17  2 0.0101 0.0180 0.0105 0.8905 0.0710 
         H18  2 0.0043 0.0025 0.0040 0.9854 0.0037 
         H19  2 0.0033 0.0031 0.0053 0.9853 0.0029 
         H20  2 0.2485 0.0248 0.0639 0.6349 0.0279 
         H21  2 0.0035 0.9853 0.0059 0.0025 0.0028 
         H22  2 0.0034 0.0067 0.0055 0.9798 0.0045 
         H23  2 0.0039 0.0095 0.0063 0.9755 0.0049 
         H24  2 0.0021 0.9894 0.0028 0.0024 0.0032 
         H25  2 0.0199 0.0119 0.0031 0.9458 0.0193 
         H26  2 0.0036 0.0028 0.0037 0.9866 0.0033 
         H27  2 0.0083 0.0033 0.0026 0.9810 0.0049 
         H28  2 0.0129 0.0038 0.0062 0.9700 0.0071 
         H29  2 0.0177 0.0023 0.0023 0.9724 0.0052 
         H30  2 0.0164 0.0133 0.0232 0.9246 0.0225 
         H31  3 0.0227 0.0094 0.0868 0.0036 0.8775 
         H32  3 0.0115 0.1926 0.1090 0.0054 0.6815 
         H33  4 0.0723 0.1826 0.0043 0.1660 0.5748 
         H34  4 0.9786 0.0032 0.0027 0.0099 0.0055 
         H35  4 0.9884 0.0025 0.0028 0.0026 0.0037 
         H36  4 0.8372 0.0196 0.0140 0.0370 0.0922 
         H37  4 0.9801 0.0029 0.0071 0.0053 0.0046 
         H38  4 0.9873 0.0026 0.0029 0.0027 0.0045 
         H39  5 0.0117 0.2227 0.0046 0.0126 0.7484 
         H40  5 0.3017 0.1246 0.0033 0.0277 0.5428 
         H41  5 0.0068 0.2473 0.0077 0.0054 0.7328 
         H42  5 0.1337 0.0032 0.0028 0.0027 0.8576 
         H43  5 0.1303 0.0039 0.0034 0.0023 0.8601 
         H44  5 0.0741 0.0054 0.3348 0.0052 0.5805 
         H45  5 0.0190 0.0071 0.0245 0.0034 0.9459 
         H46  5 0.0049 0.0030 0.9847 0.0043 0.0031 
         H47  5 0.0076 0.0022 0.9810 0.0042 0.0049 
