         H01  1 0.0029 0.9902 0.0070 
         H02  1 0.0033 0.9922 0.0045 
         H03  1 0.0029 0.9931 0.0041 
         H04  1 0.0036 0.9928 0.0036 
         H05  1 0.0041 0.9923 0.0036 
         H06  1 0.0059 0.8124 0.1817 
         H07  1 0.0040 0.9906 0.0054 
         H08  1 0.0098 0.9846 0.0055 
         H09  1 0.0162 0.8281 0.1557 
         H10  1 0.0070 0.9880 0.0050 
         H11  1 0.0032 0.9919 0.0049 
         H12  1 0.0036 0.9919 0.0045 
         H13  1 0.0133 0.9792 0.0075 
         H14  2 0.0045 0.0078 0.9877 
         H15  2 0.0116 0.4282 0.5602 
         H16  2 0.0089 0.4609 0.5302 
         H17  2 0.8583 0.0172 0.1245 
         H18  2 0.9882 0.0066 0.0052 
         H19  2 0.9882 0.0069 0.0049 
         H20  2 0.7705 0.1178 0.1116 
         H21  2 0.0075 0.0247 0.9677 
         H22  2 0.9876 0.0071 0.0054 
         H23  2 0.9873 0.0071 0.0055 
         H24  2 0.0056 0.0086 0.9858 
         H25  2 0.9605 0.0044 0.0352 
         H26  2 0.9896 0.0056 0.0048 
         H27  2 0.9898 0.0038 0.0063 
         H28  2 0.9786 0.0103 0.0111 
         H29  2 0.9905 0.0035 0.0060 
         H30  2 0.9235 0.0377 0.0388 
         H31  3 0.0061 0.1372 0.8567 
         H32  3 0.0082 0.1721 0.8197 
         H33  4 0.0877 0.0066 0.9057 
         H34  4 0.6193 0.0049 0.3757 
         H35  4 0.0167 0.0051 0.9782 
         H36  4 0.3177 0.0080 0.6743 
         H37  4 0.5368 0.0113 0.4519 
         H38  4 0.0134 0.0050 0.9815 
         H39  5 0.0139 0.0055 0.9806 
         H40  5 0.0376 0.0047 0.9577 
         H41  5 0.0094 0.0156 0.9750 
         H42  5 0.0047 0.0050 0.9902 
         H43  5 0.0037 0.0050 0.9913 
         H44  5 0.0112 0.4038 0.5850 
         H45  5 0.0054 0.0315 0.9630 
         H46  5 0.0079 0.9862 0.0059 
         H47  5 0.0066 0.9879 0.0055 
