         H01  1 0.9897 0.0068 0.0035 
         H02  1 0.9928 0.0037 0.0035 
         H03  1 0.9930 0.0039 0.0031 
         H04  1 0.9929 0.0038 0.0033 
         H05  1 0.9928 0.0037 0.0035 
         H06  1 0.8077 0.1842 0.0080 
         H07  1 0.9906 0.0046 0.0048 
         H08  1 0.9854 0.0060 0.0086 
         H09  1 0.8174 0.1523 0.0303 
         H10  1 0.9896 0.0047 0.0057 
         H11  1 0.9922 0.0044 0.0035 
         H12  1 0.9927 0.0037 0.0036 
         H13  1 0.9814 0.0086 0.0100 
         H14  2 0.0073 0.9855 0.0072 
         H15  2 0.3020 0.6889 0.0091 
         H16  2 0.3477 0.6436 0.0088 
         H17  2 0.0153 0.0891 0.8956 
         H18  2 0.0061 0.0104 0.9834 
         H19  2 0.0087 0.0133 0.9780 
         H20  2 0.0874 0.0790 0.8335 
         H21  2 0.0201 0.9729 0.0070 
         H22  2 0.0064 0.0095 0.9841 
         H23  2 0.0074 0.0089 0.9836 
         H24  2 0.0074 0.9864 0.0063 
         H25  2 0.0055 0.0278 0.9667 
         H26  2 0.0052 0.0135 0.9813 
         H27  2 0.0038 0.0146 0.9816 
         H28  2 0.0060 0.0080 0.9860 
         H29  2 0.0032 0.0058 0.9910 
         H30  2 0.0339 0.0447 0.9213 
         H31  3 0.0781 0.9015 0.0204 
         H32  3 0.1183 0.8662 0.0155 
         H33  4 0.0060 0.8491 0.1450 
         H34  4 0.0039 0.0681 0.9280 
         H35  4 0.0045 0.4872 0.5083 
         H36  4 0.0081 0.3147 0.6772 
         H37  4 0.0130 0.1123 0.8747 
         H38  4 0.0045 0.4916 0.5039 
         H39  5 0.0050 0.9794 0.0157 
         H40  5 0.0051 0.8790 0.1159 
         H41  5 0.0114 0.9796 0.0090 
         H42  5 0.0039 0.9895 0.0067 
         H43  5 0.0048 0.9902 0.0050 
         H44  5 0.3860 0.5810 0.0329 
         H45  5 0.0413 0.9535 0.0051 
         H46  5 0.9887 0.0045 0.0068 
         H47  5 0.9868 0.0056 0.0076 
