         H01  1 0.0071 0.0112 0.0063 0.9539 0.0091 0.0123 
         H02  1 0.0057 0.0062 0.0069 0.9694 0.0056 0.0061 
         H03  1 0.0060 0.0071 0.0060 0.9692 0.0058 0.0059 
         H04  1 0.0060 0.0053 0.0060 0.9714 0.0055 0.0057 
         H05  1 0.0060 0.0055 0.0058 0.9715 0.0052 0.0060 
         H06  1 0.0064 0.0656 0.0100 0.7980 0.0123 0.1076 
         H07  1 0.0077 0.0088 0.0063 0.9612 0.0079 0.0081 
         H08  1 0.0110 0.0079 0.0098 0.9542 0.0089 0.0082 
         H09  1 0.0167 0.0387 0.0226 0.7904 0.0474 0.0843 
         H10  1 0.0080 0.0068 0.0077 0.9630 0.0068 0.0077 
         H11  1 0.0058 0.0073 0.0061 0.9652 0.0082 0.0074 
         H12  1 0.0052 0.0071 0.0064 0.9685 0.0066 0.0062 
         H13  1 0.0124 0.0073 0.0081 0.9560 0.0076 0.0086 
         H14  2 0.0070 0.2506 0.0098 0.0079 0.0100 0.7147 
         H15  2 0.0406 0.1658 0.0124 0.4136 0.2029 0.1647 
         H16  2 0.0327 0.1595 0.0101 0.4413 0.1849 0.1714 
         H17  2 0.0163 0.0659 0.8004 0.0087 0.0177 0.0911 
         H18  2 0.9574 0.0080 0.0114 0.0063 0.0077 0.0092 
         H19  2 0.9570 0.0089 0.0110 0.0070 0.0086 0.0076 
         H20  2 0.0086 0.0112 0.9046 0.0362 0.0175 0.0220 
         H21  2 0.0091 0.0098 0.0093 0.0102 0.9534 0.0081 
         H22  2 0.0387 0.0959 0.7329 0.0064 0.0150 0.1111 
         H23  2 0.0498 0.1139 0.7070 0.0071 0.0182 0.1041 
         H24  2 0.0098 0.0095 0.0096 0.0061 0.9565 0.0084 
         H25  2 0.0343 0.0368 0.8706 0.0054 0.0162 0.0366 
         H26  2 0.9603 0.0072 0.0094 0.0059 0.0080 0.0092 
         H27  2 0.9510 0.0069 0.0114 0.0056 0.0150 0.0102 
         H28  2 0.0167 0.0107 0.9428 0.0072 0.0082 0.0145 
         H29  2 0.0296 0.0174 0.9234 0.0051 0.0139 0.0105 
         H30  2 0.5100 0.0293 0.3857 0.0200 0.0218 0.0332 
         H31  3 0.0087 0.3314 0.0113 0.0717 0.0224 0.5544 
         H32  3 0.0124 0.3096 0.0121 0.1100 0.0890 0.4668 
         H33  4 0.3905 0.2528 0.0282 0.0069 0.1778 0.1437 
         H34  4 0.4093 0.0087 0.3222 0.0052 0.0117 0.2429 
         H35  4 0.0084 0.0139 0.5386 0.0064 0.0100 0.4227 
         H36  4 0.0480 0.0606 0.5113 0.0114 0.0166 0.3521 
         H37  4 0.3507 0.0118 0.3552 0.0104 0.0113 0.2606 
         H38  4 0.0091 0.0124 0.5388 0.0061 0.0087 0.4249 
         H39  5 0.0126 0.5292 0.0206 0.0062 0.0501 0.3813 
         H40  5 0.0214 0.5309 0.1150 0.0065 0.0896 0.2367 
         H41  5 0.0137 0.3903 0.0127 0.0141 0.2902 0.2789 
         H42  5 0.0077 0.8395 0.0102 0.0061 0.0089 0.1276 
         H43  5 0.0085 0.8341 0.0090 0.0063 0.0080 0.1341 
         H44  5 0.0100 0.1553 0.0254 0.3330 0.0096 0.4668 
         H45  5 0.0098 0.2866 0.0113 0.0618 0.0120 0.6184 
         H46  5 0.0094 0.0059 0.0082 0.9635 0.0058 0.0073 
         H47  5 0.0099 0.0067 0.0082 0.9623 0.0060 0.0069 
