         H01  1 0.0142 0.0319 0.0194 0.0067 0.8962 0.0316 
         H02  1 0.0128 0.0232 0.0129 0.0087 0.9247 0.0178 
         H03  1 0.0159 0.0316 0.0175 0.0070 0.9094 0.0185 
         H04  1 0.0194 0.0248 0.0157 0.0069 0.9145 0.0187 
         H05  1 0.0110 0.0232 0.0181 0.0097 0.9220 0.0159 
         H06  1 0.0190 0.0327 0.1828 0.0089 0.7269 0.0297 
         H07  1 0.0216 0.0211 0.0154 0.0104 0.9123 0.0193 
         H08  1 0.0127 0.0210 0.0179 0.0111 0.9179 0.0193 
         H09  1 0.0307 0.0381 0.1221 0.0196 0.7262 0.0632 
         H10  1 0.0143 0.0225 0.0118 0.0101 0.9248 0.0166 
         H11  1 0.0119 0.0231 0.0199 0.0082 0.9183 0.0185 
         H12  1 0.0205 0.0280 0.0154 0.0074 0.9155 0.0131 
         H13  1 0.0177 0.0185 0.0226 0.0150 0.9016 0.0246 
         H14  2 0.0114 0.0117 0.9023 0.0072 0.0118 0.0556 
         H15  2 0.0310 0.0225 0.2389 0.0121 0.1235 0.5720 
         H16  2 0.0312 0.0226 0.2234 0.0106 0.1371 0.5751 
         H17  2 0.0178 0.0160 0.0868 0.8304 0.0227 0.0264 
         H18  2 0.0102 0.0111 0.0125 0.9419 0.0114 0.0129 
         H19  2 0.0127 0.0110 0.0128 0.9420 0.0110 0.0104 
         H20  2 0.0245 0.0131 0.0540 0.7764 0.0541 0.0780 
         H21  2 0.9396 0.0090 0.0114 0.0147 0.0150 0.0103 
         H22  2 0.0101 0.0110 0.0187 0.9380 0.0104 0.0117 
         H23  2 0.0159 0.0083 0.0161 0.9315 0.0151 0.0132 
         H24  2 0.9366 0.0094 0.0145 0.0155 0.0152 0.0088 
         H25  2 0.0115 0.0309 0.0223 0.9094 0.0135 0.0124 
         H26  2 0.0109 0.0086 0.0131 0.9402 0.0140 0.0131 
         H27  2 0.0116 0.0131 0.0120 0.9430 0.0088 0.0115 
         H28  2 0.0110 0.0113 0.0107 0.9442 0.0099 0.0129 
         H29  2 0.0082 0.0147 0.0115 0.9457 0.0095 0.0104 
         H30  2 0.0198 0.0160 0.0282 0.8783 0.0262 0.0315 
         H31  3 0.0152 0.0223 0.3780 0.0145 0.0329 0.5371 
         H32  3 0.0550 0.0275 0.5283 0.0129 0.0734 0.3029 
         H33  4 0.0694 0.0344 0.5467 0.2429 0.0258 0.0808 
         H34  4 0.0119 0.0114 0.1015 0.5784 0.0091 0.2875 
         H35  4 0.0098 0.0102 0.1925 0.4853 0.0107 0.2915 
         H36  4 0.0170 0.0198 0.2060 0.4755 0.0150 0.2667 
         H37  4 0.0086 0.0106 0.1045 0.5687 0.0148 0.2929 
         H38  4 0.0104 0.0110 0.1892 0.4865 0.0110 0.2918 
         H39  5 0.0728 0.0568 0.8044 0.0165 0.0118 0.0378 
         H40  5 0.1020 0.2206 0.3556 0.1814 0.0186 0.1217 
         H41  5 0.1985 0.1113 0.6035 0.0152 0.0285 0.0430 
         H42  5 0.0164 0.9289 0.0119 0.0071 0.0126 0.0230 
         H43  5 0.0216 0.9246 0.0186 0.0068 0.0126 0.0158 
         H44  5 0.0146 0.0390 0.6211 0.0201 0.2157 0.0894 
         H45  5 0.0158 0.0341 0.8523 0.0098 0.0235 0.0644 
         H46  5 0.0130 0.0273 0.0136 0.0121 0.9112 0.0228 
         H47  5 0.0183 0.0227 0.0147 0.0103 0.9133 0.0207 
