         H01  1 0.0057 0.9914 0.0029 
         H02  1 0.0083 0.9884 0.0033 
         H03  1 0.0090 0.9882 0.0027 
         H04  1 0.0134 0.9828 0.0038 
         H05  1 0.0154 0.9813 0.0033 
         H06  1 0.2025 0.7935 0.0040 
         H07  1 0.0129 0.9836 0.0035 
         H08  1 0.0118 0.9808 0.0074 
         H09  1 0.1586 0.8260 0.0154 
         H10  1 0.0082 0.9867 0.0051 
         H11  1 0.0070 0.9895 0.0036 
         H12  1 0.0163 0.9808 0.0030 
         H13  1 0.0156 0.9717 0.0126 
         H14  2 0.9879 0.0077 0.0043 
         H15  2 0.6400 0.3504 0.0096 
         H16  2 0.6137 0.3791 0.0072 
         H17  2 0.0699 0.0204 0.9097 
         H18  2 0.0045 0.0053 0.9902 
         H19  2 0.0046 0.0071 0.9883 
         H20  2 0.0783 0.1115 0.8102 
         H21  2 0.9586 0.0351 0.0063 
         H22  2 0.0039 0.0051 0.9909 
         H23  2 0.0050 0.0069 0.9881 
         H24  2 0.9728 0.0218 0.0054 
         H25  2 0.0249 0.0041 0.9709 
         H26  2 0.0047 0.0049 0.9904 
         H27  2 0.0059 0.0029 0.9912 
         H28  2 0.0089 0.0077 0.9834 
         H29  2 0.0040 0.0030 0.9930 
         H30  2 0.0323 0.0320 0.9357 
         H31  3 0.9174 0.0782 0.0044 
         H32  3 0.8583 0.1350 0.0067 
         H33  4 0.8907 0.0078 0.1016 
         H34  4 0.3970 0.0037 0.5993 
         H35  4 0.9791 0.0055 0.0153 
         H36  4 0.7218 0.0090 0.2693 
         H37  4 0.4891 0.0112 0.4997 
         H38  4 0.9814 0.0045 0.0142 
         H39  5 0.9828 0.0062 0.0109 
         H40  5 0.9414 0.0120 0.0465 
         H41  5 0.9739 0.0196 0.0065 
         H42  5 0.9924 0.0039 0.0037 
         H43  5 0.9896 0.0069 0.0035 
         H44  5 0.6131 0.3787 0.0082 
         H45  5 0.9542 0.0419 0.0039 
         H46  5 0.0075 0.9866 0.0059 
         H47  5 0.0086 0.9856 0.0058 
