         H01  1 0.9629 0.0059 0.0220 0.0032 0.0020 0.0021 0.0019 
         H02  1 0.9830 0.0029 0.0042 0.0023 0.0026 0.0026 0.0024 
         H03  1 0.9864 0.0028 0.0026 0.0021 0.0018 0.0021 0.0022 
         H04  1 0.9856 0.0025 0.0029 0.0024 0.0020 0.0023 0.0023 
         H05  1 0.9852 0.0025 0.0028 0.0024 0.0024 0.0022 0.0025 
         H06  1 0.7809 0.1672 0.0316 0.0044 0.0077 0.0043 0.0038 
         H07  1 0.9789 0.0032 0.0047 0.0032 0.0026 0.0035 0.0039 
         H08  1 0.9682 0.0045 0.0095 0.0033 0.0024 0.0076 0.0046 
         H09  1 0.7699 0.0847 0.0658 0.0166 0.0404 0.0081 0.0145 
         H10  1 0.9784 0.0041 0.0044 0.0030 0.0028 0.0048 0.0024 
         H11  1 0.9844 0.0025 0.0035 0.0026 0.0022 0.0021 0.0028 
         H12  1 0.9862 0.0029 0.0027 0.0023 0.0019 0.0018 0.0022 
         H13  1 0.9615 0.0052 0.0140 0.0030 0.0028 0.0103 0.0031 
         H14  2 0.0044 0.9615 0.0186 0.0044 0.0046 0.0043 0.0022 
         H15  2 0.0675 0.0110 0.8789 0.0040 0.0171 0.0053 0.0162 
         H16  2 0.0739 0.0090 0.8812 0.0042 0.0160 0.0031 0.0125 
         H17  2 0.0097 0.1487 0.0241 0.0267 0.0093 0.7764 0.0051 
         H18  2 0.0040 0.0036 0.0047 0.0030 0.0060 0.9756 0.0032 
         H19  2 0.0043 0.0030 0.0029 0.0052 0.0032 0.9770 0.0043 
         H20  2 0.0435 0.0717 0.0222 0.0108 0.2741 0.5559 0.0219 
         H21  2 0.0072 0.0024 0.0035 0.0021 0.0030 0.0020 0.9798 
         H22  2 0.0046 0.0038 0.0036 0.0032 0.0027 0.9779 0.0042 
         H23  2 0.0063 0.0032 0.0033 0.0035 0.0031 0.9724 0.0081 
         H24  2 0.0019 0.0021 0.0026 0.0024 0.0018 0.0020 0.9873 
         H25  2 0.0029 0.0180 0.0105 0.0638 0.0157 0.8859 0.0032 
         H26  2 0.0035 0.0036 0.0051 0.0028 0.0061 0.9754 0.0034 
         H27  2 0.0025 0.0043 0.0030 0.0083 0.0055 0.9707 0.0057 
         H28  2 0.0055 0.0072 0.0138 0.0034 0.0099 0.9574 0.0028 
         H29  2 0.0020 0.0043 0.0042 0.0040 0.0162 0.9673 0.0020 
         H30  2 0.0203 0.0188 0.0311 0.0123 0.0136 0.8883 0.0157 
         H31  3 0.0132 0.0938 0.8620 0.0120 0.0102 0.0027 0.0060 
         H32  3 0.0655 0.2467 0.5516 0.0992 0.0207 0.0049 0.0113 
         H33  4 0.0037 0.5254 0.0732 0.2069 0.0839 0.0693 0.0376 
         H34  4 0.0026 0.0046 0.0040 0.0034 0.9725 0.0108 0.0020 
         H35  4 0.0025 0.0342 0.0043 0.0206 0.9337 0.0024 0.0023 
         H36  4 0.0092 0.0541 0.0514 0.0096 0.8527 0.0147 0.0084 
         H37  4 0.0055 0.0122 0.0090 0.0101 0.9537 0.0071 0.0024 
         H38  4 0.0024 0.0338 0.0085 0.0156 0.9343 0.0028 0.0026 
         H39  5 0.0036 0.4738 0.1193 0.3483 0.0139 0.0083 0.0329 
         H40  5 0.0033 0.1304 0.0606 0.4857 0.2214 0.0211 0.0776 
         H41  5 0.0060 0.5248 0.0348 0.3039 0.0121 0.0062 0.1122 
         H42  5 0.0022 0.0061 0.0099 0.9748 0.0026 0.0025 0.0018 
         H43  5 0.0023 0.0077 0.0150 0.9672 0.0039 0.0022 0.0018 
         H44  5 0.2406 0.6016 0.0994 0.0185 0.0314 0.0061 0.0025 
         H45  5 0.0129 0.9210 0.0254 0.0187 0.0134 0.0040 0.0046 
         H46  5 0.9794 0.0042 0.0031 0.0026 0.0041 0.0043 0.0021 
         H47  5 0.9775 0.0030 0.0047 0.0034 0.0045 0.0046 0.0022 
