         H01  1 0.9511 0.0343 0.0021 0.0037 0.0022 0.0066 
         H02  1 0.9857 0.0039 0.0023 0.0024 0.0023 0.0035 
         H03  1 0.9882 0.0029 0.0017 0.0026 0.0022 0.0025 
         H04  1 0.9874 0.0029 0.0023 0.0025 0.0020 0.0028 
         H05  1 0.9873 0.0025 0.0025 0.0023 0.0026 0.0027 
         H06  1 0.7704 0.0797 0.0048 0.0062 0.0047 0.1341 
         H07  1 0.9842 0.0043 0.0033 0.0028 0.0019 0.0035 
         H08  1 0.9751 0.0075 0.0070 0.0039 0.0026 0.0039 
         H09  1 0.7537 0.0883 0.0071 0.0314 0.0299 0.0896 
         H10  1 0.9826 0.0039 0.0048 0.0025 0.0022 0.0040 
         H11  1 0.9852 0.0039 0.0025 0.0032 0.0019 0.0033 
         H12  1 0.9869 0.0033 0.0022 0.0025 0.0020 0.0031 
         H13  1 0.9641 0.0102 0.0107 0.0037 0.0033 0.0080 
         H14  2 0.0039 0.2442 0.0031 0.0075 0.0042 0.7370 
         H15  2 0.1117 0.6751 0.0090 0.0394 0.0033 0.1615 
         H16  2 0.1451 0.6596 0.0047 0.0470 0.0031 0.1405 
         H17  2 0.0131 0.0797 0.8016 0.0170 0.0126 0.0760 
         H18  2 0.0037 0.0043 0.9800 0.0026 0.0053 0.0041 
         H19  2 0.0045 0.0039 0.9810 0.0028 0.0034 0.0044 
         H20  2 0.0584 0.0347 0.5482 0.0159 0.2885 0.0544 
         H21  2 0.0213 0.0360 0.0069 0.8982 0.0080 0.0296 
         H22  2 0.0052 0.0048 0.9774 0.0047 0.0036 0.0043 
         H23  2 0.0054 0.0040 0.9776 0.0041 0.0037 0.0051 
         H24  2 0.0050 0.0262 0.0041 0.9537 0.0030 0.0079 
         H25  2 0.0035 0.0295 0.8586 0.0272 0.0504 0.0309 
         H26  2 0.0034 0.0053 0.9798 0.0029 0.0041 0.0045 
         H27  2 0.0027 0.0058 0.9597 0.0069 0.0176 0.0073 
         H28  2 0.0052 0.0076 0.9105 0.0038 0.0669 0.0059 
         H29  2 0.0025 0.0041 0.9145 0.0042 0.0664 0.0083 
         H30  2 0.0180 0.0220 0.8630 0.0134 0.0424 0.0412 
         H31  3 0.0307 0.6720 0.0050 0.0193 0.0089 0.2642 
         H32  3 0.0496 0.6478 0.0051 0.0176 0.0117 0.2682 
         H33  4 0.0037 0.2088 0.0935 0.2440 0.0990 0.3511 
         H34  4 0.0029 0.0047 0.0187 0.0028 0.9669 0.0039 
         H35  4 0.0024 0.0033 0.0025 0.0024 0.9864 0.0030 
         H36  4 0.0113 0.0449 0.0191 0.0244 0.8312 0.0690 
         H37  4 0.0081 0.0046 0.0051 0.0032 0.9755 0.0035 
         H38  4 0.0023 0.0038 0.0022 0.0034 0.9854 0.0029 
         H39  5 0.0041 0.2364 0.0120 0.2399 0.0063 0.5014 
         H40  5 0.0033 0.0795 0.0372 0.5734 0.1760 0.1305 
         H41  5 0.0084 0.0584 0.0155 0.7698 0.0039 0.1440 
         H42  5 0.0028 0.0060 0.0026 0.9797 0.0036 0.0053 
         H43  5 0.0031 0.0052 0.0025 0.9760 0.0044 0.0088 
         H44  5 0.2812 0.1907 0.0068 0.0139 0.0413 0.4660 
         H45  5 0.0157 0.2809 0.0043 0.0170 0.0079 0.6740 
         H46  5 0.9824 0.0031 0.0042 0.0027 0.0041 0.0034 
         H47  5 0.9812 0.0029 0.0040 0.0029 0.0054 0.0036 
