         H01  1 0.0028 0.0024 0.9877 0.0070 
         H02  1 0.0025 0.0027 0.9917 0.0031 
         H03  1 0.0025 0.0023 0.9920 0.0032 
         H04  1 0.0028 0.0030 0.9912 0.0029 
         H05  1 0.0031 0.0029 0.9912 0.0027 
         H06  1 0.0072 0.0034 0.8095 0.1798 
         H07  1 0.0035 0.0031 0.9887 0.0046 
         H08  1 0.0068 0.0042 0.9841 0.0049 
         H09  1 0.0089 0.0511 0.8216 0.1184 
         H10  1 0.0053 0.0040 0.9869 0.0039 
         H11  1 0.0031 0.0027 0.9910 0.0032 
         H12  1 0.0026 0.0022 0.9922 0.0031 
         H13  1 0.0075 0.0094 0.9760 0.0071 
         H14  2 0.0030 0.0039 0.0049 0.9883 
         H15  2 0.0048 0.0077 0.1848 0.8027 
         H16  2 0.0043 0.0048 0.2291 0.7618 
         H17  2 0.9715 0.0049 0.0070 0.0165 
         H18  2 0.1618 0.8277 0.0062 0.0043 
         H19  2 0.1097 0.8735 0.0084 0.0083 
         H20  2 0.9173 0.0235 0.0406 0.0186 
         H21  2 0.0076 0.0060 0.0142 0.9722 
         H22  2 0.9903 0.0034 0.0035 0.0028 
         H23  2 0.9815 0.0084 0.0047 0.0054 
         H24  2 0.0030 0.0046 0.0043 0.9881 
         H25  2 0.9628 0.0201 0.0030 0.0140 
         H26  2 0.0080 0.9838 0.0033 0.0049 
         H27  2 0.0089 0.9844 0.0021 0.0045 
         H28  2 0.9749 0.0146 0.0053 0.0053 
         H29  2 0.9509 0.0416 0.0028 0.0047 
         H30  2 0.2305 0.7109 0.0182 0.0404 
         H31  3 0.0049 0.0062 0.0459 0.9430 
         H32  3 0.0070 0.0052 0.0843 0.9035 
         H33  4 0.0114 0.3481 0.0040 0.6365 
         H34  4 0.0034 0.9882 0.0027 0.0057 
         H35  4 0.0039 0.9861 0.0040 0.0060 
         H36  4 0.2205 0.4577 0.0070 0.3148 
         H37  4 0.0038 0.9804 0.0101 0.0057 
         H38  4 0.0043 0.9858 0.0044 0.0055 
         H39  5 0.0143 0.0050 0.0036 0.9771 
         H40  5 0.0398 0.0209 0.0038 0.9356 
         H41  5 0.0051 0.0068 0.0090 0.9791 
         H42  5 0.0040 0.0042 0.0040 0.9879 
         H43  5 0.0037 0.0036 0.0039 0.9889 
         H44  5 0.0087 0.0634 0.4001 0.5278 
         H45  5 0.0042 0.0080 0.0349 0.9529 
         H46  5 0.0036 0.0064 0.9861 0.0039 
         H47  5 0.0042 0.0058 0.9869 0.0031 
