         H01  1 0.0026 0.0065 0.0030 0.9879 
         H02  1 0.0027 0.0039 0.0026 0.9908 
         H03  1 0.0020 0.0028 0.0021 0.9931 
         H04  1 0.0027 0.0032 0.0024 0.9917 
         H05  1 0.0023 0.0027 0.0025 0.9925 
         H06  1 0.0053 0.1707 0.0171 0.8069 
         H07  1 0.0034 0.0043 0.0028 0.9896 
         H08  1 0.0102 0.0048 0.0029 0.9821 
         H09  1 0.0078 0.1518 0.0482 0.7922 
         H10  1 0.0050 0.0038 0.0030 0.9883 
         H11  1 0.0026 0.0031 0.0026 0.9917 
         H12  1 0.0022 0.0026 0.0029 0.9923 
         H13  1 0.0105 0.0064 0.0035 0.9796 
         H14  2 0.0030 0.9783 0.0136 0.0051 
         H15  2 0.0087 0.8083 0.0215 0.1615 
         H16  2 0.0064 0.7601 0.0301 0.2034 
         H17  2 0.9066 0.0601 0.0186 0.0147 
         H18  2 0.9876 0.0044 0.0038 0.0042 
         H19  2 0.9881 0.0039 0.0033 0.0047 
         H20  2 0.6723 0.0611 0.1927 0.0739 
         H21  2 0.0050 0.9531 0.0256 0.0162 
         H22  2 0.9883 0.0033 0.0032 0.0051 
         H23  2 0.9855 0.0051 0.0038 0.0056 
         H24  2 0.0035 0.9654 0.0267 0.0043 
         H25  2 0.9494 0.0143 0.0323 0.0040 
         H26  2 0.9895 0.0043 0.0031 0.0032 
         H27  2 0.9870 0.0046 0.0059 0.0026 
         H28  2 0.9758 0.0077 0.0105 0.0060 
         H29  2 0.9829 0.0043 0.0105 0.0023 
         H30  2 0.9348 0.0326 0.0123 0.0203 
         H31  3 0.0032 0.8937 0.0515 0.0516 
         H32  3 0.0058 0.8884 0.0404 0.0654 
         H33  4 0.0976 0.8045 0.0938 0.0041 
         H34  4 0.0470 0.0113 0.9384 0.0033 
         H35  4 0.0040 0.0079 0.9844 0.0036 
         H36  4 0.0371 0.1283 0.8274 0.0073 
         H37  4 0.0177 0.0129 0.9622 0.0072 
         H38  4 0.0032 0.0095 0.9841 0.0033 
         H39  5 0.0091 0.9318 0.0537 0.0054 
         H40  5 0.0189 0.2908 0.6861 0.0043 
         H41  5 0.0058 0.9336 0.0531 0.0075 
         H42  5 0.0026 0.2538 0.7398 0.0039 
         H43  5 0.0025 0.2686 0.7255 0.0034 
         H44  5 0.0061 0.5386 0.0932 0.3620 
         H45  5 0.0034 0.9458 0.0316 0.0192 
         H46  5 0.0048 0.0034 0.0042 0.9876 
         H47  5 0.0044 0.0039 0.0047 0.9870 
