         H01  1 0.9793 0.0048 0.0083 0.0022 0.0032 0.0022 
         H02  1 0.9880 0.0021 0.0028 0.0023 0.0027 0.0021 
         H03  1 0.9888 0.0026 0.0022 0.0020 0.0024 0.0020 
         H04  1 0.9882 0.0021 0.0023 0.0023 0.0028 0.0023 
         H05  1 0.9881 0.0024 0.0026 0.0022 0.0024 0.0022 
         H06  1 0.7926 0.0077 0.1823 0.0033 0.0103 0.0037 
         H07  1 0.9850 0.0021 0.0036 0.0021 0.0044 0.0027 
         H08  1 0.9795 0.0026 0.0040 0.0022 0.0044 0.0073 
         H09  1 0.7723 0.0109 0.1617 0.0289 0.0193 0.0069 
         H10  1 0.9830 0.0026 0.0036 0.0032 0.0026 0.0049 
         H11  1 0.9870 0.0022 0.0031 0.0022 0.0033 0.0022 
         H12  1 0.9886 0.0020 0.0029 0.0022 0.0023 0.0020 
         H13  1 0.9773 0.0026 0.0062 0.0028 0.0030 0.0082 
         H14  2 0.0037 0.0029 0.9820 0.0051 0.0033 0.0029 
         H15  2 0.1297 0.0153 0.8340 0.0031 0.0093 0.0087 
         H16  2 0.1516 0.0124 0.8215 0.0025 0.0078 0.0042 
         H17  2 0.0092 0.0218 0.0953 0.0120 0.0168 0.8450 
         H18  2 0.0035 0.0020 0.0044 0.0048 0.0022 0.9831 
         H19  2 0.0036 0.0020 0.0038 0.0030 0.0031 0.9846 
         H20  2 0.0439 0.0049 0.0508 0.2898 0.0343 0.5763 
         H21  2 0.0060 0.0020 0.0085 0.0456 0.9352 0.0027 
         H22  2 0.0051 0.0029 0.0041 0.0021 0.0045 0.9813 
         H23  2 0.0047 0.0026 0.0042 0.0023 0.0071 0.9791 
         H24  2 0.0021 0.0029 0.0052 0.0432 0.9445 0.0021 
         H25  2 0.0032 0.0592 0.0164 0.0131 0.0062 0.9019 
         H26  2 0.0026 0.0019 0.0034 0.0038 0.0023 0.9860 
         H27  2 0.0028 0.0033 0.0046 0.0086 0.0035 0.9771 
         H28  2 0.0057 0.0032 0.0056 0.0134 0.0031 0.9689 
         H29  2 0.0023 0.0031 0.0050 0.0155 0.0023 0.9718 
         H30  2 0.0235 0.0049 0.0284 0.0152 0.0143 0.9136 
         H31  3 0.0223 0.0140 0.8673 0.0147 0.0783 0.0034 
         H32  3 0.0405 0.0095 0.8962 0.0076 0.0414 0.0048 
         H33  4 0.0039 0.0199 0.7303 0.0682 0.0801 0.0977 
         H34  4 0.0025 0.0026 0.0035 0.9683 0.0025 0.0207 
         H35  4 0.0024 0.0023 0.0032 0.9877 0.0019 0.0025 
         H36  4 0.0103 0.0092 0.0865 0.8653 0.0100 0.0187 
         H37  4 0.0062 0.0027 0.0039 0.9785 0.0021 0.0066 
         H38  4 0.0023 0.0022 0.0032 0.9869 0.0024 0.0030 
         H39  5 0.0029 0.1278 0.7932 0.0055 0.0595 0.0111 
         H40  5 0.0041 0.3948 0.1688 0.2790 0.1180 0.0354 
         H41  5 0.0097 0.1539 0.6834 0.0075 0.1375 0.0080 
         H42  5 0.0021 0.9880 0.0030 0.0030 0.0017 0.0022 
         H43  5 0.0021 0.9886 0.0028 0.0025 0.0019 0.0021 
         H44  5 0.2857 0.0039 0.5982 0.0769 0.0299 0.0054 
         H45  5 0.0155 0.0058 0.9652 0.0058 0.0049 0.0029 
         H46  5 0.9834 0.0028 0.0031 0.0039 0.0025 0.0043 
         H47  5 0.9827 0.0028 0.0031 0.0052 0.0029 0.0032 
