         H01  1 0.0043 0.0020 0.0061 0.0038 0.0020 0.9818 
         H02  1 0.0022 0.0023 0.0033 0.0021 0.0020 0.9881 
         H03  1 0.0025 0.0019 0.0021 0.0022 0.0023 0.9889 
         H04  1 0.0028 0.0023 0.0030 0.0022 0.0022 0.9875 
         H05  1 0.0023 0.0023 0.0026 0.0024 0.0028 0.9876 
         H06  1 0.0296 0.0043 0.1575 0.0066 0.0038 0.7982 
         H07  1 0.0036 0.0021 0.0027 0.0024 0.0030 0.9863 
         H08  1 0.0042 0.0024 0.0047 0.0028 0.0073 0.9786 
         H09  1 0.0563 0.0440 0.0659 0.0100 0.0070 0.8169 
         H10  1 0.0031 0.0026 0.0028 0.0025 0.0048 0.9842 
         H11  1 0.0031 0.0021 0.0034 0.0025 0.0024 0.9866 
         H12  1 0.0022 0.0022 0.0022 0.0024 0.0020 0.9889 
         H13  1 0.0046 0.0026 0.0058 0.0031 0.0082 0.9756 
         H14  2 0.1145 0.0047 0.8676 0.0068 0.0025 0.0039 
         H15  2 0.2027 0.0024 0.5761 0.0321 0.0055 0.1812 
         H16  2 0.1739 0.0028 0.5921 0.0301 0.0041 0.1971 
         H17  2 0.0124 0.0102 0.0725 0.0147 0.8771 0.0131 
         H18  2 0.0024 0.0036 0.0030 0.0021 0.9847 0.0041 
         H19  2 0.0032 0.0031 0.0032 0.0019 0.9842 0.0044 
         H20  2 0.0342 0.2589 0.0454 0.0048 0.6090 0.0477 
         H21  2 0.8713 0.0583 0.0550 0.0026 0.0031 0.0096 
         H22  2 0.0037 0.0029 0.0034 0.0024 0.9835 0.0041 
         H23  2 0.0072 0.0030 0.0040 0.0031 0.9772 0.0054 
         H24  2 0.8993 0.0564 0.0342 0.0038 0.0030 0.0032 
         H25  2 0.0051 0.0085 0.0094 0.0470 0.9267 0.0033 
         H26  2 0.0031 0.0037 0.0029 0.0017 0.9854 0.0033 
         H27  2 0.0046 0.0088 0.0044 0.0029 0.9769 0.0025 
         H28  2 0.0044 0.0129 0.0070 0.0027 0.9670 0.0060 
         H29  2 0.0020 0.0160 0.0033 0.0036 0.9727 0.0025 
         H30  2 0.0157 0.0110 0.0419 0.0062 0.9047 0.0205 
         H31  3 0.1112 0.0171 0.8046 0.0192 0.0029 0.0450 
         H32  3 0.1249 0.0056 0.7792 0.0418 0.0051 0.0435 
         H33  4 0.1943 0.0692 0.6254 0.0371 0.0701 0.0039 
         H34  4 0.0028 0.9805 0.0031 0.0025 0.0089 0.0021 
         H35  4 0.0025 0.9875 0.0029 0.0022 0.0025 0.0024 
         H36  4 0.0175 0.8398 0.1067 0.0064 0.0236 0.0062 
         H37  4 0.0025 0.9795 0.0040 0.0025 0.0045 0.0070 
         H38  4 0.0028 0.9868 0.0034 0.0020 0.0025 0.0026 
         H39  5 0.1624 0.0057 0.6560 0.1627 0.0096 0.0035 
         H40  5 0.1156 0.2078 0.2419 0.3966 0.0342 0.0039 
         H41  5 0.3707 0.0039 0.4392 0.1678 0.0066 0.0117 
         H42  5 0.0035 0.0023 0.0031 0.9867 0.0021 0.0022 
         H43  5 0.0026 0.0024 0.0038 0.9867 0.0020 0.0024 
         H44  5 0.0406 0.0795 0.5551 0.0168 0.0054 0.3026 
         H45  5 0.0663 0.0043 0.9053 0.0045 0.0030 0.0165 
         H46  5 0.0027 0.0049 0.0026 0.0039 0.0051 0.9809 
         H47  5 0.0025 0.0036 0.0041 0.0028 0.0041 0.9829 
