         H01  1 0.0050 0.0035 0.0021 0.9836 0.0021 0.0037 
         H02  1 0.0030 0.0028 0.0025 0.9871 0.0024 0.0021 
         H03  1 0.0025 0.0023 0.0025 0.9885 0.0019 0.0023 
         H04  1 0.0028 0.0026 0.0024 0.9880 0.0022 0.0019 
         H05  1 0.0022 0.0027 0.0021 0.9887 0.0022 0.0021 
         H06  1 0.1738 0.0156 0.0043 0.7975 0.0040 0.0048 
         H07  1 0.0039 0.0046 0.0022 0.9842 0.0030 0.0020 
         H08  1 0.0042 0.0047 0.0025 0.9802 0.0060 0.0023 
         H09  1 0.1240 0.0340 0.0266 0.7960 0.0073 0.0121 
         H10  1 0.0034 0.0027 0.0031 0.9842 0.0039 0.0028 
         H11  1 0.0039 0.0030 0.0022 0.9865 0.0023 0.0022 
         H12  1 0.0023 0.0022 0.0019 0.9894 0.0019 0.0023 
         H13  1 0.0058 0.0040 0.0028 0.9739 0.0103 0.0031 
         H14  2 0.9507 0.0339 0.0047 0.0044 0.0026 0.0036 
         H15  2 0.7900 0.0274 0.0031 0.1673 0.0069 0.0052 
         H16  2 0.7836 0.0155 0.0027 0.1897 0.0041 0.0043 
         H17  2 0.0641 0.0158 0.0130 0.0099 0.8729 0.0243 
         H18  2 0.0031 0.0025 0.0054 0.0042 0.9826 0.0023 
         H19  2 0.0028 0.0031 0.0036 0.0044 0.9842 0.0018 
         H20  2 0.0296 0.0268 0.2595 0.0547 0.5973 0.0322 
         H21  2 0.0281 0.9595 0.0036 0.0043 0.0023 0.0022 
         H22  2 0.0029 0.0041 0.0024 0.0048 0.9831 0.0027 
         H23  2 0.0051 0.0063 0.0029 0.0056 0.9775 0.0026 
         H24  2 0.0308 0.9598 0.0023 0.0027 0.0025 0.0018 
         H25  2 0.0116 0.0049 0.0142 0.0028 0.9212 0.0453 
         H26  2 0.0036 0.0028 0.0039 0.0042 0.9833 0.0021 
         H27  2 0.0043 0.0038 0.0075 0.0022 0.9793 0.0028 
         H28  2 0.0070 0.0029 0.0128 0.0055 0.9680 0.0037 
         H29  2 0.0037 0.0019 0.0153 0.0026 0.9727 0.0037 
         H30  2 0.0299 0.0137 0.0229 0.0144 0.9140 0.0051 
         H31  3 0.8937 0.0500 0.0096 0.0369 0.0036 0.0062 
         H32  3 0.8515 0.0537 0.0396 0.0451 0.0055 0.0046 
         H33  4 0.5485 0.1654 0.1760 0.0043 0.0910 0.0148 
         H34  4 0.0036 0.0029 0.9787 0.0025 0.0092 0.0031 
         H35  4 0.0036 0.0022 0.7757 0.0025 0.0028 0.2132 
         H36  4 0.0506 0.0142 0.8845 0.0087 0.0137 0.0283 
         H37  4 0.0037 0.0025 0.9772 0.0054 0.0049 0.0063 
         H38  4 0.0034 0.0025 0.7764 0.0027 0.0030 0.2119 
         H39  5 0.7616 0.1347 0.0064 0.0038 0.0096 0.0839 
         H40  5 0.2791 0.0960 0.2519 0.0037 0.0245 0.3449 
         H41  5 0.6413 0.2331 0.0045 0.0080 0.0043 0.1088 
         H42  5 0.0032 0.0020 0.0026 0.0025 0.0025 0.9871 
         H43  5 0.0033 0.0021 0.0023 0.0022 0.0020 0.9881 
         H44  5 0.6365 0.0112 0.0729 0.2683 0.0058 0.0053 
         H45  5 0.9390 0.0298 0.0105 0.0106 0.0037 0.0065 
         H46  5 0.0034 0.0026 0.0049 0.9809 0.0046 0.0036 
         H47  5 0.0036 0.0021 0.0050 0.9819 0.0038 0.0036 
