         H01  1 0.0025 0.0050 0.0051 0.9873 
         H02  1 0.0026 0.0033 0.0029 0.9912 
         H03  1 0.0024 0.0027 0.0028 0.9921 
         H04  1 0.0029 0.0032 0.0030 0.9909 
         H05  1 0.0031 0.0033 0.0028 0.9908 
         H06  1 0.0047 0.1148 0.0596 0.8209 
         H07  1 0.0031 0.0041 0.0043 0.9885 
         H08  1 0.0090 0.0046 0.0060 0.9804 
         H09  1 0.0123 0.0970 0.0696 0.8210 
         H10  1 0.0071 0.0040 0.0033 0.9855 
         H11  1 0.0028 0.0031 0.0031 0.9910 
         H12  1 0.0022 0.0028 0.0028 0.9922 
         H13  1 0.0107 0.0055 0.0049 0.9789 
         H14  2 0.0042 0.6962 0.2941 0.0055 
         H15  2 0.0090 0.3702 0.3606 0.2603 
         H16  2 0.0062 0.3462 0.3367 0.3109 
         H17  2 0.9220 0.0330 0.0320 0.0131 
         H18  2 0.9863 0.0046 0.0031 0.0060 
         H19  2 0.9869 0.0037 0.0034 0.0060 
         H20  2 0.7531 0.1513 0.0275 0.0681 
         H21  2 0.0047 0.0073 0.9609 0.0270 
         H22  2 0.9872 0.0033 0.0039 0.0056 
         H23  2 0.9865 0.0041 0.0043 0.0051 
         H24  2 0.0043 0.0061 0.9830 0.0066 
         H25  2 0.9605 0.0101 0.0256 0.0038 
         H26  2 0.9886 0.0037 0.0034 0.0043 
         H27  2 0.9845 0.0075 0.0049 0.0031 
         H28  2 0.9803 0.0087 0.0052 0.0059 
         H29  2 0.9839 0.0093 0.0043 0.0025 
         H30  2 0.9253 0.0243 0.0213 0.0291 
         H31  3 0.0047 0.6760 0.2295 0.0899 
         H32  3 0.0063 0.3468 0.4870 0.1599 
         H33  4 0.1416 0.2518 0.6020 0.0045 
         H34  4 0.4201 0.5713 0.0055 0.0031 
         H35  4 0.0066 0.9851 0.0047 0.0035 
         H36  4 0.2893 0.6480 0.0535 0.0091 
         H37  4 0.3702 0.6154 0.0059 0.0085 
         H38  4 0.0070 0.9854 0.0043 0.0033 
         H39  5 0.0113 0.1340 0.8495 0.0052 
         H40  5 0.0788 0.1610 0.7561 0.0041 
         H41  5 0.0067 0.0406 0.9375 0.0152 
         H42  5 0.0029 0.0058 0.9879 0.0034 
         H43  5 0.0035 0.0057 0.9877 0.0031 
         H44  5 0.0063 0.5107 0.1057 0.3773 
         H45  5 0.0051 0.6248 0.3178 0.0522 
         H46  5 0.0044 0.0045 0.0042 0.9869 
         H47  5 0.0060 0.0061 0.0042 0.9838 
