         H01  1 0.0031 0.0089 0.9880 
         H02  1 0.0032 0.0035 0.9934 
         H03  1 0.0025 0.0031 0.9943 
         H04  1 0.0033 0.0036 0.9932 
         H05  1 0.0027 0.0034 0.9938 
         H06  1 0.0045 0.1752 0.8203 
         H07  1 0.0044 0.0047 0.9909 
         H08  1 0.0059 0.0064 0.9877 
         H09  1 0.0386 0.1562 0.8052 
         H10  1 0.0057 0.0037 0.9906 
         H11  1 0.0027 0.0043 0.9930 
         H12  1 0.0027 0.0035 0.9938 
         H13  1 0.0092 0.0073 0.9836 
         H14  2 0.0085 0.9848 0.0067 
         H15  2 0.0185 0.6683 0.3132 
         H16  2 0.0156 0.6366 0.3478 
         H17  2 0.9315 0.0559 0.0126 
         H18  2 0.9827 0.0103 0.0071 
         H19  2 0.9815 0.0095 0.0090 
         H20  2 0.8885 0.0352 0.0763 
         H21  2 0.0173 0.9624 0.0203 
         H22  2 0.9797 0.0133 0.0070 
         H23  2 0.9748 0.0174 0.0078 
         H24  2 0.0061 0.9884 0.0055 
         H25  2 0.9743 0.0222 0.0035 
         H26  2 0.9909 0.0044 0.0047 
         H27  2 0.9765 0.0202 0.0033 
         H28  2 0.9846 0.0103 0.0051 
         H29  2 0.9907 0.0064 0.0028 
         H30  2 0.9411 0.0319 0.0270 
         H31  3 0.0257 0.9094 0.0649 
         H32  3 0.0085 0.8945 0.0969 
         H33  4 0.1450 0.8498 0.0052 
         H34  4 0.9808 0.0153 0.0039 
         H35  4 0.7010 0.2951 0.0039 
         H36  4 0.7906 0.2024 0.0069 
         H37  4 0.9569 0.0317 0.0114 
         H38  4 0.7037 0.2922 0.0041 
         H39  5 0.0124 0.9834 0.0042 
         H40  5 0.1007 0.8953 0.0040 
         H41  5 0.0064 0.9833 0.0103 
         H42  5 0.0036 0.9925 0.0039 
         H43  5 0.0042 0.9918 0.0040 
         H44  5 0.0456 0.5612 0.3933 
         H45  5 0.0045 0.9587 0.0368 
         H46  5 0.0062 0.0046 0.9892 
         H47  5 0.0068 0.0044 0.9889 
