         H01  1 0.0024 0.0061 0.0026 0.9850 0.0039 
         H02  1 0.0025 0.0030 0.0021 0.9893 0.0031 
         H03  1 0.0022 0.0028 0.0019 0.9909 0.0023 
         H04  1 0.0023 0.0026 0.0025 0.9899 0.0027 
         H05  1 0.0023 0.0029 0.0027 0.9898 0.0023 
         H06  1 0.0105 0.2126 0.0047 0.7612 0.0109 
         H07  1 0.0022 0.0039 0.0038 0.9866 0.0035 
         H08  1 0.0031 0.0049 0.0094 0.9783 0.0043 
         H09  1 0.0489 0.0931 0.0093 0.7945 0.0541 
         H10  1 0.0030 0.0045 0.0063 0.9830 0.0032 
         H11  1 0.0027 0.0032 0.0024 0.9884 0.0033 
         H12  1 0.0026 0.0032 0.0022 0.9896 0.0023 
         H13  1 0.0028 0.0085 0.0105 0.9744 0.0038 
         H14  2 0.0200 0.9673 0.0036 0.0051 0.0040 
         H15  2 0.0378 0.7334 0.0055 0.1416 0.0817 
         H16  2 0.0338 0.6968 0.0039 0.1891 0.0765 
         H17  2 0.0127 0.1231 0.8332 0.0111 0.0199 
         H18  2 0.0039 0.0036 0.9849 0.0044 0.0033 
         H19  2 0.0033 0.0034 0.9859 0.0050 0.0025 
         H20  2 0.2650 0.0749 0.5852 0.0554 0.0196 
         H21  2 0.0237 0.0434 0.0039 0.0216 0.9073 
         H22  2 0.0025 0.0043 0.9830 0.0063 0.0039 
         H23  2 0.0031 0.0060 0.9829 0.0046 0.0035 
         H24  2 0.0041 0.0238 0.0034 0.0043 0.9644 
         H25  2 0.0181 0.0281 0.9209 0.0035 0.0295 
         H26  2 0.0040 0.0038 0.9854 0.0040 0.0028 
         H27  2 0.0079 0.0046 0.9801 0.0029 0.0045 
         H28  2 0.0126 0.0087 0.9682 0.0064 0.0041 
         H29  2 0.0151 0.0044 0.9745 0.0027 0.0033 
         H30  2 0.0171 0.0452 0.8996 0.0231 0.0150 
         H31  3 0.0498 0.9082 0.0044 0.0310 0.0066 
         H32  3 0.0212 0.7210 0.0060 0.0943 0.1575 
         H33  4 0.0920 0.2692 0.1476 0.0051 0.4861 
         H34  4 0.9345 0.0047 0.0546 0.0028 0.0033 
         H35  4 0.9793 0.0029 0.0128 0.0025 0.0025 
         H36  4 0.7684 0.1257 0.0545 0.0107 0.0407 
         H37  4 0.9375 0.0033 0.0483 0.0077 0.0031 
         H38  4 0.9774 0.0034 0.0134 0.0026 0.0032 
         H39  5 0.0048 0.3557 0.0141 0.0039 0.6216 
         H40  5 0.1578 0.1979 0.0397 0.0036 0.6011 
         H41  5 0.0042 0.1847 0.0066 0.0097 0.7948 
         H42  5 0.0038 0.0090 0.0027 0.0034 0.9811 
         H43  5 0.0038 0.0061 0.0026 0.0031 0.9844 
         H44  5 0.0959 0.5952 0.0075 0.2957 0.0058 
         H45  5 0.0246 0.9368 0.0034 0.0257 0.0095 
         H46  5 0.0062 0.0038 0.0047 0.9817 0.0037 
         H47  5 0.0064 0.0032 0.0053 0.9821 0.0031 
