         H01  1 0.9863 0.0023 0.0082 0.0033 
         H02  1 0.9922 0.0027 0.0029 0.0023 
         H03  1 0.9926 0.0024 0.0026 0.0024 
         H04  1 0.9918 0.0027 0.0031 0.0025 
         H05  1 0.9913 0.0028 0.0033 0.0026 
         H06  1 0.8201 0.0053 0.1667 0.0079 
         H07  1 0.9887 0.0040 0.0050 0.0024 
         H08  1 0.9839 0.0078 0.0054 0.0029 
         H09  1 0.8116 0.0106 0.1269 0.0509 
         H10  1 0.9860 0.0067 0.0041 0.0032 
         H11  1 0.9914 0.0027 0.0033 0.0026 
         H12  1 0.9925 0.0023 0.0027 0.0025 
         H13  1 0.9765 0.0123 0.0077 0.0036 
         H14  2 0.0055 0.0031 0.9858 0.0055 
         H15  2 0.2141 0.0084 0.7448 0.0326 
         H16  2 0.2834 0.0057 0.6817 0.0292 
         H17  2 0.0154 0.9103 0.0623 0.0121 
         H18  2 0.0050 0.9865 0.0039 0.0046 
         H19  2 0.0060 0.9856 0.0050 0.0034 
         H20  2 0.0746 0.6232 0.0381 0.2641 
         H21  2 0.0175 0.0054 0.9662 0.0109 
         H22  2 0.0057 0.9868 0.0040 0.0034 
         H23  2 0.0069 0.9842 0.0057 0.0032 
         H24  2 0.0047 0.0038 0.9881 0.0034 
         H25  2 0.0035 0.9604 0.0211 0.0150 
         H26  2 0.0046 0.9878 0.0037 0.0038 
         H27  2 0.0028 0.9831 0.0050 0.0091 
         H28  2 0.0066 0.9684 0.0081 0.0168 
         H29  2 0.0027 0.9780 0.0034 0.0159 
         H30  2 0.0243 0.9138 0.0406 0.0213 
         H31  3 0.0569 0.0047 0.8960 0.0425 
         H32  3 0.0773 0.0072 0.8882 0.0273 
         H33  4 0.0049 0.1098 0.8116 0.0737 
         H34  4 0.0028 0.0382 0.0052 0.9537 
         H35  4 0.0027 0.0030 0.0027 0.9915 
         H36  4 0.0142 0.0441 0.1465 0.7952 
         H37  4 0.0090 0.0263 0.0047 0.9600 
         H38  4 0.0032 0.0029 0.0037 0.9902 
         H39  5 0.0042 0.0097 0.9809 0.0051 
         H40  5 0.0031 0.0241 0.8617 0.1111 
         H41  5 0.0104 0.0078 0.9772 0.0045 
         H42  5 0.0038 0.0033 0.9884 0.0044 
         H43  5 0.0036 0.0030 0.9886 0.0049 
         H44  5 0.4509 0.0073 0.4086 0.1332 
         H45  5 0.0309 0.0040 0.9597 0.0054 
         H46  5 0.9854 0.0045 0.0043 0.0058 
         H47  5 0.9827 0.0052 0.0041 0.0080 
