         H01  1 0.9887 0.0056 0.0033 0.0024 
         H02  1 0.9905 0.0045 0.0022 0.0027 
         H03  1 0.9922 0.0026 0.0027 0.0025 
         H04  1 0.9918 0.0027 0.0026 0.0028 
         H05  1 0.9912 0.0032 0.0026 0.0030 
         H06  1 0.8176 0.1734 0.0054 0.0037 
         H07  1 0.9895 0.0042 0.0025 0.0038 
         H08  1 0.9848 0.0048 0.0026 0.0078 
         H09  1 0.8137 0.1381 0.0384 0.0098 
         H10  1 0.9884 0.0034 0.0033 0.0049 
         H11  1 0.9922 0.0031 0.0025 0.0022 
         H12  1 0.9926 0.0031 0.0023 0.0020 
         H13  1 0.9795 0.0066 0.0032 0.0108 
         H14  2 0.0058 0.9841 0.0068 0.0033 
         H15  2 0.2541 0.7071 0.0283 0.0105 
         H16  2 0.2828 0.6852 0.0267 0.0053 
         H17  2 0.0127 0.0511 0.0137 0.9225 
         H18  2 0.0044 0.0030 0.0052 0.9873 
         H19  2 0.0052 0.0033 0.0029 0.9886 
         H20  2 0.0681 0.0366 0.2692 0.6260 
         H21  2 0.0184 0.9677 0.0074 0.0065 
         H22  2 0.0060 0.0036 0.0026 0.9878 
         H23  2 0.0059 0.0042 0.0035 0.9865 
         H24  2 0.0058 0.9873 0.0037 0.0032 
         H25  2 0.0040 0.0153 0.0118 0.9689 
         H26  2 0.0039 0.0033 0.0041 0.9887 
         H27  2 0.0028 0.0049 0.0105 0.9818 
         H28  2 0.0078 0.0071 0.0140 0.9711 
         H29  2 0.0024 0.0048 0.0149 0.9779 
         H30  2 0.0287 0.0304 0.0139 0.9271 
         H31  3 0.1232 0.7542 0.1178 0.0048 
         H32  3 0.1128 0.8746 0.0072 0.0054 
         H33  4 0.0046 0.8572 0.0671 0.0710 
         H34  4 0.0025 0.0041 0.9737 0.0197 
         H35  4 0.0028 0.0031 0.9911 0.0030 
         H36  4 0.0110 0.0959 0.8574 0.0356 
         H37  4 0.0072 0.0038 0.9846 0.0045 
         H38  4 0.0031 0.0029 0.9910 0.0030 
         H39  5 0.0046 0.9815 0.0050 0.0089 
         H40  5 0.0032 0.8656 0.1068 0.0243 
         H41  5 0.0089 0.9818 0.0040 0.0054 
         H42  5 0.0033 0.9889 0.0042 0.0036 
         H43  5 0.0032 0.9894 0.0042 0.0032 
         H44  5 0.4439 0.3907 0.1592 0.0062 
         H45  5 0.0303 0.9572 0.0078 0.0046 
         H46  5 0.9847 0.0032 0.0066 0.0055 
         H47  5 0.9847 0.0041 0.0059 0.0053 
