         H01  1 0.9374 0.0115 0.0103 0.0173 0.0128 0.0108 
         H02  1 0.9470 0.0111 0.0101 0.0104 0.0096 0.0118 
         H03  1 0.9472 0.0115 0.0103 0.0103 0.0107 0.0100 
         H04  1 0.9481 0.0107 0.0114 0.0101 0.0100 0.0096 
         H05  1 0.9471 0.0106 0.0103 0.0101 0.0115 0.0105 
         H06  1 0.7398 0.0154 0.0131 0.1942 0.0233 0.0142 
         H07  1 0.9427 0.0116 0.0115 0.0111 0.0108 0.0123 
         H08  1 0.9324 0.0160 0.0122 0.0143 0.0102 0.0148 
         H09  1 0.7702 0.0159 0.0438 0.1040 0.0281 0.0381 
         H10  1 0.9387 0.0139 0.0125 0.0118 0.0114 0.0118 
         H11  1 0.9438 0.0115 0.0114 0.0112 0.0117 0.0104 
         H12  1 0.9482 0.0100 0.0118 0.0095 0.0101 0.0103 
         H13  1 0.9337 0.0146 0.0133 0.0143 0.0116 0.0124 
         H14  2 0.0109 0.0198 0.0149 0.8607 0.0798 0.0140 
         H15  2 0.1851 0.0160 0.0153 0.6066 0.1328 0.0441 
         H16  2 0.2338 0.0134 0.0139 0.5679 0.1306 0.0405 
         H17  2 0.0134 0.8864 0.0161 0.0517 0.0174 0.0150 
         H18  2 0.0133 0.1225 0.8190 0.0179 0.0136 0.0137 
         H19  2 0.0159 0.0873 0.8446 0.0183 0.0163 0.0176 
         H20  2 0.0400 0.8583 0.0309 0.0295 0.0203 0.0209 
         H21  2 0.0137 0.0134 0.0127 0.0129 0.0135 0.9338 
         H22  2 0.0124 0.9330 0.0158 0.0124 0.0126 0.0138 
         H23  2 0.0120 0.9191 0.0215 0.0195 0.0131 0.0148 
         H24  2 0.0101 0.0117 0.0132 0.0137 0.0131 0.9381 
         H25  2 0.0104 0.8965 0.0256 0.0231 0.0270 0.0175 
         H26  2 0.0110 0.0166 0.9268 0.0151 0.0150 0.0156 
         H27  2 0.0113 0.0180 0.9232 0.0173 0.0142 0.0160 
         H28  2 0.0130 0.9176 0.0243 0.0154 0.0162 0.0136 
         H29  2 0.0111 0.9114 0.0291 0.0170 0.0168 0.0147 
         H30  2 0.0221 0.2176 0.6308 0.0794 0.0244 0.0258 
         H31  3 0.0439 0.0156 0.0143 0.8087 0.1030 0.0145 
         H32  3 0.0886 0.0166 0.0163 0.7538 0.0860 0.0387 
         H33  4 0.0102 0.0171 0.5060 0.2411 0.0482 0.1774 
         H34  4 0.0109 0.0130 0.9333 0.0162 0.0148 0.0118 
         H35  4 0.0115 0.0150 0.9290 0.0170 0.0140 0.0135 
         H36  4 0.0152 0.1529 0.4432 0.3108 0.0615 0.0164 
         H37  4 0.0159 0.0154 0.9281 0.0144 0.0139 0.0124 
         H38  4 0.0113 0.0145 0.9264 0.0196 0.0151 0.0131 
         H39  5 0.0105 0.0422 0.0161 0.8203 0.0651 0.0458 
         H40  5 0.0109 0.0638 0.1131 0.3273 0.4026 0.0824 
         H41  5 0.0185 0.0176 0.0146 0.4043 0.2393 0.3057 
         H42  5 0.0101 0.1087 0.0136 0.0160 0.8393 0.0123 
         H43  5 0.0097 0.1098 0.0127 0.0179 0.8387 0.0113 
         H44  5 0.2566 0.0178 0.0308 0.5953 0.0868 0.0127 
         H45  5 0.0283 0.0168 0.0144 0.8329 0.0907 0.0169 
         H46  5 0.9386 0.0131 0.0139 0.0116 0.0130 0.0097 
         H47  5 0.9370 0.0125 0.0149 0.0115 0.0124 0.0118 
