         H01  1 0.9901 0.0030 0.0069 
         H02  1 0.9923 0.0035 0.0042 
         H03  1 0.9936 0.0030 0.0035 
         H04  1 0.9927 0.0036 0.0037 
         H05  1 0.9926 0.0036 0.0038 
         H06  1 0.7801 0.0055 0.2144 
         H07  1 0.9908 0.0046 0.0046 
         H08  1 0.9845 0.0093 0.0062 
         H09  1 0.8312 0.0234 0.1454 
         H10  1 0.9898 0.0061 0.0041 
         H11  1 0.9920 0.0038 0.0042 
         H12  1 0.9936 0.0029 0.0035 
         H13  1 0.9755 0.0153 0.0093 
         H14  2 0.0083 0.0050 0.9867 
         H15  2 0.3240 0.0098 0.6662 
         H16  2 0.3862 0.0072 0.6066 
         H17  2 0.0173 0.9049 0.0778 
         H18  2 0.0062 0.9883 0.0055 
         H19  2 0.0076 0.9872 0.0051 
         H20  2 0.1167 0.8039 0.0795 
         H21  2 0.0254 0.0074 0.9672 
         H22  2 0.0064 0.9884 0.0052 
         H23  2 0.0082 0.9854 0.0065 
         H24  2 0.0077 0.0064 0.9859 
         H25  2 0.0044 0.9744 0.0212 
         H26  2 0.0057 0.9900 0.0043 
         H27  2 0.0035 0.9921 0.0044 
         H28  2 0.0080 0.9833 0.0087 
         H29  2 0.0029 0.9914 0.0057 
         H30  2 0.0317 0.9258 0.0425 
         H31  3 0.1088 0.0050 0.8862 
         H32  3 0.1396 0.0079 0.8525 
         H33  4 0.0050 0.1272 0.8678 
         H34  4 0.0037 0.7546 0.2417 
         H35  4 0.0046 0.0161 0.9793 
         H36  4 0.0072 0.3781 0.6147 
         H37  4 0.0127 0.6848 0.3024 
         H38  4 0.0049 0.0216 0.9735 
         H39  5 0.0053 0.0113 0.9834 
         H40  5 0.0041 0.0335 0.9624 
         H41  5 0.0115 0.0072 0.9813 
         H42  5 0.0046 0.0047 0.9908 
         H43  5 0.0045 0.0044 0.9912 
         H44  5 0.3605 0.0121 0.6273 
         H45  5 0.0342 0.0052 0.9606 
         H46  5 0.9880 0.0065 0.0055 
         H47  5 0.9868 0.0077 0.0055 
