         H01  1 0.0023 0.9891 0.0027 0.0058 
         H02  1 0.0027 0.9908 0.0029 0.0035 
         H03  1 0.0026 0.9921 0.0027 0.0027 
         H04  1 0.0024 0.9917 0.0029 0.0031 
         H05  1 0.0026 0.9917 0.0028 0.0028 
         H06  1 0.0039 0.8236 0.0392 0.1333 
         H07  1 0.0035 0.9900 0.0025 0.0040 
         H08  1 0.0084 0.9844 0.0030 0.0042 
         H09  1 0.0098 0.8227 0.0572 0.1104 
         H10  1 0.0053 0.9876 0.0037 0.0034 
         H11  1 0.0025 0.9915 0.0027 0.0033 
         H12  1 0.0021 0.9921 0.0029 0.0029 
         H13  1 0.0134 0.9757 0.0047 0.0062 
         H14  2 0.0030 0.0042 0.2926 0.7002 
         H15  2 0.0114 0.2797 0.1233 0.5856 
         H16  2 0.0058 0.3103 0.1252 0.5587 
         H17  2 0.9078 0.0152 0.0159 0.0612 
         H18  2 0.9865 0.0053 0.0039 0.0042 
         H19  2 0.9875 0.0056 0.0037 0.0031 
         H20  2 0.6521 0.0700 0.2442 0.0337 
         H21  2 0.0036 0.0253 0.0069 0.9642 
         H22  2 0.9873 0.0053 0.0030 0.0044 
         H23  2 0.9841 0.0062 0.0037 0.0060 
         H24  2 0.0038 0.0060 0.0038 0.9865 
         H25  2 0.9675 0.0039 0.0143 0.0143 
         H26  2 0.9882 0.0043 0.0044 0.0031 
         H27  2 0.9877 0.0024 0.0065 0.0035 
         H28  2 0.9780 0.0063 0.0094 0.0063 
         H29  2 0.9817 0.0027 0.0113 0.0043 
         H30  2 0.9285 0.0233 0.0206 0.0276 
         H31  3 0.0043 0.0730 0.2807 0.6420 
         H32  3 0.0060 0.1100 0.1579 0.7261 
         H33  4 0.1189 0.0053 0.0860 0.7897 
         H34  4 0.1353 0.0029 0.8581 0.0037 
         H35  4 0.0051 0.0032 0.9677 0.0240 
         H36  4 0.0918 0.0098 0.7693 0.1291 
         H37  4 0.1150 0.0088 0.8705 0.0056 
         H38  4 0.0049 0.0029 0.9642 0.0279 
         H39  5 0.0151 0.0041 0.0241 0.9567 
         H40  5 0.0274 0.0031 0.1762 0.7933 
         H41  5 0.0053 0.0089 0.0045 0.9812 
         H42  5 0.0034 0.0035 0.0042 0.9889 
         H43  5 0.0036 0.0035 0.0043 0.9886 
         H44  5 0.0073 0.4106 0.3017 0.2805 
         H45  5 0.0055 0.0500 0.2285 0.7159 
         H46  5 0.0045 0.9869 0.0052 0.0033 
         H47  5 0.0053 0.9856 0.0056 0.0035 
