         H01  1 0.0061 0.0026 0.0025 0.9888 
         H02  1 0.0032 0.0030 0.0026 0.9911 
         H03  1 0.0033 0.0022 0.0027 0.9919 
         H04  1 0.0029 0.0022 0.0029 0.9920 
         H05  1 0.0026 0.0033 0.0027 0.9913 
         H06  1 0.1826 0.0047 0.0121 0.8005 
         H07  1 0.0039 0.0038 0.0023 0.9900 
         H08  1 0.0048 0.0077 0.0030 0.9844 
         H09  1 0.1209 0.0086 0.0454 0.8251 
         H10  1 0.0042 0.0053 0.0037 0.9868 
         H11  1 0.0039 0.0026 0.0023 0.9911 
         H12  1 0.0028 0.0026 0.0024 0.9922 
         H13  1 0.0072 0.0140 0.0034 0.9755 
         H14  2 0.9652 0.0030 0.0261 0.0057 
         H15  2 0.6826 0.0095 0.0511 0.2568 
         H16  2 0.6242 0.0067 0.0493 0.3199 
         H17  2 0.0897 0.8819 0.0156 0.0129 
         H18  2 0.0038 0.9874 0.0042 0.0046 
         H19  2 0.0037 0.9872 0.0034 0.0058 
         H20  2 0.0238 0.5965 0.3047 0.0751 
         H21  2 0.9533 0.0054 0.0221 0.0193 
         H22  2 0.0042 0.9873 0.0031 0.0054 
         H23  2 0.0063 0.9848 0.0038 0.0051 
         H24  2 0.9856 0.0046 0.0050 0.0049 
         H25  2 0.0254 0.9571 0.0141 0.0034 
         H26  2 0.0031 0.9887 0.0048 0.0035 
         H27  2 0.0043 0.9843 0.0086 0.0029 
         H28  2 0.0057 0.9715 0.0151 0.0077 
         H29  2 0.0054 0.9702 0.0221 0.0023 
         H30  2 0.0254 0.9314 0.0176 0.0257 
         H31  3 0.8055 0.0035 0.1184 0.0727 
         H32  3 0.8844 0.0053 0.0160 0.0944 
         H33  4 0.7681 0.1413 0.0858 0.0049 
         H34  4 0.0040 0.0564 0.9369 0.0028 
         H35  4 0.0028 0.0029 0.9917 0.0026 
         H36  4 0.0883 0.0489 0.8473 0.0156 
         H37  4 0.0055 0.0409 0.9444 0.0092 
         H38  4 0.0030 0.0035 0.9909 0.0027 
         H39  5 0.9825 0.0083 0.0056 0.0036 
         H40  5 0.8126 0.0213 0.1623 0.0038 
         H41  5 0.9796 0.0059 0.0048 0.0098 
         H42  5 0.9883 0.0034 0.0047 0.0036 
         H43  5 0.9884 0.0032 0.0051 0.0033 
         H44  5 0.3663 0.0082 0.1749 0.4506 
         H45  5 0.9468 0.0054 0.0153 0.0325 
         H46  5 0.0042 0.0048 0.0061 0.9850 
         H47  5 0.0039 0.0053 0.0053 0.9856 
