         H01  1 0.9363 0.0043 0.0286 0.0074 0.0091 0.0079 0.0065 
         H02  1 0.9596 0.0039 0.0104 0.0063 0.0071 0.0057 0.0069 
         H03  1 0.9570 0.0035 0.0133 0.0061 0.0080 0.0058 0.0063 
         H04  1 0.9550 0.0048 0.0083 0.0059 0.0071 0.0053 0.0136 
         H05  1 0.9496 0.0040 0.0199 0.0064 0.0063 0.0059 0.0078 
         H06  1 0.7755 0.0055 0.0281 0.0449 0.1255 0.0080 0.0124 
         H07  1 0.9430 0.0060 0.0186 0.0075 0.0089 0.0062 0.0099 
         H08  1 0.9416 0.0091 0.0120 0.0077 0.0110 0.0081 0.0104 
         H09  1 0.7338 0.0085 0.0651 0.0672 0.0702 0.0281 0.0272 
         H10  1 0.9495 0.0070 0.0113 0.0070 0.0122 0.0071 0.0059 
         H11  1 0.9511 0.0045 0.0146 0.0057 0.0075 0.0075 0.0091 
         H12  1 0.9552 0.0044 0.0142 0.0059 0.0079 0.0060 0.0064 
         H13  1 0.9349 0.0117 0.0207 0.0073 0.0111 0.0085 0.0058 
         H14  2 0.0096 0.0051 0.0080 0.1704 0.7940 0.0079 0.0050 
         H15  2 0.0354 0.0074 0.9161 0.0123 0.0109 0.0059 0.0119 
         H16  2 0.0455 0.0057 0.9062 0.0136 0.0102 0.0081 0.0108 
         H17  2 0.0126 0.8110 0.0243 0.0798 0.0526 0.0109 0.0089 
         H18  2 0.0064 0.9641 0.0058 0.0064 0.0062 0.0062 0.0048 
         H19  2 0.0054 0.9693 0.0057 0.0052 0.0046 0.0044 0.0053 
         H20  2 0.0591 0.6387 0.0279 0.0470 0.0511 0.1480 0.0283 
         H21  2 0.0101 0.0044 0.0055 0.0108 0.0082 0.0048 0.9563 
         H22  2 0.0079 0.9610 0.0065 0.0052 0.0069 0.0051 0.0073 
         H23  2 0.0079 0.9552 0.0062 0.0070 0.0079 0.0056 0.0102 
         H24  2 0.0079 0.0041 0.0058 0.0070 0.0068 0.0074 0.9610 
         H25  2 0.0071 0.8926 0.0069 0.0302 0.0229 0.0332 0.0070 
         H26  2 0.0053 0.9690 0.0050 0.0056 0.0056 0.0048 0.0048 
         H27  2 0.0052 0.9631 0.0052 0.0061 0.0065 0.0079 0.0059 
         H28  2 0.0069 0.9527 0.0105 0.0068 0.0092 0.0085 0.0053 
         H29  2 0.0050 0.9580 0.0054 0.0074 0.0073 0.0117 0.0050 
         H30  2 0.0215 0.8802 0.0422 0.0152 0.0176 0.0100 0.0133 
         H31  3 0.0254 0.0048 0.8323 0.0387 0.0781 0.0112 0.0095 
         H32  3 0.0514 0.0070 0.2099 0.2618 0.4371 0.0170 0.0158 
         H33  4 0.0079 0.0711 0.0187 0.3616 0.4039 0.0622 0.0747 
         H34  4 0.0051 0.0301 0.0060 0.0088 0.0076 0.9370 0.0055 
         H35  4 0.0059 0.0064 0.0068 0.0123 0.0137 0.9469 0.0081 
         H36  4 0.0090 0.0207 0.0300 0.1142 0.0742 0.7420 0.0098 
         H37  4 0.0086 0.0203 0.0053 0.0081 0.0066 0.9447 0.0063 
         H38  4 0.0061 0.0055 0.0076 0.0160 0.0178 0.9407 0.0063 
         H39  5 0.0085 0.0086 0.0112 0.5475 0.3904 0.0102 0.0236 
         H40  5 0.0079 0.0198 0.0315 0.1283 0.2553 0.4601 0.0972 
         H41  5 0.0107 0.0088 0.0077 0.5284 0.2466 0.0125 0.1854 
         H42  5 0.0048 0.0046 0.0062 0.3215 0.0105 0.6469 0.0055 
         H43  5 0.0067 0.0044 0.0075 0.3223 0.0117 0.6412 0.0061 
         H44  5 0.2466 0.0070 0.0627 0.2120 0.4302 0.0360 0.0053 
         H45  5 0.0223 0.0057 0.0091 0.3636 0.5831 0.0073 0.0088 
         H46  5 0.9496 0.0061 0.0091 0.0070 0.0075 0.0094 0.0112 
         H47  5 0.9529 0.0068 0.0089 0.0070 0.0090 0.0088 0.0065 
