         H01  1 0.0067 0.0033 0.0039 0.0058 0.0033 0.0061 0.9709 
         H02  1 0.0038 0.0031 0.0034 0.0033 0.0030 0.0031 0.9804 
         H03  1 0.0034 0.0028 0.0031 0.0040 0.0031 0.0031 0.9805 
         H04  1 0.0029 0.0035 0.0033 0.0039 0.0032 0.0034 0.9797 
         H05  1 0.0038 0.0036 0.0033 0.0040 0.0031 0.0032 0.9790 
         H06  1 0.0497 0.0036 0.0190 0.1356 0.0131 0.0078 0.7711 
         H07  1 0.0043 0.0043 0.0037 0.0047 0.0047 0.0039 0.9744 
         H08  1 0.0068 0.0067 0.0039 0.0057 0.0065 0.0047 0.9657 
         H09  1 0.0738 0.0086 0.0309 0.0893 0.0097 0.0099 0.7778 
         H10  1 0.0050 0.0048 0.0039 0.0045 0.0051 0.0038 0.9728 
         H11  1 0.0040 0.0032 0.0033 0.0049 0.0033 0.0033 0.9780 
         H12  1 0.0031 0.0031 0.0029 0.0037 0.0032 0.0033 0.9806 
         H13  1 0.0067 0.0111 0.0040 0.0066 0.0078 0.0034 0.9604 
         H14  2 0.2601 0.0045 0.0070 0.7112 0.0063 0.0066 0.0044 
         H15  2 0.3436 0.0112 0.0423 0.3381 0.0080 0.0116 0.2452 
         H16  2 0.3143 0.0069 0.0590 0.3041 0.0084 0.0101 0.2971 
         H17  2 0.0204 0.0087 0.0186 0.0241 0.9148 0.0083 0.0050 
         H18  2 0.0070 0.9409 0.0043 0.0054 0.0338 0.0046 0.0038 
         H19  2 0.0052 0.9565 0.0042 0.0052 0.0198 0.0048 0.0042 
         H20  2 0.0277 0.0063 0.0747 0.0188 0.8340 0.0075 0.0310 
         H21  2 0.6729 0.0044 0.0680 0.2301 0.0076 0.0077 0.0094 
         H22  2 0.0062 0.0096 0.0058 0.0059 0.9637 0.0041 0.0047 
         H23  2 0.0104 0.0171 0.0097 0.0085 0.9435 0.0060 0.0048 
         H24  2 0.6659 0.0158 0.0573 0.2415 0.0053 0.0090 0.0053 
         H25  2 0.0078 0.0154 0.0095 0.0155 0.9168 0.0318 0.0032 
         H26  2 0.0068 0.9718 0.0050 0.0038 0.0050 0.0042 0.0033 
         H27  2 0.0072 0.9556 0.0115 0.0100 0.0073 0.0053 0.0031 
         H28  2 0.0076 0.0081 0.0160 0.0124 0.9471 0.0043 0.0045 
         H29  2 0.0070 0.0254 0.0115 0.0147 0.9304 0.0082 0.0029 
         H30  2 0.0431 0.5379 0.0313 0.0260 0.3388 0.0081 0.0148 
         H31  3 0.3141 0.0050 0.0548 0.5580 0.0084 0.0086 0.0511 
         H32  3 0.2774 0.0082 0.0702 0.5039 0.0081 0.0430 0.0893 
         H33  4 0.2872 0.2566 0.0403 0.3539 0.0208 0.0375 0.0037 
         H34  4 0.0104 0.2419 0.7182 0.0097 0.0121 0.0044 0.0034 
         H35  4 0.0631 0.0049 0.8806 0.0327 0.0085 0.0068 0.0035 
         H36  4 0.0651 0.0308 0.6388 0.1357 0.0991 0.0202 0.0104 
         H37  4 0.0077 0.1866 0.7696 0.0158 0.0060 0.0063 0.0081 
         H38  4 0.0647 0.0060 0.8720 0.0373 0.0103 0.0059 0.0037 
         H39  5 0.2545 0.0075 0.0448 0.5818 0.0180 0.0895 0.0039 
         H40  5 0.1867 0.0188 0.1605 0.2813 0.0897 0.2584 0.0046 
         H41  5 0.3685 0.0074 0.0310 0.4232 0.0092 0.1527 0.0080 
         H42  5 0.0064 0.0063 0.0049 0.0052 0.0056 0.9690 0.0026 
         H43  5 0.0053 0.0057 0.0045 0.0063 0.0060 0.9687 0.0035 
         H44  5 0.2069 0.0052 0.0551 0.4071 0.0079 0.0165 0.3012 
         H45  5 0.1567 0.0061 0.0720 0.7320 0.0104 0.0084 0.0143 
         H46  5 0.0031 0.0071 0.0062 0.0041 0.0040 0.0050 0.9705 
         H47  5 0.0042 0.0067 0.0054 0.0037 0.0048 0.0042 0.9711 
