         H01  1 0.0039 0.9851 0.0077 0.0032 
         H02  1 0.0034 0.9896 0.0035 0.0034 
         H03  1 0.0030 0.9899 0.0037 0.0034 
         H04  1 0.0036 0.9890 0.0038 0.0035 
         H05  1 0.0038 0.9892 0.0037 0.0033 
         H06  1 0.0153 0.8283 0.1506 0.0058 
         H07  1 0.0034 0.9865 0.0047 0.0054 
         H08  1 0.0038 0.9826 0.0050 0.0086 
         H09  1 0.0437 0.8148 0.1305 0.0110 
         H10  1 0.0055 0.9850 0.0038 0.0057 
         H11  1 0.0031 0.9887 0.0046 0.0036 
         H12  1 0.0029 0.9901 0.0040 0.0030 
         H13  1 0.0037 0.9746 0.0077 0.0140 
         H14  2 0.1056 0.0060 0.8807 0.0076 
         H15  2 0.0131 0.2153 0.7567 0.0149 
         H16  2 0.0095 0.2665 0.7110 0.0130 
         H17  2 0.0203 0.0184 0.0625 0.8988 
         H18  2 0.0145 0.0061 0.0088 0.9707 
         H19  2 0.0122 0.0067 0.0067 0.9744 
         H20  2 0.2670 0.0710 0.0295 0.6324 
         H21  2 0.0167 0.0182 0.9513 0.0138 
         H22  2 0.0097 0.0061 0.0099 0.9743 
         H23  2 0.0110 0.0073 0.0113 0.9704 
         H24  2 0.0169 0.0057 0.9695 0.0079 
         H25  2 0.0231 0.0050 0.0244 0.9475 
         H26  2 0.0115 0.0054 0.0085 0.9746 
         H27  2 0.0170 0.0038 0.0116 0.9677 
         H28  2 0.0185 0.0070 0.0169 0.9576 
         H29  2 0.0245 0.0034 0.0105 0.9616 
         H30  2 0.0181 0.0226 0.0315 0.9277 
         H31  3 0.0862 0.0589 0.8420 0.0128 
         H32  3 0.0167 0.0629 0.9045 0.0160 
         H33  4 0.0846 0.0046 0.7985 0.1124 
         H34  4 0.9463 0.0042 0.0228 0.0267 
         H35  4 0.9491 0.0036 0.0277 0.0196 
         H36  4 0.7951 0.0131 0.1388 0.0530 
         H37  4 0.9450 0.0100 0.0291 0.0159 
         H38  4 0.9500 0.0043 0.0254 0.0203 
         H39  5 0.0382 0.0045 0.9436 0.0137 
         H40  5 0.1514 0.0039 0.8067 0.0380 
         H41  5 0.0227 0.0120 0.9563 0.0091 
         H42  5 0.0101 0.0037 0.9782 0.0080 
         H43  5 0.0157 0.0045 0.9726 0.0073 
         H44  5 0.1185 0.4350 0.4311 0.0154 
         H45  5 0.0573 0.0225 0.9114 0.0088 
         H46  5 0.0072 0.9822 0.0049 0.0057 
         H47  5 0.0058 0.9834 0.0043 0.0065 
