         H01  1 0.9768 0.0086 0.0022 0.0076 0.0047 
         H02  1 0.9844 0.0052 0.0019 0.0041 0.0045 
         H03  1 0.9881 0.0034 0.0021 0.0028 0.0037 
         H04  1 0.9859 0.0022 0.0026 0.0052 0.0041 
         H05  1 0.9860 0.0043 0.0020 0.0038 0.0039 
         H06  1 0.8182 0.1358 0.0046 0.0192 0.0222 
         H07  1 0.9769 0.0074 0.0039 0.0055 0.0062 
         H08  1 0.9794 0.0079 0.0058 0.0042 0.0027 
         H09  1 0.7861 0.1264 0.0070 0.0414 0.0391 
         H10  1 0.9837 0.0035 0.0046 0.0049 0.0033 
         H11  1 0.9864 0.0068 0.0020 0.0026 0.0021 
         H12  1 0.9856 0.0058 0.0020 0.0034 0.0031 
         H13  1 0.9770 0.0057 0.0107 0.0039 0.0028 
         H14  2 0.0048 0.9027 0.0033 0.0315 0.0577 
         H15  2 0.1518 0.7087 0.0072 0.0458 0.0865 
         H16  2 0.1961 0.6737 0.0055 0.0529 0.0718 
         H17  2 0.0128 0.0430 0.9064 0.0179 0.0200 
         H18  2 0.0048 0.0045 0.9845 0.0024 0.0038 
         H19  2 0.0048 0.0034 0.9863 0.0027 0.0028 
         H20  2 0.0623 0.0522 0.6327 0.0189 0.2339 
         H21  2 0.0192 0.6727 0.0038 0.2862 0.0181 
         H22  2 0.0039 0.0034 0.9875 0.0027 0.0025 
         H23  2 0.0061 0.0058 0.9814 0.0043 0.0025 
         H24  2 0.0047 0.6818 0.0033 0.3018 0.0084 
         H25  2 0.0034 0.0089 0.9471 0.0286 0.0120 
         H26  2 0.0030 0.0031 0.9871 0.0025 0.0043 
         H27  2 0.0027 0.0043 0.9818 0.0031 0.0082 
         H28  2 0.0061 0.0073 0.9714 0.0045 0.0107 
         H29  2 0.0025 0.0038 0.9757 0.0042 0.0138 
         H30  2 0.0205 0.0278 0.9344 0.0072 0.0102 
         H31  3 0.0363 0.8800 0.0036 0.0334 0.0467 
         H32  3 0.0660 0.8061 0.0051 0.0963 0.0265 
         H33  4 0.0042 0.4170 0.1086 0.3621 0.1080 
         H34  4 0.0027 0.0061 0.1723 0.0062 0.8127 
         H35  4 0.0028 0.0661 0.0043 0.0214 0.9054 
         H36  4 0.0097 0.0708 0.1250 0.0671 0.7274 
         H37  4 0.0091 0.0096 0.1569 0.0076 0.8168 
         H38  4 0.0027 0.0523 0.0032 0.0300 0.9118 
         H39  5 0.0036 0.6168 0.0085 0.3180 0.0531 
         H40  5 0.0086 0.1522 0.0378 0.5925 0.2089 
         H41  5 0.0111 0.4035 0.0068 0.5583 0.0202 
         H42  5 0.0157 0.0380 0.0028 0.9175 0.0259 
         H43  5 0.0159 0.0297 0.0025 0.9274 0.0246 
         H44  5 0.3314 0.5055 0.0056 0.0544 0.1031 
         H45  5 0.0212 0.8877 0.0039 0.0195 0.0676 
         H46  5 0.9815 0.0047 0.0050 0.0038 0.0049 
         H47  5 0.9809 0.0038 0.0044 0.0053 0.0056 
