         H01  1 0.0030 0.0048 0.0049 0.0087 0.0091 0.9695 
         H02  1 0.0031 0.0049 0.0060 0.0067 0.0048 0.9745 
         H03  1 0.0032 0.0056 0.0048 0.0060 0.0051 0.9753 
         H04  1 0.0037 0.0055 0.0044 0.0055 0.0065 0.9744 
         H05  1 0.0032 0.0055 0.0051 0.0048 0.0051 0.9763 
         H06  1 0.0038 0.0067 0.0091 0.1731 0.0198 0.7875 
         H07  1 0.0041 0.0062 0.0047 0.0057 0.0059 0.9734 
         H08  1 0.0067 0.0085 0.0067 0.0073 0.0062 0.9646 
         H09  1 0.0085 0.0280 0.0412 0.1208 0.0242 0.7773 
         H10  1 0.0060 0.0060 0.0056 0.0064 0.0062 0.9696 
         H11  1 0.0035 0.0064 0.0053 0.0054 0.0043 0.9750 
         H12  1 0.0032 0.0049 0.0047 0.0049 0.0054 0.9770 
         H13  1 0.0110 0.0061 0.0049 0.0117 0.0061 0.9602 
         H14  2 0.0035 0.0078 0.0087 0.9191 0.0553 0.0056 
         H15  2 0.0107 0.0126 0.0330 0.7784 0.0403 0.1250 
         H16  2 0.0079 0.0126 0.0310 0.7361 0.0484 0.1639 
         H17  2 0.8188 0.0132 0.0140 0.1060 0.0352 0.0128 
         H18  2 0.9693 0.0063 0.0071 0.0059 0.0048 0.0065 
         H19  2 0.9717 0.0065 0.0057 0.0056 0.0044 0.0062 
         H20  2 0.6208 0.0311 0.2022 0.0602 0.0251 0.0608 
         H21  2 0.0035 0.9699 0.0060 0.0063 0.0059 0.0084 
         H22  2 0.9599 0.0107 0.0081 0.0073 0.0077 0.0063 
         H23  2 0.9552 0.0133 0.0080 0.0101 0.0061 0.0074 
         H24  2 0.0034 0.9715 0.0063 0.0053 0.0074 0.0062 
         H25  2 0.9061 0.0099 0.0130 0.0195 0.0461 0.0054 
         H26  2 0.9761 0.0046 0.0052 0.0053 0.0039 0.0050 
         H27  2 0.9694 0.0054 0.0119 0.0051 0.0046 0.0037 
         H28  2 0.9575 0.0055 0.0143 0.0094 0.0057 0.0076 
         H29  2 0.9658 0.0050 0.0119 0.0074 0.0055 0.0044 
         H30  2 0.9125 0.0162 0.0176 0.0202 0.0085 0.0249 
         H31  3 0.0046 0.0087 0.0532 0.8790 0.0137 0.0408 
         H32  3 0.0056 0.0330 0.0196 0.7562 0.1021 0.0836 
         H33  4 0.0860 0.0794 0.1145 0.5207 0.1943 0.0051 
         H34  4 0.0686 0.0041 0.9125 0.0061 0.0051 0.0036 
         H35  4 0.0116 0.0079 0.9494 0.0210 0.0055 0.0046 
         H36  4 0.0716 0.0085 0.7421 0.1437 0.0231 0.0111 
         H37  4 0.0544 0.0054 0.9172 0.0069 0.0045 0.0116 
         H38  4 0.0107 0.0077 0.9513 0.0170 0.0089 0.0044 
         H39  5 0.0119 0.0459 0.0105 0.6911 0.2352 0.0052 
         H40  5 0.0555 0.0518 0.1454 0.2169 0.5242 0.0061 
         H41  5 0.0083 0.1995 0.0079 0.4567 0.3166 0.0108 
         H42  5 0.0039 0.0057 0.0062 0.0370 0.9427 0.0044 
         H43  5 0.0032 0.0060 0.0071 0.0235 0.9550 0.0053 
         H44  5 0.0092 0.0086 0.0841 0.5801 0.0256 0.2924 
         H45  5 0.0051 0.0089 0.0242 0.9167 0.0303 0.0147 
         H46  5 0.0068 0.0046 0.0086 0.0065 0.0061 0.9674 
         H47  5 0.0069 0.0051 0.0074 0.0058 0.0053 0.9697 
