         H01  1 0.9759 0.0020 0.0074 0.0108 0.0021 0.0018 
         H02  1 0.9874 0.0025 0.0022 0.0030 0.0026 0.0023 
         H03  1 0.9888 0.0021 0.0024 0.0026 0.0021 0.0021 
         H04  1 0.9871 0.0025 0.0025 0.0027 0.0026 0.0026 
         H05  1 0.9880 0.0022 0.0024 0.0021 0.0025 0.0029 
         H06  1 0.8130 0.0142 0.0636 0.1025 0.0032 0.0036 
         H07  1 0.9838 0.0039 0.0028 0.0039 0.0036 0.0020 
         H08  1 0.9772 0.0054 0.0039 0.0044 0.0066 0.0024 
         H09  1 0.7840 0.0237 0.0730 0.0836 0.0072 0.0285 
         H10  1 0.9829 0.0026 0.0034 0.0036 0.0048 0.0027 
         H11  1 0.9876 0.0034 0.0026 0.0026 0.0019 0.0020 
         H12  1 0.9887 0.0021 0.0024 0.0027 0.0021 0.0020 
         H13  1 0.9680 0.0044 0.0050 0.0075 0.0122 0.0030 
         H14  2 0.0048 0.0132 0.3136 0.6600 0.0029 0.0054 
         H15  2 0.1173 0.0660 0.2298 0.5780 0.0057 0.0032 
         H16  2 0.1489 0.0601 0.2170 0.5662 0.0049 0.0028 
         H17  2 0.0104 0.0093 0.0292 0.0917 0.8499 0.0094 
         H18  2 0.0048 0.0021 0.0026 0.0033 0.9832 0.0041 
         H19  2 0.0041 0.0032 0.0030 0.0034 0.9831 0.0032 
         H20  2 0.0615 0.0384 0.0251 0.0473 0.6034 0.2244 
         H21  2 0.0048 0.9294 0.0179 0.0109 0.0021 0.0350 
         H22  2 0.0038 0.0042 0.0033 0.0040 0.9821 0.0025 
         H23  2 0.0047 0.0054 0.0037 0.0047 0.9780 0.0034 
         H24  2 0.0023 0.9077 0.0223 0.0390 0.0027 0.0259 
         H25  2 0.0028 0.0046 0.0224 0.0281 0.9290 0.0132 
         H26  2 0.0032 0.0029 0.0030 0.0037 0.9835 0.0037 
         H27  2 0.0021 0.0039 0.0037 0.0033 0.9803 0.0067 
         H28  2 0.0052 0.0035 0.0056 0.0073 0.9674 0.0111 
         H29  2 0.0022 0.0021 0.0041 0.0041 0.9702 0.0174 
         H30  2 0.0171 0.0126 0.0155 0.0476 0.8916 0.0156 
         H31  3 0.0283 0.0314 0.2392 0.6570 0.0030 0.0412 
         H32  3 0.0582 0.0747 0.2392 0.6160 0.0043 0.0077 
         H33  4 0.0036 0.0492 0.4572 0.4058 0.0551 0.0290 
         H34  4 0.0027 0.0107 0.0059 0.0080 0.0173 0.9554 
         H35  4 0.0026 0.0035 0.0023 0.0031 0.0026 0.9859 
         H36  4 0.0094 0.0342 0.0962 0.0992 0.0329 0.7281 
         H37  4 0.0082 0.0092 0.0080 0.0052 0.0070 0.9624 
         H38  4 0.0025 0.0031 0.0024 0.0030 0.0027 0.9862 
         H39  5 0.0029 0.0493 0.3811 0.5466 0.0091 0.0111 
         H40  5 0.0034 0.0969 0.4062 0.3403 0.0197 0.1335 
         H41  5 0.0062 0.1115 0.5307 0.3374 0.0057 0.0085 
         H42  5 0.0030 0.0025 0.6288 0.2757 0.0025 0.0874 
         H43  5 0.0030 0.0043 0.5739 0.3278 0.0024 0.0886 
         H44  5 0.3361 0.0245 0.2454 0.3047 0.0046 0.0849 
         H45  5 0.0190 0.0120 0.2714 0.6906 0.0031 0.0038 
         H46  5 0.9824 0.0023 0.0035 0.0036 0.0043 0.0040 
         H47  5 0.9815 0.0028 0.0036 0.0035 0.0044 0.0043 
