         H01  1 0.0030 0.0052 0.0034 0.0026 0.9737 0.0098 0.0024 
         H02  1 0.0029 0.0031 0.0021 0.0021 0.9853 0.0023 0.0021 
         H03  1 0.0023 0.0027 0.0019 0.0020 0.9864 0.0026 0.0021 
         H04  1 0.0025 0.0025 0.0020 0.0026 0.9852 0.0027 0.0024 
         H05  1 0.0024 0.0023 0.0021 0.0018 0.9859 0.0028 0.0026 
         H06  1 0.0036 0.1633 0.0066 0.0119 0.7887 0.0221 0.0040 
         H07  1 0.0047 0.0034 0.0022 0.0023 0.9818 0.0026 0.0030 
         H08  1 0.0043 0.0056 0.0030 0.0028 0.9716 0.0064 0.0064 
         H09  1 0.0150 0.0967 0.0325 0.0211 0.7732 0.0554 0.0061 
         H10  1 0.0026 0.0036 0.0028 0.0026 0.9788 0.0046 0.0050 
         H11  1 0.0027 0.0029 0.0022 0.0022 0.9851 0.0028 0.0021 
         H12  1 0.0023 0.0027 0.0023 0.0024 0.9862 0.0022 0.0020 
         H13  1 0.0026 0.0064 0.0028 0.0032 0.9684 0.0056 0.0111 
         H14  2 0.0022 0.8752 0.0038 0.0542 0.0048 0.0570 0.0028 
         H15  2 0.0053 0.3984 0.0032 0.0280 0.1148 0.4437 0.0066 
         H16  2 0.0060 0.3751 0.0031 0.0290 0.1432 0.4394 0.0043 
         H17  2 0.0074 0.1098 0.0092 0.0284 0.0095 0.0697 0.7660 
         H18  2 0.0023 0.0033 0.0028 0.0024 0.0039 0.0035 0.9818 
         H19  2 0.0031 0.0033 0.0022 0.0020 0.0047 0.0043 0.9804 
         H20  2 0.0157 0.1324 0.2553 0.0053 0.0430 0.0517 0.4966 
         H21  2 0.9790 0.0025 0.0037 0.0021 0.0082 0.0023 0.0021 
         H22  2 0.0038 0.0031 0.0026 0.0025 0.0059 0.0039 0.9781 
         H23  2 0.0056 0.0044 0.0027 0.0033 0.0076 0.0038 0.9725 
         H24  2 0.9869 0.0021 0.0018 0.0020 0.0027 0.0024 0.0021 
         H25  2 0.0026 0.0170 0.0093 0.0475 0.0031 0.0622 0.8583 
         H26  2 0.0025 0.0026 0.0027 0.0020 0.0030 0.0053 0.9818 
         H27  2 0.0039 0.0046 0.0069 0.0027 0.0025 0.0057 0.9738 
         H28  2 0.0029 0.0057 0.0124 0.0037 0.0047 0.0090 0.9617 
         H29  2 0.0019 0.0061 0.0128 0.0045 0.0022 0.0102 0.9622 
         H30  2 0.0149 0.0267 0.0132 0.0041 0.0202 0.0276 0.8932 
         H31  3 0.0087 0.4172 0.1209 0.0416 0.0246 0.3836 0.0034 
         H32  3 0.0218 0.6028 0.0072 0.0295 0.0669 0.2677 0.0040 
         H33  4 0.0359 0.4560 0.0342 0.1354 0.0043 0.2629 0.0714 
         H34  4 0.0020 0.0045 0.5883 0.0075 0.0021 0.3863 0.0093 
         H35  4 0.0019 0.0027 0.9848 0.0022 0.0025 0.0034 0.0023 
         H36  4 0.0048 0.0842 0.5021 0.0070 0.0074 0.3719 0.0227 
         H37  4 0.0022 0.0046 0.6189 0.0026 0.0066 0.3600 0.0051 
         H38  4 0.0020 0.0028 0.9845 0.0026 0.0030 0.0032 0.0018 
         H39  5 0.0252 0.6239 0.0057 0.1545 0.0037 0.1805 0.0064 
         H40  5 0.0589 0.1693 0.1491 0.3648 0.0040 0.2253 0.0286 
         H41  5 0.1324 0.4931 0.0132 0.2387 0.0060 0.1104 0.0063 
         H42  5 0.0016 0.0089 0.0029 0.9797 0.0023 0.0025 0.0021 
         H43  5 0.0022 0.0113 0.0033 0.9763 0.0023 0.0026 0.0019 
         H44  5 0.0021 0.5206 0.0714 0.0190 0.2972 0.0838 0.0058 
         H45  5 0.0048 0.9564 0.0055 0.0059 0.0153 0.0089 0.0032 
         H46  5 0.0020 0.0040 0.0041 0.0037 0.9766 0.0056 0.0040 
         H47  5 0.0022 0.0041 0.0046 0.0041 0.9770 0.0039 0.0041 
