         H01  1 0.0022 0.0076 0.0041 0.9736 0.0021 0.0039 0.0066 
         H02  1 0.0019 0.0031 0.0026 0.9847 0.0023 0.0023 0.0030 
         H03  1 0.0020 0.0023 0.0021 0.9875 0.0018 0.0021 0.0021 
         H04  1 0.0025 0.0022 0.0023 0.9868 0.0020 0.0021 0.0022 
         H05  1 0.0021 0.0026 0.0020 0.9861 0.0025 0.0020 0.0027 
         H06  1 0.0026 0.0755 0.0370 0.7536 0.0030 0.0130 0.1154 
         H07  1 0.0020 0.0034 0.0035 0.9817 0.0032 0.0023 0.0039 
         H08  1 0.0023 0.0040 0.0062 0.9731 0.0079 0.0026 0.0039 
         H09  1 0.0272 0.0644 0.0551 0.7645 0.0070 0.0134 0.0685 
         H10  1 0.0029 0.0035 0.0031 0.9786 0.0052 0.0034 0.0034 
         H11  1 0.0018 0.0032 0.0028 0.9848 0.0025 0.0022 0.0028 
         H12  1 0.0019 0.0025 0.0026 0.9867 0.0018 0.0022 0.0023 
         H13  1 0.0025 0.0054 0.0042 0.9703 0.0096 0.0028 0.0051 
         H14  2 0.0034 0.3858 0.1299 0.0038 0.0022 0.0901 0.3848 
         H15  2 0.0029 0.2630 0.2315 0.1855 0.0063 0.0646 0.2463 
         H16  2 0.0023 0.2526 0.2330 0.2074 0.0048 0.0600 0.2398 
         H17  2 0.0098 0.0657 0.0328 0.0129 0.8167 0.0153 0.0468 
         H18  2 0.0038 0.0060 0.0025 0.0038 0.9782 0.0021 0.0037 
         H19  2 0.0026 0.0034 0.0033 0.0042 0.9807 0.0026 0.0032 
         H20  2 0.1886 0.0306 0.0511 0.0585 0.6180 0.0146 0.0386 
         H21  2 0.0383 0.1633 0.6555 0.0113 0.0032 0.0307 0.0977 
         H22  2 0.0022 0.0031 0.0039 0.0040 0.9807 0.0030 0.0031 
         H23  2 0.0024 0.0040 0.0057 0.0054 0.9749 0.0036 0.0041 
         H24  2 0.0381 0.1533 0.5833 0.0035 0.0028 0.0523 0.1666 
         H25  2 0.0121 0.0167 0.0136 0.0035 0.9161 0.0267 0.0113 
         H26  2 0.0040 0.0029 0.0028 0.0033 0.9820 0.0021 0.0028 
         H27  2 0.0095 0.0044 0.0041 0.0023 0.9723 0.0029 0.0045 
         H28  2 0.0138 0.0043 0.0053 0.0060 0.9616 0.0030 0.0061 
         H29  2 0.0143 0.0030 0.0029 0.0022 0.9709 0.0028 0.0040 
         H30  2 0.0109 0.0183 0.0148 0.0160 0.9074 0.0082 0.0245 
         H31  3 0.0110 0.2912 0.1577 0.0365 0.0026 0.0692 0.4317 
         H32  3 0.0058 0.3107 0.1697 0.0482 0.0033 0.0861 0.3761 
         H33  4 0.0883 0.3470 0.1477 0.0030 0.0542 0.0501 0.3098 
         H34  4 0.9692 0.0047 0.0028 0.0021 0.0136 0.0024 0.0051 
         H35  4 0.9857 0.0029 0.0021 0.0028 0.0021 0.0024 0.0022 
         H36  4 0.7016 0.0976 0.0476 0.0090 0.0305 0.0381 0.0756 
         H37  4 0.9772 0.0042 0.0028 0.0063 0.0034 0.0024 0.0038 
         H38  4 0.9849 0.0023 0.0022 0.0028 0.0026 0.0027 0.0026 
         H39  5 0.0036 0.4183 0.2137 0.0035 0.0063 0.0964 0.2584 
         H40  5 0.1216 0.1907 0.1665 0.0031 0.0264 0.2651 0.2267 
         H41  5 0.0032 0.3957 0.1648 0.0082 0.0037 0.0976 0.3268 
         H42  5 0.0027 0.0618 0.0718 0.0023 0.0018 0.8398 0.0198 
         H43  5 0.0026 0.0719 0.0474 0.0028 0.0020 0.8220 0.0512 
         H44  5 0.0282 0.1734 0.1092 0.3076 0.0048 0.0370 0.3398 
         H45  5 0.0037 0.3667 0.1698 0.0179 0.0033 0.0519 0.3866 
         H46  5 0.0048 0.0037 0.0031 0.9774 0.0035 0.0038 0.0037 
         H47  5 0.0058 0.0035 0.0025 0.9783 0.0038 0.0028 0.0033 
