         H01  1 0.0018 0.0019 0.0216 0.0034 0.0081 0.9631 
         H02  1 0.0021 0.0024 0.0037 0.0020 0.0025 0.9872 
         H03  1 0.0019 0.0023 0.0032 0.0024 0.0025 0.9877 
         H04  1 0.0024 0.0022 0.0026 0.0026 0.0021 0.9881 
         H05  1 0.0022 0.0026 0.0028 0.0023 0.0027 0.9875 
         H06  1 0.0045 0.0074 0.0218 0.0274 0.1486 0.7904 
         H07  1 0.0030 0.0025 0.0046 0.0022 0.0033 0.9844 
         H08  1 0.0084 0.0025 0.0063 0.0029 0.0045 0.9754 
         H09  1 0.0067 0.0464 0.0800 0.0185 0.0628 0.7856 
         H10  1 0.0054 0.0027 0.0069 0.0032 0.0034 0.9785 
         H11  1 0.0021 0.0025 0.0035 0.0020 0.0032 0.9867 
         H12  1 0.0019 0.0024 0.0032 0.0020 0.0022 0.9884 
         H13  1 0.0099 0.0027 0.0130 0.0025 0.0069 0.9650 
         H14  2 0.0025 0.0030 0.0061 0.1108 0.8733 0.0042 
         H15  2 0.0049 0.0030 0.9314 0.0031 0.0074 0.0501 
         H16  2 0.0030 0.0030 0.9242 0.0034 0.0078 0.0587 
         H17  2 0.8404 0.0153 0.0266 0.0148 0.0889 0.0139 
         H18  2 0.9847 0.0031 0.0030 0.0027 0.0027 0.0038 
         H19  2 0.9831 0.0027 0.0037 0.0023 0.0036 0.0048 
         H20  2 0.5530 0.3646 0.0150 0.0091 0.0175 0.0409 
         H21  2 0.0045 0.9296 0.0068 0.0039 0.0185 0.0368 
         H22  2 0.9815 0.0037 0.0029 0.0032 0.0031 0.0057 
         H23  2 0.9816 0.0042 0.0032 0.0024 0.0042 0.0045 
         H24  2 0.0042 0.9655 0.0095 0.0056 0.0101 0.0051 
         H25  2 0.9152 0.0165 0.0078 0.0374 0.0199 0.0031 
         H26  2 0.9854 0.0032 0.0033 0.0024 0.0025 0.0032 
         H27  2 0.9797 0.0078 0.0026 0.0035 0.0042 0.0023 
         H28  2 0.9674 0.0114 0.0072 0.0031 0.0061 0.0048 
         H29  2 0.9747 0.0109 0.0038 0.0028 0.0057 0.0021 
         H30  2 0.8695 0.0277 0.0469 0.0057 0.0341 0.0160 
         H31  3 0.0032 0.0085 0.8502 0.0232 0.0991 0.0158 
         H32  3 0.0047 0.0184 0.2881 0.0751 0.5363 0.0774 
         H33  4 0.0385 0.2100 0.0710 0.0955 0.5818 0.0032 
         H34  4 0.0200 0.9629 0.0036 0.0049 0.0056 0.0031 
         H35  4 0.0029 0.9840 0.0036 0.0029 0.0041 0.0025 
         H36  4 0.0161 0.8491 0.0107 0.0616 0.0560 0.0065 
         H37  4 0.0071 0.9734 0.0028 0.0030 0.0054 0.0083 
         H38  4 0.0028 0.9840 0.0038 0.0027 0.0041 0.0026 
         H39  5 0.0096 0.0135 0.0863 0.1482 0.7385 0.0039 
         H40  5 0.0153 0.6257 0.0143 0.2730 0.0674 0.0042 
         H41  5 0.0066 0.0140 0.0082 0.2020 0.7626 0.0065 
         H42  5 0.0022 0.0027 0.0030 0.9281 0.0617 0.0024 
         H43  5 0.0020 0.0024 0.0038 0.9218 0.0677 0.0023 
         H44  5 0.0044 0.0194 0.0524 0.0127 0.7029 0.2082 
         H45  5 0.0034 0.0046 0.0058 0.0530 0.9202 0.0130 
         H46  5 0.0045 0.0039 0.0042 0.0034 0.0034 0.9805 
         H47  5 0.0044 0.0043 0.0049 0.0032 0.0047 0.9786 
