         H01  1 0.0080 0.0022 0.0047 0.0033 0.0183 0.0019 0.9616 
         H02  1 0.0029 0.0020 0.0026 0.0025 0.0026 0.0024 0.9849 
         H03  1 0.0026 0.0021 0.0028 0.0022 0.0027 0.0018 0.9858 
         H04  1 0.0023 0.0021 0.0023 0.0022 0.0025 0.0025 0.9862 
         H05  1 0.0022 0.0022 0.0029 0.0022 0.0026 0.0022 0.9857 
         H06  1 0.0769 0.0042 0.0945 0.0080 0.0388 0.0035 0.7741 
         H07  1 0.0036 0.0019 0.0040 0.0033 0.0054 0.0028 0.9790 
         H08  1 0.0052 0.0022 0.0043 0.0039 0.0061 0.0067 0.9717 
         H09  1 0.0510 0.0287 0.0375 0.0323 0.0665 0.0065 0.7774 
         H10  1 0.0045 0.0028 0.0027 0.0031 0.0048 0.0054 0.9767 
         H11  1 0.0029 0.0021 0.0025 0.0025 0.0039 0.0024 0.9836 
         H12  1 0.0035 0.0021 0.0025 0.0025 0.0033 0.0021 0.9841 
         H13  1 0.0092 0.0025 0.0058 0.0030 0.0100 0.0081 0.9614 
         H14  2 0.4504 0.0038 0.4043 0.0031 0.1321 0.0025 0.0038 
         H15  2 0.2676 0.0070 0.0478 0.0314 0.5939 0.0054 0.0468 
         H16  2 0.2763 0.0027 0.0497 0.0234 0.5834 0.0026 0.0619 
         H17  2 0.0750 0.0069 0.0747 0.0157 0.0648 0.7536 0.0093 
         H18  2 0.0032 0.0045 0.0028 0.0022 0.0025 0.9805 0.0043 
         H19  2 0.0036 0.0028 0.0031 0.0025 0.0029 0.9808 0.0043 
         H20  2 0.0500 0.2499 0.1137 0.0144 0.0682 0.4564 0.0473 
         H21  2 0.0064 0.0060 0.0104 0.9440 0.0102 0.0037 0.0193 
         H22  2 0.0040 0.0025 0.0037 0.0038 0.0033 0.9770 0.0058 
         H23  2 0.0037 0.0028 0.0048 0.0058 0.0043 0.9740 0.0046 
         H24  2 0.0073 0.0024 0.0066 0.9715 0.0053 0.0027 0.0043 
         H25  2 0.0235 0.0110 0.0748 0.0253 0.0125 0.8500 0.0028 
         H26  2 0.0034 0.0040 0.0031 0.0022 0.0030 0.9809 0.0034 
         H27  2 0.0037 0.0066 0.0032 0.0041 0.0029 0.9765 0.0030 
         H28  2 0.0070 0.0123 0.0053 0.0033 0.0071 0.9601 0.0049 
         H29  2 0.0044 0.0137 0.0080 0.0032 0.0043 0.9639 0.0024 
         H30  2 0.0281 0.0158 0.0146 0.0108 0.0248 0.8895 0.0164 
         H31  3 0.1852 0.0264 0.0927 0.0037 0.6735 0.0027 0.0158 
         H32  3 0.2552 0.0173 0.1989 0.0217 0.4425 0.0049 0.0595 
         H33  4 0.3307 0.0669 0.1883 0.2671 0.0294 0.1129 0.0047 
         H34  4 0.0036 0.9615 0.0039 0.0059 0.0035 0.0187 0.0028 
         H35  4 0.0026 0.9810 0.0025 0.0018 0.0075 0.0022 0.0025 
         H36  4 0.0700 0.8017 0.0494 0.0164 0.0406 0.0128 0.0091 
         H37  4 0.0034 0.9682 0.0041 0.0026 0.0031 0.0126 0.0061 
         H38  4 0.0026 0.9791 0.0032 0.0023 0.0075 0.0028 0.0025 
         H39  5 0.1624 0.0056 0.3263 0.2712 0.2187 0.0124 0.0034 
         H40  5 0.1696 0.1699 0.2170 0.3990 0.0190 0.0221 0.0034 
         H41  5 0.2514 0.0036 0.1357 0.5844 0.0136 0.0047 0.0066 
         H42  5 0.0055 0.0030 0.2931 0.6905 0.0026 0.0027 0.0026 
         H43  5 0.0051 0.0034 0.2951 0.6877 0.0044 0.0021 0.0022 
         H44  5 0.4217 0.0458 0.2125 0.0068 0.0662 0.0066 0.2404 
         H45  5 0.5069 0.0038 0.4314 0.0051 0.0368 0.0034 0.0128 
         H46  5 0.0034 0.0046 0.0035 0.0031 0.0038 0.0037 0.9778 
         H47  5 0.0042 0.0047 0.0034 0.0033 0.0042 0.0034 0.9768 
