         H01  1 0.0031 0.9748 0.0080 0.0029 0.0044 0.0041 0.0028 
         H02  1 0.0023 0.9853 0.0031 0.0021 0.0027 0.0022 0.0023 
         H03  1 0.0023 0.9868 0.0022 0.0019 0.0026 0.0022 0.0020 
         H04  1 0.0023 0.9862 0.0025 0.0022 0.0023 0.0022 0.0022 
         H05  1 0.0022 0.9862 0.0023 0.0023 0.0026 0.0023 0.0021 
         H06  1 0.0037 0.7505 0.1090 0.0050 0.1209 0.0048 0.0061 
         H07  1 0.0033 0.9809 0.0031 0.0021 0.0029 0.0023 0.0054 
         H08  1 0.0073 0.9719 0.0045 0.0027 0.0055 0.0026 0.0055 
         H09  1 0.0094 0.7654 0.0866 0.0301 0.0739 0.0074 0.0272 
         H10  1 0.0045 0.9807 0.0032 0.0025 0.0038 0.0028 0.0025 
         H11  1 0.0026 0.9844 0.0036 0.0020 0.0024 0.0022 0.0028 
         H12  1 0.0019 0.9861 0.0023 0.0024 0.0022 0.0029 0.0021 
         H13  1 0.0078 0.9707 0.0067 0.0024 0.0058 0.0025 0.0041 
         H14  2 0.0028 0.0038 0.5249 0.0054 0.3984 0.0134 0.0514 
         H15  2 0.0073 0.0941 0.4298 0.0328 0.4235 0.0037 0.0088 
         H16  2 0.0070 0.1111 0.3771 0.0261 0.4583 0.0056 0.0148 
         H17  2 0.8120 0.0106 0.0563 0.0090 0.0684 0.0102 0.0335 
         H18  2 0.9806 0.0033 0.0042 0.0041 0.0033 0.0021 0.0023 
         H19  2 0.9747 0.0045 0.0037 0.0070 0.0041 0.0024 0.0035 
         H20  2 0.6047 0.0416 0.0447 0.2113 0.0600 0.0128 0.0250 
         H21  2 0.0026 0.0052 0.0350 0.0155 0.0273 0.0027 0.9117 
         H22  2 0.9782 0.0044 0.0038 0.0027 0.0039 0.0024 0.0045 
         H23  2 0.9738 0.0051 0.0044 0.0036 0.0048 0.0025 0.0059 
         H24  2 0.0026 0.0024 0.0504 0.0062 0.0118 0.0029 0.9237 
         H25  2 0.8722 0.0022 0.0275 0.0131 0.0140 0.0565 0.0146 
         H26  2 0.9737 0.0031 0.0048 0.0040 0.0048 0.0021 0.0075 
         H27  2 0.9711 0.0029 0.0032 0.0100 0.0054 0.0034 0.0040 
         H28  2 0.9615 0.0047 0.0073 0.0129 0.0047 0.0036 0.0053 
         H29  2 0.9682 0.0020 0.0054 0.0129 0.0055 0.0038 0.0023 
         H30  2 0.8874 0.0167 0.0253 0.0225 0.0314 0.0063 0.0104 
         H31  3 0.0039 0.0302 0.4642 0.0218 0.4614 0.0053 0.0133 
         H32  3 0.0073 0.0387 0.4790 0.0194 0.4070 0.0115 0.0370 
         H33  4 0.0487 0.0038 0.3250 0.0899 0.4454 0.0145 0.0728 
         H34  4 0.0656 0.0021 0.0049 0.9163 0.0055 0.0031 0.0024 
         H35  4 0.0028 0.0028 0.0090 0.9693 0.0083 0.0027 0.0052 
         H36  4 0.0211 0.0065 0.0987 0.7431 0.0937 0.0217 0.0151 
         H37  4 0.0509 0.0079 0.0042 0.9242 0.0050 0.0030 0.0048 
         H38  4 0.0026 0.0022 0.0142 0.9714 0.0035 0.0027 0.0035 
         H39  5 0.0078 0.0033 0.4997 0.0056 0.3522 0.0522 0.0792 
         H40  5 0.0170 0.0033 0.2077 0.1463 0.2703 0.2943 0.0611 
         H41  5 0.0049 0.0067 0.4156 0.0134 0.3112 0.1092 0.1391 
         H42  5 0.0025 0.0024 0.0022 0.0030 0.0026 0.9851 0.0022 
         H43  5 0.0021 0.0021 0.0031 0.0030 0.0031 0.9843 0.0023 
         H44  5 0.0083 0.2247 0.3896 0.0273 0.3197 0.0130 0.0174 
         H45  5 0.0050 0.0111 0.4698 0.0068 0.4089 0.0210 0.0773 
         H46  5 0.0038 0.9805 0.0032 0.0040 0.0029 0.0029 0.0026 
         H47  5 0.0045 0.9798 0.0030 0.0038 0.0028 0.0036 0.0026 
