         H01  1 0.0023 0.9892 0.0059 0.0026 
         H02  1 0.0026 0.9920 0.0030 0.0025 
         H03  1 0.0022 0.9926 0.0027 0.0025 
         H04  1 0.0024 0.9923 0.0025 0.0028 
         H05  1 0.0027 0.9923 0.0024 0.0026 
         H06  1 0.0036 0.7924 0.1914 0.0126 
         H07  1 0.0031 0.9901 0.0040 0.0028 
         H08  1 0.0095 0.9824 0.0048 0.0032 
         H09  1 0.0069 0.8150 0.1141 0.0639 
         H10  1 0.0050 0.9886 0.0031 0.0034 
         H11  1 0.0024 0.9919 0.0034 0.0023 
         H12  1 0.0019 0.9928 0.0027 0.0026 
         H13  1 0.0079 0.9815 0.0078 0.0028 
         H14  2 0.0035 0.0049 0.9872 0.0045 
         H15  2 0.0084 0.2760 0.7083 0.0072 
         H16  2 0.0055 0.3183 0.6668 0.0094 
         H17  2 0.9178 0.0158 0.0527 0.0136 
         H18  2 0.9887 0.0041 0.0039 0.0034 
         H19  2 0.9888 0.0050 0.0034 0.0028 
         H20  2 0.6091 0.0436 0.0255 0.3218 
         H21  2 0.0051 0.0370 0.0129 0.9450 
         H22  2 0.9870 0.0057 0.0042 0.0031 
         H23  2 0.9848 0.0068 0.0042 0.0041 
         H24  2 0.0043 0.0051 0.0087 0.9819 
         H25  2 0.9655 0.0036 0.0140 0.0168 
         H26  2 0.9895 0.0039 0.0036 0.0029 
         H27  2 0.9849 0.0025 0.0048 0.0078 
         H28  2 0.9801 0.0058 0.0065 0.0076 
         H29  2 0.9865 0.0027 0.0045 0.0062 
         H30  2 0.9179 0.0247 0.0264 0.0310 
         H31  3 0.0038 0.0543 0.9300 0.0118 
         H32  3 0.0050 0.0694 0.9012 0.0245 
         H33  4 0.0535 0.0043 0.4170 0.5252 
         H34  4 0.1055 0.0025 0.0068 0.8851 
         H35  4 0.0037 0.0028 0.0059 0.9875 
         H36  4 0.0391 0.0061 0.0889 0.8658 
         H37  4 0.0620 0.0086 0.0080 0.9214 
         H38  4 0.0033 0.0035 0.0055 0.9877 
         H39  5 0.0097 0.0036 0.9288 0.0579 
         H40  5 0.0134 0.0040 0.2908 0.6919 
         H41  5 0.0057 0.0073 0.9364 0.0506 
         H42  5 0.0027 0.0036 0.8541 0.1397 
         H43  5 0.0032 0.0030 0.8513 0.1426 
         H44  5 0.0058 0.2313 0.7459 0.0170 
         H45  5 0.0037 0.0126 0.9757 0.0080 
         H46  5 0.0049 0.9875 0.0036 0.0040 
         H47  5 0.0059 0.9860 0.0040 0.0041 
