         H01  1 0.0022 0.0025 0.0054 0.9821 0.0078 
         H02  1 0.0027 0.0025 0.0035 0.9882 0.0030 
         H03  1 0.0021 0.0027 0.0025 0.9897 0.0030 
         H04  1 0.0029 0.0030 0.0031 0.9884 0.0026 
         H05  1 0.0032 0.0029 0.0025 0.9886 0.0028 
         H06  1 0.0066 0.0048 0.0180 0.7860 0.1846 
         H07  1 0.0033 0.0028 0.0053 0.9847 0.0039 
         H08  1 0.0064 0.0058 0.0070 0.9765 0.0042 
         H09  1 0.0415 0.0171 0.0638 0.8098 0.0679 
         H10  1 0.0035 0.0052 0.0034 0.9842 0.0036 
         H11  1 0.0026 0.0028 0.0039 0.9879 0.0028 
         H12  1 0.0021 0.0020 0.0027 0.9906 0.0027 
         H13  1 0.0060 0.0059 0.0054 0.9770 0.0056 
         H14  2 0.0036 0.0035 0.0041 0.0065 0.9823 
         H15  2 0.0088 0.0053 0.4594 0.3405 0.1861 
         H16  2 0.0047 0.0040 0.4447 0.3798 0.1668 
         H17  2 0.0098 0.9527 0.0138 0.0081 0.0157 
         H18  2 0.8599 0.1295 0.0025 0.0044 0.0036 
         H19  2 0.8908 0.0936 0.0060 0.0057 0.0039 
         H20  2 0.0110 0.9264 0.0135 0.0398 0.0094 
         H21  2 0.0075 0.0041 0.9730 0.0114 0.0041 
         H22  2 0.0192 0.9688 0.0034 0.0044 0.0043 
         H23  2 0.0248 0.9579 0.0054 0.0053 0.0065 
         H24  2 0.0038 0.0024 0.9863 0.0033 0.0041 
         H25  2 0.0167 0.9543 0.0098 0.0028 0.0164 
         H26  2 0.9825 0.0054 0.0040 0.0036 0.0046 
         H27  2 0.9757 0.0078 0.0079 0.0029 0.0056 
         H28  2 0.0123 0.9728 0.0043 0.0050 0.0056 
         H29  2 0.0272 0.9612 0.0027 0.0027 0.0063 
         H30  2 0.5991 0.3354 0.0235 0.0198 0.0222 
         H31  3 0.0342 0.0084 0.2192 0.0791 0.6591 
         H32  3 0.0246 0.0078 0.2141 0.1435 0.6100 
         H33  4 0.4494 0.0093 0.2122 0.0048 0.3243 
         H34  4 0.7423 0.2417 0.0043 0.0026 0.0091 
         H35  4 0.5599 0.4248 0.0037 0.0036 0.0079 
         H36  4 0.3133 0.4481 0.0222 0.0090 0.2073 
         H37  4 0.7133 0.2593 0.0036 0.0103 0.0135 
         H38  4 0.5616 0.4242 0.0033 0.0039 0.0070 
         H39  5 0.0061 0.0119 0.0295 0.0038 0.9487 
         H40  5 0.0282 0.0981 0.1112 0.0041 0.7584 
         H41  5 0.0072 0.0044 0.2209 0.0123 0.7551 
         H42  5 0.0027 0.0035 0.0032 0.0033 0.9874 
         H43  5 0.0031 0.0039 0.0035 0.0031 0.9864 
         H44  5 0.0202 0.0173 0.0582 0.3131 0.5912 
         H45  5 0.0066 0.0039 0.0596 0.0216 0.9083 
         H46  5 0.0068 0.0040 0.0033 0.9818 0.0042 
         H47  5 0.0092 0.0051 0.0029 0.9782 0.0045 
