         H01  1 0.9898 0.0070 0.0032 
         H02  1 0.9932 0.0037 0.0032 
         H03  1 0.9939 0.0035 0.0026 
         H04  1 0.9928 0.0038 0.0034 
         H05  1 0.9930 0.0030 0.0039 
         H06  1 0.7891 0.2064 0.0045 
         H07  1 0.9906 0.0049 0.0045 
         H08  1 0.9866 0.0057 0.0078 
         H09  1 0.8152 0.1548 0.0300 
         H10  1 0.9902 0.0045 0.0053 
         H11  1 0.9929 0.0037 0.0034 
         H12  1 0.9939 0.0034 0.0028 
         H13  1 0.9786 0.0093 0.0121 
         H14  2 0.0078 0.9877 0.0045 
         H15  2 0.2552 0.7359 0.0089 
         H16  2 0.3219 0.6702 0.0079 
         H17  2 0.0137 0.0612 0.9251 
         H18  2 0.0078 0.0043 0.9879 
         H19  2 0.0100 0.0046 0.9855 
         H20  2 0.0810 0.0457 0.8733 
         H21  2 0.0219 0.9704 0.0078 
         H22  2 0.0070 0.0058 0.9872 
         H23  2 0.0092 0.0080 0.9827 
         H24  2 0.0054 0.9894 0.0053 
         H25  2 0.0041 0.0171 0.9788 
         H26  2 0.0058 0.0058 0.9884 
         H27  2 0.0034 0.0048 0.9918 
         H28  2 0.0059 0.0075 0.9866 
         H29  2 0.0034 0.0050 0.9917 
         H30  2 0.0331 0.0333 0.9337 
         H31  3 0.0767 0.9162 0.0071 
         H32  3 0.1171 0.8763 0.0066 
         H33  4 0.0045 0.7792 0.2162 
         H34  4 0.0038 0.0172 0.9790 
         H35  4 0.0045 0.4921 0.5034 
         H36  4 0.0072 0.2541 0.7386 
         H37  4 0.0134 0.0345 0.9521 
         H38  4 0.0039 0.4911 0.5050 
         H39  5 0.0056 0.9851 0.0093 
         H40  5 0.0044 0.8669 0.1288 
         H41  5 0.0107 0.9812 0.0081 
         H42  5 0.0043 0.9910 0.0047 
         H43  5 0.0047 0.9912 0.0041 
         H44  5 0.3710 0.6151 0.0139 
         H45  5 0.0283 0.9663 0.0054 
         H46  5 0.9892 0.0048 0.0060 
         H47  5 0.9885 0.0048 0.0067 
