         H01  1 0.0101 0.0037 0.0104 0.0051 0.0058 0.9649 
         H02  1 0.0052 0.0032 0.0056 0.0051 0.0052 0.9757 
         H03  1 0.0051 0.0028 0.0067 0.0045 0.0047 0.9763 
         H04  1 0.0056 0.0035 0.0055 0.0051 0.0047 0.9756 
         H05  1 0.0054 0.0035 0.0051 0.0049 0.0043 0.9768 
         H06  1 0.1115 0.0037 0.1219 0.0061 0.0089 0.7479 
         H07  1 0.0062 0.0035 0.0067 0.0043 0.0049 0.9743 
         H08  1 0.0076 0.0084 0.0078 0.0062 0.0063 0.9636 
         H09  1 0.0963 0.0065 0.0867 0.0306 0.0339 0.7460 
         H10  1 0.0062 0.0063 0.0070 0.0057 0.0053 0.9696 
         H11  1 0.0057 0.0030 0.0065 0.0048 0.0051 0.9749 
         H12  1 0.0053 0.0029 0.0051 0.0047 0.0043 0.9776 
         H13  1 0.0098 0.0102 0.0099 0.0062 0.0068 0.9572 
         H14  2 0.4845 0.0042 0.4472 0.0511 0.0068 0.0062 
         H15  2 0.4784 0.0081 0.3546 0.0258 0.0153 0.1178 
         H16  2 0.4394 0.0054 0.3433 0.0388 0.0177 0.1554 
         H17  2 0.0764 0.7787 0.0960 0.0148 0.0189 0.0153 
         H18  2 0.0064 0.9710 0.0061 0.0057 0.0047 0.0060 
         H19  2 0.0055 0.9740 0.0049 0.0051 0.0040 0.0064 
         H20  2 0.0865 0.5123 0.0692 0.2596 0.0131 0.0592 
         H21  2 0.0102 0.0047 0.0174 0.0141 0.9288 0.0248 
         H22  2 0.0076 0.9684 0.0063 0.0052 0.0057 0.0069 
         H23  2 0.0080 0.9638 0.0084 0.0059 0.0065 0.0074 
         H24  2 0.0102 0.0048 0.0098 0.0112 0.9571 0.0070 
         H25  2 0.0246 0.9042 0.0211 0.0109 0.0330 0.0062 
         H26  2 0.0047 0.9774 0.0047 0.0049 0.0038 0.0044 
         H27  2 0.0059 0.9710 0.0054 0.0096 0.0043 0.0039 
         H28  2 0.0074 0.9536 0.0088 0.0185 0.0053 0.0064 
         H29  2 0.0061 0.9601 0.0054 0.0202 0.0045 0.0035 
         H30  2 0.0261 0.8884 0.0295 0.0202 0.0148 0.0209 
         H31  3 0.4675 0.0041 0.4413 0.0458 0.0080 0.0334 
         H32  3 0.4590 0.0051 0.4343 0.0162 0.0309 0.0545 
         H33  4 0.3512 0.0750 0.2983 0.0738 0.1958 0.0059 
         H34  4 0.0146 0.0267 0.0211 0.9229 0.0105 0.0042 
         H35  4 0.0142 0.0040 0.0364 0.9320 0.0084 0.0051 
         H36  4 0.0992 0.0285 0.0985 0.7537 0.0106 0.0096 
         H37  4 0.0113 0.0131 0.0166 0.9430 0.0066 0.0094 
         H38  4 0.0080 0.0042 0.0393 0.9357 0.0081 0.0048 
         H39  5 0.3735 0.0095 0.3847 0.0109 0.2150 0.0065 
         H40  5 0.0456 0.0288 0.1052 0.2184 0.5957 0.0063 
         H41  5 0.0672 0.0087 0.1033 0.0095 0.7980 0.0132 
         H42  5 0.0104 0.0040 0.0110 0.0075 0.9620 0.0051 
         H43  5 0.0110 0.0037 0.0102 0.0083 0.9613 0.0055 
         H44  5 0.2354 0.0059 0.4112 0.0546 0.0086 0.2844 
         H45  5 0.5067 0.0055 0.4488 0.0153 0.0094 0.0143 
         H46  5 0.0049 0.0062 0.0069 0.0087 0.0062 0.9671 
         H47  5 0.0073 0.0063 0.0058 0.0061 0.0055 0.9690 
