         H01  1 0.0066 0.0125 0.9606 0.0112 0.0091 
         H02  1 0.0087 0.0089 0.9683 0.0077 0.0066 
         H03  1 0.0079 0.0076 0.9665 0.0092 0.0087 
         H04  1 0.0060 0.0084 0.9648 0.0120 0.0088 
         H05  1 0.0075 0.0114 0.9614 0.0106 0.0091 
         H06  1 0.0209 0.1056 0.7624 0.1018 0.0094 
         H07  1 0.0097 0.0100 0.9624 0.0085 0.0092 
         H08  1 0.0088 0.0092 0.9599 0.0099 0.0121 
         H09  1 0.0400 0.1055 0.7604 0.0806 0.0134 
         H10  1 0.0070 0.0085 0.9646 0.0072 0.0128 
         H11  1 0.0074 0.0087 0.9662 0.0101 0.0077 
         H12  1 0.0066 0.0097 0.9658 0.0076 0.0103 
         H13  1 0.0077 0.0114 0.9525 0.0127 0.0157 
         H14  2 0.0224 0.4863 0.0090 0.4708 0.0115 
         H15  2 0.0232 0.4479 0.1660 0.3417 0.0213 
         H16  2 0.0229 0.4364 0.2118 0.3147 0.0142 
         H17  2 0.0505 0.1083 0.0148 0.0781 0.7482 
         H18  2 0.0179 0.0189 0.0086 0.0145 0.9400 
         H19  2 0.0171 0.0136 0.0096 0.0206 0.9390 
         H20  2 0.2203 0.0689 0.0740 0.0618 0.5750 
         H21  2 0.0393 0.4770 0.0228 0.4363 0.0246 
         H22  2 0.0122 0.0171 0.0117 0.0216 0.9373 
         H23  2 0.0165 0.0159 0.0126 0.0194 0.9355 
         H24  2 0.0392 0.4713 0.0114 0.4627 0.0154 
         H25  2 0.0419 0.0485 0.0109 0.0470 0.8517 
         H26  2 0.0176 0.0170 0.0075 0.0149 0.9430 
         H27  2 0.0231 0.0157 0.0093 0.0156 0.9362 
         H28  2 0.0272 0.0169 0.0109 0.0243 0.9207 
         H29  2 0.0289 0.0169 0.0089 0.0221 0.9231 
         H30  2 0.0288 0.0476 0.0291 0.0436 0.8510 
         H31  3 0.0438 0.4412 0.0527 0.4508 0.0115 
         H32  3 0.0173 0.4657 0.0566 0.4355 0.0249 
         H33  4 0.0711 0.3347 0.0091 0.4931 0.0920 
         H34  4 0.8659 0.0201 0.0113 0.0188 0.0839 
         H35  4 0.9236 0.0198 0.0104 0.0170 0.0292 
         H36  4 0.6787 0.1533 0.0144 0.1144 0.0392 
         H37  4 0.8736 0.0220 0.0142 0.0350 0.0551 
         H38  4 0.9209 0.0121 0.0072 0.0332 0.0266 
         H39  5 0.0311 0.4621 0.0067 0.4807 0.0194 
         H40  5 0.1756 0.3770 0.0083 0.3917 0.0475 
         H41  5 0.0432 0.4991 0.0127 0.4320 0.0130 
         H42  5 0.2027 0.3727 0.0080 0.4073 0.0093 
         H43  5 0.1965 0.3893 0.0072 0.3978 0.0091 
         H44  5 0.0735 0.1973 0.3684 0.3485 0.0123 
         H45  5 0.0341 0.4739 0.0303 0.4500 0.0117 
         H46  5 0.0101 0.0082 0.9583 0.0106 0.0128 
         H47  5 0.0091 0.0068 0.9617 0.0113 0.0112 
