         H01  1 0.0059 0.9908 0.0033 
         H02  1 0.0041 0.9922 0.0037 
         H03  1 0.0038 0.9931 0.0031 
         H04  1 0.0038 0.9926 0.0036 
         H05  1 0.0041 0.9922 0.0036 
         H06  1 0.2279 0.7669 0.0052 
         H07  1 0.0058 0.9888 0.0054 
         H08  1 0.0065 0.9843 0.0091 
         H09  1 0.1779 0.7991 0.0230 
         H10  1 0.0058 0.9868 0.0074 
         H11  1 0.0045 0.9920 0.0034 
         H12  1 0.0037 0.9934 0.0029 
         H13  1 0.0086 0.9776 0.0139 
         H14  2 0.9865 0.0083 0.0052 
         H15  2 0.6958 0.2919 0.0123 
         H16  2 0.6321 0.3606 0.0073 
         H17  2 0.1033 0.0190 0.8777 
         H18  2 0.0046 0.0066 0.9889 
         H19  2 0.0056 0.0072 0.9872 
         H20  2 0.0773 0.1205 0.8021 
         H21  2 0.9685 0.0253 0.0062 
         H22  2 0.0061 0.0075 0.9864 
         H23  2 0.0103 0.0082 0.9816 
         H24  2 0.9884 0.0064 0.0052 
         H25  2 0.0261 0.0047 0.9692 
         H26  2 0.0056 0.0059 0.9884 
         H27  2 0.0067 0.0037 0.9896 
         H28  2 0.0080 0.0081 0.9839 
         H29  2 0.0047 0.0033 0.9920 
         H30  2 0.0402 0.0277 0.9321 
         H31  3 0.9083 0.0852 0.0066 
         H32  3 0.8500 0.1425 0.0075 
         H33  4 0.8155 0.0065 0.1780 
         H34  4 0.0898 0.0041 0.9061 
         H35  4 0.9092 0.0052 0.0855 
         H36  4 0.4166 0.0073 0.5761 
         H37  4 0.1538 0.0140 0.8322 
         H38  4 0.9035 0.0061 0.0905 
         H39  5 0.9806 0.0056 0.0138 
         H40  5 0.9144 0.0050 0.0806 
         H41  5 0.9791 0.0123 0.0086 
         H42  5 0.9912 0.0043 0.0045 
         H43  5 0.9913 0.0045 0.0042 
         H44  5 0.6323 0.3518 0.0159 
         H45  5 0.9653 0.0285 0.0062 
         H46  5 0.0049 0.9889 0.0062 
         H47  5 0.0049 0.9872 0.0079 
