         H01  1 0.0295 0.0091 0.0085 0.0107 0.9220 0.0144 0.0057 
         H02  1 0.0113 0.0115 0.0076 0.0085 0.9476 0.0072 0.0063 
         H03  1 0.0191 0.0078 0.0068 0.0065 0.9461 0.0090 0.0046 
         H04  1 0.0122 0.0072 0.0079 0.0085 0.9527 0.0058 0.0058 
         H05  1 0.0144 0.0060 0.0110 0.0077 0.9476 0.0079 0.0055 
         H06  1 0.1351 0.0166 0.0166 0.0112 0.7312 0.0828 0.0064 
         H07  1 0.0134 0.0080 0.0080 0.0085 0.9473 0.0093 0.0055 
         H08  1 0.0139 0.0092 0.0095 0.0172 0.9299 0.0110 0.0093 
         H09  1 0.0848 0.0190 0.0300 0.0333 0.7053 0.1157 0.0118 
         H10  1 0.0131 0.0079 0.0068 0.0083 0.9437 0.0104 0.0097 
         H11  1 0.0122 0.0088 0.0072 0.0087 0.9500 0.0081 0.0050 
         H12  1 0.0155 0.0089 0.0058 0.0093 0.9459 0.0104 0.0042 
         H13  1 0.0142 0.0093 0.0099 0.0079 0.9378 0.0084 0.0126 
         H14  2 0.4335 0.0147 0.0544 0.0075 0.0095 0.4728 0.0076 
         H15  2 0.6277 0.0083 0.0078 0.1734 0.1581 0.0147 0.0100 
         H16  2 0.6244 0.0105 0.0083 0.1654 0.1709 0.0135 0.0070 
         H17  2 0.0494 0.0210 0.1676 0.0164 0.0149 0.1122 0.6185 
         H18  2 0.0077 0.0059 0.0073 0.0063 0.0089 0.0064 0.9576 
         H19  2 0.0084 0.0058 0.0061 0.0077 0.0068 0.0071 0.9581 
         H20  2 0.0262 0.0129 0.3182 0.0211 0.0472 0.0243 0.5501 
         H21  2 0.0096 0.0073 0.0067 0.9507 0.0129 0.0072 0.0056 
         H22  2 0.0072 0.0081 0.0183 0.0100 0.0149 0.0126 0.9290 
         H23  2 0.0124 0.0109 0.0221 0.0108 0.0089 0.0113 0.9236 
         H24  2 0.0068 0.0055 0.0080 0.9555 0.0102 0.0091 0.0049 
         H25  2 0.0297 0.0398 0.1543 0.0080 0.0080 0.0743 0.6859 
         H26  2 0.0059 0.0072 0.0066 0.0069 0.0065 0.0081 0.9587 
         H27  2 0.0066 0.0061 0.0109 0.0086 0.0051 0.0082 0.9545 
         H28  2 0.0122 0.0067 0.1000 0.0087 0.0100 0.0131 0.8492 
         H29  2 0.0125 0.0102 0.1071 0.0073 0.0079 0.0142 0.8408 
         H30  2 0.0345 0.0094 0.0689 0.0174 0.0275 0.0179 0.8242 
         H31  3 0.7938 0.0159 0.0111 0.0102 0.0219 0.1404 0.0067 
         H32  3 0.3715 0.0668 0.0787 0.0251 0.0826 0.3680 0.0073 
         H33  4 0.0598 0.1168 0.1019 0.0514 0.0075 0.5845 0.0781 
         H34  4 0.0054 0.0057 0.7372 0.0067 0.0068 0.0065 0.2316 
         H35  4 0.0075 0.0056 0.8045 0.0078 0.0065 0.0077 0.1605 
         H36  4 0.0503 0.0201 0.6222 0.0115 0.0133 0.1281 0.1546 
         H37  4 0.0056 0.0078 0.7434 0.0061 0.0100 0.0153 0.2118 
         H38  4 0.0083 0.0070 0.8044 0.0073 0.0045 0.0072 0.1613 
         H39  5 0.1420 0.1145 0.0514 0.0332 0.0099 0.6377 0.0113 
         H40  5 0.1445 0.4592 0.1445 0.0731 0.0139 0.0841 0.0807 
         H41  5 0.1078 0.2397 0.0462 0.1292 0.0090 0.4583 0.0097 
         H42  5 0.0110 0.9547 0.0066 0.0089 0.0074 0.0067 0.0047 
         H43  5 0.0188 0.9513 0.0053 0.0055 0.0066 0.0070 0.0054 
         H44  5 0.3644 0.0126 0.0476 0.0119 0.2475 0.3079 0.0082 
         H45  5 0.4096 0.0449 0.0904 0.0107 0.0221 0.4148 0.0075 
         H46  5 0.0112 0.0111 0.0080 0.0097 0.9415 0.0082 0.0103 
         H47  5 0.0140 0.0092 0.0102 0.0087 0.9412 0.0078 0.0089 
