         H01  1 0.0575 0.0565 0.0555 0.0552 0.0541 0.6654 0.0557 
         H02  1 0.0528 0.0524 0.0506 0.0531 0.0513 0.6875 0.0523 
         H03  1 0.0530 0.0530 0.0526 0.0531 0.0539 0.6829 0.0515 
         H04  1 0.0516 0.0526 0.0496 0.0502 0.0514 0.6929 0.0517 
         H05  1 0.0513 0.0508 0.0515 0.0512 0.0521 0.6950 0.0482 
         H06  1 0.1041 0.0744 0.0547 0.1011 0.0523 0.5345 0.0790 
         H07  1 0.0521 0.0558 0.0563 0.0539 0.0542 0.6718 0.0558 
         H08  1 0.0533 0.0547 0.0565 0.0548 0.0543 0.6753 0.0510 
         H09  1 0.0788 0.0936 0.0572 0.0810 0.0630 0.5456 0.0809 
         H10  1 0.0536 0.0519 0.0540 0.0553 0.0539 0.6799 0.0514 
         H11  1 0.0518 0.0527 0.0525 0.0534 0.0542 0.6830 0.0526 
         H12  1 0.0539 0.0524 0.0510 0.0524 0.0532 0.6821 0.0549 
         H13  1 0.0547 0.0545 0.0540 0.0527 0.0567 0.6753 0.0521 
         H14  2 0.2337 0.1210 0.0575 0.2689 0.0547 0.0485 0.2157 
         H15  2 0.1099 0.2098 0.0590 0.1518 0.0571 0.2810 0.1314 
         H16  2 0.0944 0.2169 0.0564 0.1347 0.0561 0.3120 0.1294 
         H17  2 0.0610 0.0662 0.6232 0.0692 0.0599 0.0558 0.0647 
         H18  2 0.0572 0.0559 0.0709 0.0574 0.6479 0.0552 0.0555 
         H19  2 0.0556 0.0581 0.0588 0.0567 0.6595 0.0524 0.0589 
         H20  2 0.0635 0.0668 0.6082 0.0619 0.0587 0.0779 0.0631 
         H21  2 0.1116 0.5030 0.0570 0.0977 0.0563 0.0606 0.1139 
         H22  2 0.0573 0.0550 0.6627 0.0577 0.0582 0.0532 0.0559 
         H23  2 0.0579 0.0576 0.6506 0.0576 0.0652 0.0518 0.0594 
         H24  2 0.1193 0.4927 0.0575 0.1074 0.0564 0.0528 0.1139 
         H25  2 0.0596 0.0639 0.6314 0.0682 0.0656 0.0510 0.0602 
         H26  2 0.0555 0.0582 0.0563 0.0578 0.6650 0.0518 0.0554 
         H27  2 0.0567 0.0611 0.0594 0.0587 0.6571 0.0500 0.0571 
         H28  2 0.0581 0.0554 0.6539 0.0574 0.0618 0.0547 0.0588 
         H29  2 0.0574 0.0581 0.6505 0.0576 0.0659 0.0503 0.0602 
         H30  2 0.0722 0.0697 0.2585 0.0684 0.3946 0.0603 0.0763 
         H31  3 0.2529 0.1367 0.0557 0.1887 0.0552 0.0798 0.2310 
         H32  3 0.2176 0.1249 0.0607 0.1961 0.0576 0.1076 0.2355 
         H33  4 0.1417 0.1853 0.0613 0.1355 0.2661 0.0517 0.1584 
         H34  4 0.0690 0.0635 0.0617 0.0739 0.6131 0.0513 0.0675 
         H35  4 0.2178 0.1245 0.0603 0.2698 0.0638 0.0499 0.2138 
         H36  4 0.2492 0.0914 0.1161 0.2061 0.1106 0.0514 0.1752 
         H37  4 0.0765 0.0658 0.0600 0.0712 0.5959 0.0569 0.0738 
         H38  4 0.1807 0.1276 0.0589 0.2625 0.0633 0.0509 0.2561 
         H39  5 0.2465 0.1123 0.0709 0.2152 0.0572 0.0496 0.2483 
         H40  5 0.2664 0.1426 0.0749 0.1898 0.0612 0.0523 0.2128 
         H41  5 0.2232 0.1480 0.0607 0.2251 0.0586 0.0506 0.2337 
         H42  5 0.1914 0.1253 0.0575 0.2697 0.0560 0.0472 0.2529 
         H43  5 0.2086 0.1168 0.0583 0.2183 0.0554 0.0489 0.2938 
         H44  5 0.1488 0.0687 0.0599 0.1884 0.0580 0.2453 0.2309 
         H45  5 0.2656 0.1172 0.0583 0.1851 0.0579 0.0608 0.2551 
         H46  5 0.0529 0.0523 0.0532 0.0511 0.0563 0.6821 0.0522 
         H47  5 0.0539 0.0530 0.0531 0.0528 0.0546 0.6802 0.0525 
