         H01  1 0.0027 0.0076 0.9897 
         H02  1 0.0031 0.0036 0.9933 
         H03  1 0.0032 0.0032 0.9936 
         H04  1 0.0037 0.0037 0.9926 
         H05  1 0.0033 0.0034 0.9932 
         H06  1 0.0056 0.1688 0.8256 
         H07  1 0.0047 0.0051 0.9902 
         H08  1 0.0080 0.0056 0.9864 
         H09  1 0.0289 0.1513 0.8198 
         H10  1 0.0058 0.0041 0.9900 
         H11  1 0.0037 0.0034 0.9929 
         H12  1 0.0029 0.0035 0.9936 
         H13  1 0.0099 0.0086 0.9816 
         H14  2 0.0049 0.9885 0.0067 
         H15  2 0.0120 0.6299 0.3581 
         H16  2 0.0089 0.5902 0.4010 
         H17  2 0.9229 0.0660 0.0111 
         H18  2 0.9892 0.0049 0.0058 
         H19  2 0.9863 0.0055 0.0082 
         H20  2 0.8885 0.0350 0.0766 
         H21  2 0.0092 0.9671 0.0237 
         H22  2 0.9867 0.0058 0.0075 
         H23  2 0.9823 0.0084 0.0093 
         H24  2 0.0046 0.9879 0.0075 
         H25  2 0.9797 0.0162 0.0042 
         H26  2 0.9899 0.0053 0.0048 
         H27  2 0.9918 0.0044 0.0038 
         H28  2 0.9880 0.0065 0.0056 
         H29  2 0.9922 0.0045 0.0033 
         H30  2 0.9316 0.0405 0.0279 
         H31  3 0.0079 0.8951 0.0970 
         H32  3 0.0087 0.8838 0.1075 
         H33  4 0.1598 0.8344 0.0058 
         H34  4 0.9479 0.0482 0.0039 
         H35  4 0.6813 0.3142 0.0045 
         H36  4 0.7569 0.2347 0.0084 
         H37  4 0.9145 0.0742 0.0113 
         H38  4 0.6835 0.3117 0.0048 
         H39  5 0.0089 0.9858 0.0053 
         H40  5 0.1208 0.8751 0.0042 
         H41  5 0.0067 0.9827 0.0107 
         H42  5 0.0047 0.9914 0.0039 
         H43  5 0.0041 0.9917 0.0042 
         H44  5 0.0391 0.5947 0.3662 
         H45  5 0.0049 0.9638 0.0313 
         H46  5 0.0070 0.0039 0.9890 
         H47  5 0.0067 0.0045 0.9888 
