         H01  1 0.0057 0.9911 0.0033 
         H02  1 0.0042 0.9925 0.0034 
         H03  1 0.0040 0.9928 0.0031 
         H04  1 0.0040 0.9926 0.0033 
         H05  1 0.0043 0.9916 0.0042 
         H06  1 0.1635 0.8158 0.0207 
         H07  1 0.0043 0.9906 0.0051 
         H08  1 0.0053 0.9849 0.0099 
         H09  1 0.1358 0.8415 0.0227 
         H10  1 0.0074 0.9862 0.0064 
         H11  1 0.0040 0.9922 0.0038 
         H12  1 0.0036 0.9932 0.0033 
         H13  1 0.0079 0.9803 0.0118 
         H14  2 0.8789 0.0090 0.1121 
         H15  2 0.4987 0.4239 0.0774 
         H16  2 0.4618 0.4770 0.0613 
         H17  2 0.0450 0.0167 0.9383 
         H18  2 0.0080 0.0070 0.9850 
         H19  2 0.0067 0.0098 0.9835 
         H20  2 0.0952 0.1088 0.7960 
         H21  2 0.8563 0.0325 0.1112 
         H22  2 0.0058 0.0071 0.9872 
         H23  2 0.0084 0.0090 0.9826 
         H24  2 0.8815 0.0083 0.1102 
         H25  2 0.0160 0.0042 0.9798 
         H26  2 0.0059 0.0060 0.9881 
         H27  2 0.0092 0.0041 0.9867 
         H28  2 0.0105 0.0079 0.9817 
         H29  2 0.0065 0.0038 0.9897 
         H30  2 0.0376 0.0386 0.9237 
         H31  3 0.7715 0.1382 0.0903 
         H32  3 0.7445 0.1498 0.1058 
         H33  4 0.8307 0.0068 0.1625 
         H34  4 0.3130 0.0042 0.6828 
         H35  4 0.9809 0.0058 0.0133 
         H36  4 0.5652 0.0091 0.4258 
         H37  4 0.3879 0.0142 0.5979 
         H38  4 0.9820 0.0062 0.0117 
         H39  5 0.8777 0.0072 0.1151 
         H40  5 0.9021 0.0052 0.0927 
         H41  5 0.9208 0.0133 0.0660 
         H42  5 0.9909 0.0047 0.0044 
         H43  5 0.9897 0.0048 0.0055 
         H44  5 0.5669 0.3812 0.0520 
         H45  5 0.8361 0.0578 0.1061 
         H46  5 0.0055 0.9874 0.0071 
         H47  5 0.0063 0.9864 0.0073 
