         H01  1 0.0029 0.9923 0.0048 
         H02  1 0.0036 0.9927 0.0037 
         H03  1 0.0028 0.9933 0.0038 
         H04  1 0.0035 0.9928 0.0037 
         H05  1 0.0032 0.9932 0.0036 
         H06  1 0.0084 0.8057 0.1859 
         H07  1 0.0042 0.9904 0.0055 
         H08  1 0.0079 0.9856 0.0065 
         H09  1 0.0232 0.8275 0.1493 
         H10  1 0.0056 0.9895 0.0049 
         H11  1 0.0037 0.9923 0.0040 
         H12  1 0.0035 0.9932 0.0032 
         H13  1 0.0104 0.9835 0.0061 
         H14  2 0.0184 0.0068 0.9748 
         H15  2 0.0232 0.3159 0.6609 
         H16  2 0.0217 0.3495 0.6288 
         H17  2 0.9157 0.0184 0.0659 
         H18  2 0.9671 0.0068 0.0261 
         H19  2 0.9815 0.0073 0.0112 
         H20  2 0.8056 0.1119 0.0826 
         H21  2 0.0299 0.0235 0.9466 
         H22  2 0.9566 0.0062 0.0372 
         H23  2 0.9588 0.0074 0.0338 
         H24  2 0.0355 0.0062 0.9583 
         H25  2 0.9569 0.0047 0.0383 
         H26  2 0.9709 0.0049 0.0243 
         H27  2 0.9769 0.0035 0.0196 
         H28  2 0.9712 0.0071 0.0217 
         H29  2 0.9755 0.0034 0.0212 
         H30  2 0.9192 0.0376 0.0432 
         H31  3 0.0142 0.0993 0.8865 
         H32  3 0.0220 0.1463 0.8317 
         H33  4 0.1653 0.0066 0.8281 
         H34  4 0.9304 0.0036 0.0660 
         H35  4 0.1226 0.0050 0.8724 
         H36  4 0.5586 0.0077 0.4338 
         H37  4 0.8658 0.0125 0.1218 
         H38  4 0.1188 0.0048 0.8764 
         H39  5 0.0370 0.0056 0.9574 
         H40  5 0.0872 0.0043 0.9085 
         H41  5 0.0357 0.0124 0.9519 
         H42  5 0.0145 0.0040 0.9815 
         H43  5 0.0077 0.0047 0.9876 
         H44  5 0.0209 0.3938 0.5853 
         H45  5 0.0235 0.0495 0.9270 
         H46  5 0.0072 0.9870 0.0058 
         H47  5 0.0070 0.9882 0.0048 
