         H01  1 0.0092 0.9878 0.0030 
         H02  1 0.0040 0.9929 0.0031 
         H03  1 0.0037 0.9931 0.0031 
         H04  1 0.0030 0.9936 0.0033 
         H05  1 0.0031 0.9930 0.0039 
         H06  1 0.2004 0.7940 0.0056 
         H07  1 0.0052 0.9904 0.0044 
         H08  1 0.0053 0.9868 0.0079 
         H09  1 0.1538 0.8316 0.0145 
         H10  1 0.0043 0.9893 0.0063 
         H11  1 0.0040 0.9925 0.0035 
         H12  1 0.0035 0.9931 0.0034 
         H13  1 0.0081 0.9804 0.0115 
         H14  2 0.9897 0.0061 0.0042 
         H15  2 0.5700 0.4201 0.0099 
         H16  2 0.5239 0.4673 0.0088 
         H17  2 0.1000 0.0161 0.8839 
         H18  2 0.0042 0.0062 0.9896 
         H19  2 0.0052 0.0083 0.9865 
         H20  2 0.0840 0.1174 0.7987 
         H21  2 0.9598 0.0327 0.0075 
         H22  2 0.0050 0.0067 0.9883 
         H23  2 0.0066 0.0086 0.9848 
         H24  2 0.9855 0.0086 0.0059 
         H25  2 0.0290 0.0043 0.9666 
         H26  2 0.0048 0.0059 0.9893 
         H27  2 0.0054 0.0034 0.9912 
         H28  2 0.0088 0.0071 0.9841 
         H29  2 0.0044 0.0034 0.9923 
         H30  2 0.0349 0.0336 0.9315 
         H31  3 0.8945 0.1001 0.0054 
         H32  3 0.8367 0.1549 0.0083 
         H33  4 0.8803 0.0047 0.1149 
         H34  4 0.1902 0.0043 0.8056 
         H35  4 0.9804 0.0049 0.0147 
         H36  4 0.6628 0.0080 0.3292 
         H37  4 0.2949 0.0135 0.6916 
         H38  4 0.9817 0.0040 0.0143 
         H39  5 0.9835 0.0061 0.0104 
         H40  5 0.9619 0.0047 0.0334 
         H41  5 0.9776 0.0138 0.0085 
         H42  5 0.9915 0.0042 0.0043 
         H43  5 0.9911 0.0049 0.0040 
         H44  5 0.6170 0.3678 0.0152 
         H45  5 0.9671 0.0285 0.0044 
         H46  5 0.0054 0.9869 0.0077 
         H47  5 0.0051 0.9885 0.0064 
