         H01  1 0.0098 0.9755 0.0031 0.0021 0.0046 0.0017 0.0032 
         H02  1 0.0023 0.9870 0.0018 0.0022 0.0025 0.0019 0.0022 
         H03  1 0.0032 0.9861 0.0019 0.0019 0.0025 0.0019 0.0025 
         H04  1 0.0022 0.9866 0.0022 0.0023 0.0022 0.0021 0.0025 
         H05  1 0.0027 0.9859 0.0021 0.0024 0.0026 0.0022 0.0021 
         H06  1 0.0248 0.7918 0.0091 0.0022 0.1565 0.0036 0.0120 
         H07  1 0.0034 0.9832 0.0025 0.0033 0.0032 0.0019 0.0024 
         H08  1 0.0058 0.9727 0.0043 0.0073 0.0043 0.0024 0.0032 
         H09  1 0.0485 0.7724 0.0103 0.0093 0.0942 0.0321 0.0333 
         H10  1 0.0046 0.9781 0.0040 0.0043 0.0035 0.0025 0.0030 
         H11  1 0.0038 0.9839 0.0021 0.0023 0.0026 0.0025 0.0028 
         H12  1 0.0027 0.9868 0.0020 0.0019 0.0023 0.0020 0.0023 
         H13  1 0.0103 0.9615 0.0058 0.0108 0.0058 0.0024 0.0033 
         H14  2 0.0436 0.0035 0.0033 0.0027 0.9120 0.0041 0.0307 
         H15  2 0.6289 0.0498 0.0113 0.0058 0.2798 0.0028 0.0217 
         H16  2 0.6208 0.0891 0.0036 0.0045 0.2649 0.0027 0.0143 
         H17  2 0.0208 0.0043 0.8640 0.0756 0.0201 0.0039 0.0112 
         H18  2 0.0029 0.0029 0.0053 0.9814 0.0025 0.0029 0.0021 
         H19  2 0.0036 0.0032 0.0043 0.9815 0.0023 0.0032 0.0021 
         H20  2 0.0160 0.0292 0.7881 0.0656 0.0107 0.0842 0.0063 
         H21  2 0.3217 0.0149 0.0139 0.0032 0.0308 0.0043 0.6112 
         H22  2 0.0026 0.0034 0.7306 0.2546 0.0041 0.0021 0.0025 
         H23  2 0.0050 0.0043 0.7210 0.2577 0.0037 0.0048 0.0035 
         H24  2 0.3245 0.0040 0.0149 0.0029 0.0169 0.0021 0.6347 
         H25  2 0.0051 0.0027 0.8295 0.1272 0.0125 0.0060 0.0171 
         H26  2 0.0024 0.0021 0.0035 0.9838 0.0033 0.0028 0.0021 
         H27  2 0.0046 0.0026 0.0060 0.9711 0.0035 0.0063 0.0059 
         H28  2 0.0058 0.0043 0.7524 0.2202 0.0062 0.0082 0.0029 
         H29  2 0.0027 0.0024 0.7582 0.2196 0.0059 0.0085 0.0029 
         H30  2 0.0279 0.0171 0.2926 0.5989 0.0393 0.0134 0.0108 
         H31  3 0.5271 0.0230 0.0284 0.0024 0.3856 0.0153 0.0182 
         H32  3 0.1386 0.1258 0.0919 0.0037 0.4983 0.0070 0.1348 
         H33  4 0.0690 0.0037 0.0661 0.2269 0.3569 0.0406 0.2368 
         H34  4 0.0028 0.0028 0.0038 0.0325 0.0043 0.9508 0.0032 
         H35  4 0.0035 0.0023 0.0028 0.0020 0.0028 0.9845 0.0020 
         H36  4 0.0186 0.0089 0.1379 0.0068 0.1418 0.6653 0.0207 
         H37  4 0.0032 0.0086 0.0028 0.0163 0.0036 0.9631 0.0023 
         H38  4 0.0032 0.0025 0.0025 0.0026 0.0032 0.9837 0.0023 
         H39  5 0.0300 0.0039 0.1129 0.0049 0.4821 0.0039 0.3623 
         H40  5 0.0523 0.0036 0.1991 0.0128 0.1526 0.1082 0.4713 
         H41  5 0.1278 0.0079 0.0109 0.0060 0.2024 0.0032 0.6417 
         H42  5 0.0036 0.0022 0.0048 0.0020 0.0376 0.0032 0.9466 
         H43  5 0.0105 0.0025 0.0054 0.0021 0.0263 0.0026 0.9504 
         H44  5 0.0572 0.3780 0.0121 0.0039 0.4670 0.0629 0.0188 
         H45  5 0.0164 0.0224 0.0311 0.0042 0.8917 0.0033 0.0308 
         H46  5 0.0035 0.9752 0.0047 0.0047 0.0038 0.0048 0.0033 
         H47  5 0.0031 0.9775 0.0032 0.0050 0.0037 0.0045 0.0030 
