         H01  1 0.0036 0.0073 0.9892 
         H02  1 0.0033 0.0045 0.9923 
         H03  1 0.0029 0.0037 0.9934 
         H04  1 0.0036 0.0040 0.9923 
         H05  1 0.0034 0.0036 0.9930 
         H06  1 0.0047 0.1910 0.8043 
         H07  1 0.0041 0.0053 0.9906 
         H08  1 0.0067 0.0064 0.9870 
         H09  1 0.0199 0.1659 0.8142 
         H10  1 0.0059 0.0053 0.9888 
         H11  1 0.0035 0.0040 0.9924 
         H12  1 0.0033 0.0033 0.9934 
         H13  1 0.0111 0.0086 0.9803 
         H14  2 0.0046 0.9891 0.0064 
         H15  2 0.0108 0.7035 0.2857 
         H16  2 0.0075 0.6268 0.3657 
         H17  2 0.8652 0.1142 0.0206 
         H18  2 0.9883 0.0051 0.0066 
         H19  2 0.9868 0.0056 0.0076 
         H20  2 0.7835 0.1000 0.1165 
         H21  2 0.0082 0.9671 0.0248 
         H22  2 0.9879 0.0053 0.0068 
         H23  2 0.9847 0.0070 0.0083 
         H24  2 0.0054 0.9881 0.0065 
         H25  2 0.9622 0.0338 0.0040 
         H26  2 0.9906 0.0040 0.0054 
         H27  2 0.9892 0.0063 0.0045 
         H28  2 0.9819 0.0095 0.0086 
         H29  2 0.9903 0.0064 0.0033 
         H30  2 0.9376 0.0308 0.0317 
         H31  3 0.0053 0.9163 0.0783 
         H32  3 0.0069 0.8577 0.1354 
         H33  4 0.1388 0.8558 0.0054 
         H34  4 0.9181 0.0780 0.0038 
         H35  4 0.0816 0.9123 0.0061 
         H36  4 0.5729 0.4194 0.0078 
         H37  4 0.8581 0.1255 0.0164 
         H38  4 0.0876 0.9073 0.0051 
         H39  5 0.0101 0.9845 0.0053 
         H40  5 0.0643 0.9311 0.0046 
         H41  5 0.0097 0.9763 0.0141 
         H42  5 0.0047 0.9914 0.0039 
         H43  5 0.0041 0.9914 0.0044 
         H44  5 0.0208 0.6038 0.3754 
         H45  5 0.0047 0.9620 0.0332 
         H46  5 0.0074 0.0051 0.9875 
         H47  5 0.0064 0.0056 0.9880 
