         H01  1 0.0037 0.0075 0.9888 
         H02  1 0.0032 0.0034 0.9934 
         H03  1 0.0029 0.0033 0.9938 
         H04  1 0.0034 0.0036 0.9930 
         H05  1 0.0032 0.0038 0.9930 
         H06  1 0.0072 0.2017 0.7911 
         H07  1 0.0046 0.0045 0.9908 
         H08  1 0.0087 0.0066 0.9847 
         H09  1 0.0280 0.1631 0.8089 
         H10  1 0.0061 0.0043 0.9896 
         H11  1 0.0031 0.0045 0.9925 
         H12  1 0.0027 0.0038 0.9934 
         H13  1 0.0120 0.0076 0.9804 
         H14  2 0.0200 0.9722 0.0079 
         H15  2 0.0228 0.6274 0.3498 
         H16  2 0.0167 0.5908 0.3925 
         H17  2 0.9050 0.0747 0.0203 
         H18  2 0.9902 0.0041 0.0057 
         H19  2 0.9882 0.0052 0.0066 
         H20  2 0.8153 0.0647 0.1199 
         H21  2 0.0203 0.9522 0.0275 
         H22  2 0.9874 0.0060 0.0066 
         H23  2 0.9834 0.0077 0.0090 
         H24  2 0.0132 0.9802 0.0066 
         H25  2 0.9736 0.0211 0.0053 
         H26  2 0.9854 0.0092 0.0054 
         H27  2 0.9872 0.0089 0.0039 
         H28  2 0.9768 0.0168 0.0064 
         H29  2 0.9827 0.0143 0.0031 
         H30  2 0.9256 0.0409 0.0335 
         H31  3 0.0097 0.8948 0.0956 
         H32  3 0.0288 0.8413 0.1299 
         H33  4 0.1614 0.8322 0.0063 
         H34  4 0.8581 0.1382 0.0038 
         H35  4 0.1437 0.8517 0.0046 
         H36  4 0.5745 0.4184 0.0071 
         H37  4 0.8012 0.1846 0.0142 
         H38  4 0.1488 0.8468 0.0045 
         H39  5 0.0153 0.9782 0.0064 
         H40  5 0.0977 0.8978 0.0045 
         H41  5 0.0163 0.9712 0.0126 
         H42  5 0.0063 0.9896 0.0041 
         H43  5 0.0047 0.9904 0.0050 
         H44  5 0.0178 0.6146 0.3676 
         H45  5 0.0075 0.9645 0.0280 
         H46  5 0.0065 0.0057 0.9878 
         H47  5 0.0059 0.0046 0.9894 
