         H01  1 0.0022 0.9749 0.0068 0.0043 0.0097 0.0020 
         H02  1 0.0020 0.9822 0.0033 0.0054 0.0046 0.0026 
         H03  1 0.0027 0.9852 0.0040 0.0023 0.0038 0.0020 
         H04  1 0.0031 0.9845 0.0025 0.0047 0.0030 0.0022 
         H05  1 0.0031 0.9840 0.0028 0.0043 0.0031 0.0026 
         H06  1 0.0162 0.7496 0.1549 0.0118 0.0644 0.0031 
         H07  1 0.0030 0.9784 0.0070 0.0032 0.0057 0.0027 
         H08  1 0.0058 0.9585 0.0122 0.0058 0.0101 0.0076 
         H09  1 0.0329 0.7420 0.1036 0.0338 0.0801 0.0076 
         H10  1 0.0060 0.9628 0.0072 0.0069 0.0117 0.0055 
         H11  1 0.0056 0.9748 0.0081 0.0028 0.0065 0.0022 
         H12  1 0.0022 0.9844 0.0041 0.0031 0.0043 0.0019 
         H13  1 0.0042 0.9559 0.0091 0.0060 0.0161 0.0087 
         H14  2 0.0089 0.0058 0.7922 0.0051 0.1855 0.0026 
         H15  2 0.0092 0.0574 0.2347 0.0135 0.6782 0.0070 
         H16  2 0.0047 0.0650 0.2064 0.0124 0.7080 0.0034 
         H17  2 0.0179 0.0131 0.0750 0.0219 0.0209 0.8513 
         H18  2 0.0040 0.0045 0.0039 0.0026 0.0036 0.9814 
         H19  2 0.0025 0.0053 0.0030 0.0025 0.0033 0.9834 
         H20  2 0.2595 0.0480 0.0370 0.0272 0.0258 0.6025 
         H21  2 0.0080 0.0233 0.0181 0.9293 0.0181 0.0033 
         H22  2 0.0023 0.0048 0.0036 0.0054 0.0034 0.9804 
         H23  2 0.0033 0.0055 0.0036 0.0060 0.0043 0.9773 
         H24  2 0.0107 0.0056 0.0192 0.9453 0.0170 0.0023 
         H25  2 0.0093 0.0034 0.0194 0.0205 0.0086 0.9388 
         H26  2 0.0041 0.0030 0.0034 0.0024 0.0030 0.9841 
         H27  2 0.0073 0.0025 0.0036 0.0041 0.0042 0.9784 
         H28  2 0.0117 0.0057 0.0065 0.0038 0.0073 0.9650 
         H29  2 0.0152 0.0024 0.0039 0.0029 0.0036 0.9720 
         H30  2 0.0135 0.0158 0.0237 0.0090 0.0379 0.9002 
         H31  3 0.0089 0.0303 0.4989 0.0097 0.4488 0.0034 
         H32  3 0.0252 0.0593 0.6412 0.0212 0.2488 0.0044 
         H33  4 0.0759 0.0048 0.3800 0.1934 0.2680 0.0779 
         H34  4 0.9216 0.0025 0.0081 0.0044 0.0035 0.0599 
         H35  4 0.9393 0.0051 0.0097 0.0303 0.0117 0.0038 
         H36  4 0.7956 0.0102 0.0827 0.0215 0.0497 0.0403 
         H37  4 0.9307 0.0079 0.0045 0.0090 0.0034 0.0445 
         H38  4 0.9423 0.0070 0.0035 0.0301 0.0123 0.0047 
         H39  5 0.0185 0.0034 0.4528 0.3120 0.2019 0.0114 
         H40  5 0.2197 0.0035 0.1124 0.5883 0.0607 0.0154 
         H41  5 0.0203 0.0071 0.2221 0.6012 0.1441 0.0052 
         H42  5 0.0171 0.0031 0.0151 0.9502 0.0123 0.0023 
         H43  5 0.0193 0.0032 0.0109 0.9466 0.0172 0.0028 
         H44  5 0.0478 0.2499 0.4696 0.0113 0.2158 0.0056 
         H45  5 0.0055 0.0106 0.7731 0.0068 0.2001 0.0040 
         H46  5 0.0047 0.9795 0.0041 0.0032 0.0044 0.0040 
         H47  5 0.0044 0.9784 0.0036 0.0049 0.0049 0.0038 
