         H01  1 0.0041 0.9854 0.0022 0.0057 0.0026 
         H02  1 0.0025 0.9894 0.0022 0.0037 0.0022 
         H03  1 0.0027 0.9904 0.0018 0.0029 0.0021 
         H04  1 0.0028 0.9899 0.0023 0.0025 0.0025 
         H05  1 0.0023 0.9901 0.0024 0.0027 0.0024 
         H06  1 0.0086 0.8000 0.0042 0.1813 0.0060 
         H07  1 0.0040 0.9858 0.0038 0.0042 0.0022 
         H08  1 0.0039 0.9836 0.0054 0.0045 0.0026 
         H09  1 0.0433 0.8230 0.0068 0.0871 0.0398 
         H10  1 0.0023 0.9853 0.0049 0.0041 0.0034 
         H11  1 0.0027 0.9892 0.0023 0.0033 0.0025 
         H12  1 0.0027 0.9897 0.0021 0.0033 0.0021 
         H13  1 0.0032 0.9773 0.0097 0.0067 0.0031 
         H14  2 0.0032 0.0042 0.0031 0.9824 0.0071 
         H15  2 0.0069 0.1406 0.0069 0.8428 0.0028 
         H16  2 0.0119 0.1787 0.0049 0.8002 0.0043 
         H17  2 0.0129 0.0136 0.8517 0.0978 0.0240 
         H18  2 0.0024 0.0041 0.9849 0.0041 0.0046 
         H19  2 0.0027 0.0040 0.9867 0.0035 0.0031 
         H20  2 0.0102 0.0630 0.5776 0.0477 0.3016 
         H21  2 0.9543 0.0262 0.0030 0.0083 0.0082 
         H22  2 0.0029 0.0044 0.9857 0.0043 0.0027 
         H23  2 0.0048 0.0046 0.9827 0.0048 0.0030 
         H24  2 0.9825 0.0053 0.0031 0.0061 0.0031 
         H25  2 0.0325 0.0031 0.9269 0.0165 0.0209 
         H26  2 0.0029 0.0032 0.9870 0.0036 0.0034 
         H27  2 0.0032 0.0026 0.9814 0.0039 0.0088 
         H28  2 0.0038 0.0060 0.9716 0.0073 0.0113 
         H29  2 0.0026 0.0022 0.9751 0.0042 0.0160 
         H30  2 0.0143 0.0210 0.9214 0.0321 0.0112 
         H31  3 0.0049 0.0399 0.0027 0.9290 0.0235 
         H32  3 0.0568 0.0610 0.0050 0.8648 0.0125 
         H33  4 0.2309 0.0043 0.0923 0.5764 0.0962 
         H34  4 0.0037 0.0027 0.0205 0.0046 0.9685 
         H35  4 0.0024 0.0026 0.0029 0.0031 0.9890 
         H36  4 0.0147 0.0097 0.0326 0.0960 0.8469 
         H37  4 0.0026 0.0089 0.0051 0.0065 0.9768 
         H38  4 0.0024 0.0027 0.0023 0.0028 0.9898 
         H39  5 0.4332 0.0039 0.0109 0.5472 0.0048 
         H40  5 0.5296 0.0035 0.0366 0.2524 0.1778 
         H41  5 0.8189 0.0121 0.0073 0.1578 0.0039 
         H42  5 0.9833 0.0034 0.0025 0.0068 0.0039 
         H43  5 0.9828 0.0034 0.0027 0.0070 0.0041 
         H44  5 0.0061 0.2549 0.0057 0.6844 0.0490 
         H45  5 0.0067 0.0152 0.0037 0.9692 0.0053 
         H46  5 0.0039 0.9807 0.0058 0.0038 0.0058 
         H47  5 0.0027 0.9830 0.0049 0.0036 0.0059 
