         H01  1 0.0059 0.0019 0.0132 0.0047 0.9666 0.0048 0.0029 
         H02  1 0.0024 0.0024 0.0055 0.0033 0.9807 0.0035 0.0020 
         H03  1 0.0036 0.0021 0.0039 0.0036 0.9784 0.0042 0.0043 
         H04  1 0.0025 0.0027 0.0042 0.0033 0.9814 0.0029 0.0031 
         H05  1 0.0025 0.0022 0.0025 0.0027 0.9845 0.0025 0.0030 
         H06  1 0.0040 0.0029 0.0539 0.1464 0.7688 0.0150 0.0090 
         H07  1 0.0026 0.0030 0.0041 0.0056 0.9758 0.0054 0.0035 
         H08  1 0.0024 0.0079 0.0079 0.0077 0.9594 0.0085 0.0062 
         H09  1 0.0111 0.0078 0.0767 0.0645 0.7816 0.0182 0.0401 
         H10  1 0.0031 0.0047 0.0045 0.0041 0.9745 0.0043 0.0047 
         H11  1 0.0024 0.0023 0.0038 0.0031 0.9820 0.0028 0.0036 
         H12  1 0.0038 0.0020 0.0035 0.0029 0.9830 0.0024 0.0024 
         H13  1 0.0029 0.0076 0.0104 0.0077 0.9623 0.0064 0.0028 
         H14  2 0.0031 0.0027 0.3402 0.6302 0.0045 0.0039 0.0155 
         H15  2 0.0041 0.0049 0.5679 0.1904 0.0720 0.1575 0.0032 
         H16  2 0.0048 0.0032 0.5984 0.1616 0.0722 0.1528 0.0070 
         H17  2 0.0090 0.8496 0.0553 0.0522 0.0106 0.0084 0.0148 
         H18  2 0.0024 0.9811 0.0035 0.0026 0.0047 0.0022 0.0035 
         H19  2 0.0019 0.9797 0.0039 0.0037 0.0048 0.0032 0.0029 
         H20  2 0.0043 0.5999 0.0351 0.0420 0.0425 0.0232 0.2532 
         H21  2 0.0028 0.0025 0.0244 0.0092 0.0086 0.8384 0.1142 
         H22  2 0.0026 0.9794 0.0037 0.0037 0.0043 0.0036 0.0027 
         H23  2 0.0031 0.9745 0.0041 0.0041 0.0051 0.0062 0.0030 
         H24  2 0.0033 0.0021 0.0262 0.0231 0.0040 0.8400 0.1013 
         H25  2 0.0313 0.9239 0.0110 0.0168 0.0031 0.0039 0.0101 
         H26  2 0.0024 0.9820 0.0031 0.0033 0.0033 0.0028 0.0031 
         H27  2 0.0026 0.9788 0.0032 0.0039 0.0022 0.0037 0.0057 
         H28  2 0.0031 0.9622 0.0075 0.0053 0.0052 0.0048 0.0119 
         H29  2 0.0036 0.9673 0.0043 0.0050 0.0021 0.0023 0.0154 
         H30  2 0.0061 0.9079 0.0311 0.0142 0.0147 0.0175 0.0086 
         H31  3 0.0093 0.0034 0.6194 0.2416 0.0195 0.0866 0.0201 
         H32  3 0.0101 0.0040 0.2485 0.6192 0.0517 0.0362 0.0304 
         H33  4 0.0136 0.1640 0.2208 0.4004 0.0036 0.0720 0.1256 
         H34  4 0.0031 0.0314 0.0133 0.0273 0.0031 0.0024 0.9193 
         H35  4 0.0042 0.0032 0.0365 0.0250 0.0026 0.0030 0.9255 
         H36  4 0.0054 0.0278 0.0747 0.0980 0.0065 0.0074 0.7803 
         H37  4 0.0027 0.0153 0.0332 0.0257 0.0071 0.0031 0.9129 
         H38  4 0.0034 0.0023 0.0308 0.0372 0.0023 0.0029 0.9211 
         H39  5 0.0812 0.0084 0.2370 0.6224 0.0032 0.0262 0.0216 
         H40  5 0.3587 0.0392 0.0944 0.1979 0.0062 0.0654 0.2381 
         H41  5 0.0985 0.0059 0.1832 0.5179 0.0066 0.1468 0.0412 
         H42  5 0.9837 0.0022 0.0038 0.0036 0.0021 0.0023 0.0022 
         H43  5 0.9822 0.0022 0.0041 0.0038 0.0020 0.0030 0.0027 
         H44  5 0.0041 0.0053 0.3231 0.3956 0.2027 0.0238 0.0454 
         H45  5 0.0060 0.0033 0.3502 0.5587 0.0239 0.0172 0.0407 
         H46  5 0.0040 0.0046 0.0034 0.0044 0.9760 0.0026 0.0051 
         H47  5 0.0043 0.0045 0.0033 0.0040 0.9743 0.0038 0.0058 
