         H01  1 0.0031 0.0021 0.0058 0.9866 0.0024 
         H02  1 0.0025 0.0021 0.0029 0.9899 0.0026 
         H03  1 0.0023 0.0019 0.0027 0.9907 0.0024 
         H04  1 0.0020 0.0024 0.0028 0.9904 0.0024 
         H05  1 0.0023 0.0027 0.0026 0.9898 0.0026 
         H06  1 0.0116 0.0033 0.1727 0.7990 0.0134 
         H07  1 0.0032 0.0040 0.0038 0.9857 0.0034 
         H08  1 0.0045 0.0047 0.0049 0.9776 0.0083 
         H09  1 0.0615 0.0232 0.0817 0.8201 0.0134 
         H10  1 0.0037 0.0032 0.0037 0.9840 0.0055 
         H11  1 0.0029 0.0025 0.0028 0.9893 0.0024 
         H12  1 0.0023 0.0021 0.0032 0.9897 0.0027 
         H13  1 0.0039 0.0088 0.0054 0.9759 0.0060 
         H14  2 0.0038 0.0032 0.9826 0.0038 0.0066 
         H15  2 0.1526 0.0088 0.5615 0.2721 0.0050 
         H16  2 0.1611 0.0055 0.5021 0.3243 0.0070 
         H17  2 0.0062 0.0061 0.0313 0.0045 0.9518 
         H18  2 0.0024 0.9738 0.0034 0.0033 0.0171 
         H19  2 0.0025 0.9793 0.0037 0.0047 0.0099 
         H20  2 0.0132 0.0037 0.0203 0.0273 0.9355 
         H21  2 0.9464 0.0039 0.0169 0.0272 0.0056 
         H22  2 0.0025 0.0068 0.0033 0.0035 0.9839 
         H23  2 0.0039 0.0177 0.0057 0.0036 0.9691 
         H24  2 0.9828 0.0034 0.0055 0.0043 0.0040 
         H25  2 0.0237 0.0134 0.0244 0.0030 0.9355 
         H26  2 0.0027 0.9877 0.0029 0.0025 0.0041 
         H27  2 0.0038 0.9820 0.0042 0.0021 0.0080 
         H28  2 0.0035 0.0070 0.0243 0.0039 0.9613 
         H29  2 0.0034 0.0221 0.0235 0.0023 0.9486 
         H30  2 0.0149 0.5820 0.0962 0.0120 0.2949 
         H31  3 0.0067 0.0039 0.9298 0.0473 0.0123 
         H32  3 0.1100 0.0063 0.7549 0.1025 0.0263 
         H33  4 0.4576 0.3924 0.1377 0.0041 0.0081 
         H34  4 0.0045 0.9669 0.0132 0.0025 0.0129 
         H35  4 0.0061 0.0137 0.9651 0.0032 0.0119 
         H36  4 0.0438 0.1482 0.6414 0.0052 0.1614 
         H37  4 0.0058 0.9355 0.0346 0.0112 0.0127 
         H38  4 0.0050 0.0121 0.9658 0.0032 0.0140 
         H39  5 0.4197 0.0057 0.5350 0.0038 0.0357 
         H40  5 0.7132 0.0264 0.1698 0.0037 0.0869 
         H41  5 0.8941 0.0083 0.0730 0.0138 0.0107 
         H42  5 0.9836 0.0024 0.0072 0.0032 0.0036 
         H43  5 0.9815 0.0031 0.0089 0.0029 0.0035 
         H44  5 0.0047 0.0165 0.6533 0.3146 0.0109 
         H45  5 0.0067 0.0047 0.9499 0.0254 0.0134 
         H46  5 0.0037 0.0049 0.0045 0.9826 0.0042 
         H47  5 0.0036 0.0057 0.0054 0.9806 0.0048 
