         H01  1 0.9856 0.0033 0.0037 0.0029 0.0046 
         H02  1 0.9883 0.0031 0.0028 0.0027 0.0031 
         H03  1 0.9899 0.0027 0.0026 0.0023 0.0025 
         H04  1 0.9890 0.0029 0.0023 0.0029 0.0030 
         H05  1 0.9901 0.0022 0.0024 0.0027 0.0026 
         H06  1 0.8200 0.0172 0.0114 0.0051 0.1462 
         H07  1 0.9855 0.0046 0.0026 0.0037 0.0037 
         H08  1 0.9791 0.0067 0.0029 0.0077 0.0037 
         H09  1 0.8013 0.0778 0.0171 0.0107 0.0932 
         H10  1 0.9854 0.0029 0.0029 0.0049 0.0038 
         H11  1 0.9886 0.0037 0.0023 0.0024 0.0029 
         H12  1 0.9893 0.0022 0.0034 0.0025 0.0026 
         H13  1 0.9807 0.0042 0.0034 0.0073 0.0045 
         H14  2 0.0067 0.0357 0.0046 0.0035 0.9495 
         H15  2 0.4041 0.2258 0.0873 0.0100 0.2729 
         H16  2 0.4441 0.2207 0.0793 0.0046 0.2513 
         H17  2 0.0116 0.0100 0.0097 0.9209 0.0478 
         H18  2 0.0047 0.0029 0.0024 0.9864 0.0036 
         H19  2 0.0053 0.0044 0.0021 0.9846 0.0036 
         H20  2 0.0850 0.0276 0.0088 0.7137 0.1648 
         H21  2 0.0111 0.9791 0.0026 0.0030 0.0042 
         H22  2 0.0050 0.0043 0.0028 0.9835 0.0044 
         H23  2 0.0063 0.0064 0.0030 0.9797 0.0046 
         H24  2 0.0038 0.9877 0.0025 0.0028 0.0032 
         H25  2 0.0034 0.0044 0.0278 0.9491 0.0153 
         H26  2 0.0037 0.0035 0.0022 0.9873 0.0033 
         H27  2 0.0029 0.0043 0.0030 0.9847 0.0051 
         H28  2 0.0071 0.0058 0.0036 0.9749 0.0086 
         H29  2 0.0029 0.0027 0.0036 0.9846 0.0061 
         H30  2 0.0263 0.0203 0.0053 0.9211 0.0271 
         H31  3 0.0893 0.0452 0.0086 0.0048 0.8521 
         H32  3 0.1342 0.1667 0.0208 0.0051 0.6733 
         H33  4 0.0047 0.3485 0.0544 0.1791 0.4132 
         H34  4 0.0033 0.0062 0.0058 0.3156 0.6690 
         H35  4 0.0029 0.0048 0.0038 0.0221 0.9663 
         H36  4 0.0054 0.0114 0.0115 0.1240 0.8476 
         H37  4 0.0051 0.0051 0.0039 0.1768 0.8091 
         H38  4 0.0037 0.0044 0.0051 0.0232 0.9637 
         H39  5 0.0037 0.2232 0.1332 0.0109 0.6289 
         H40  5 0.0050 0.0741 0.3648 0.0433 0.5128 
         H41  5 0.0134 0.5826 0.2762 0.0101 0.1177 
         H42  5 0.0022 0.0022 0.9894 0.0029 0.0032 
         H43  5 0.0028 0.0035 0.9885 0.0024 0.0028 
         H44  5 0.3492 0.0113 0.0070 0.0058 0.6266 
         H45  5 0.0300 0.1281 0.0097 0.0046 0.8275 
         H46  5 0.9851 0.0023 0.0037 0.0044 0.0045 
         H47  5 0.9838 0.0035 0.0042 0.0041 0.0044 
