         H01  1 0.0076 0.0065 0.0093 0.9417 0.0065 0.0057 0.0227 
         H02  1 0.0053 0.0052 0.0058 0.9665 0.0052 0.0052 0.0068 
         H03  1 0.0057 0.0051 0.0056 0.9672 0.0051 0.0055 0.0058 
         H04  1 0.0055 0.0048 0.0057 0.9679 0.0050 0.0051 0.0060 
         H05  1 0.0049 0.0054 0.0055 0.9684 0.0048 0.0054 0.0056 
         H06  1 0.0076 0.0127 0.1418 0.7626 0.0082 0.0078 0.0593 
         H07  1 0.0053 0.0051 0.0067 0.9614 0.0066 0.0078 0.0071 
         H08  1 0.0063 0.0062 0.0093 0.9488 0.0108 0.0083 0.0103 
         H09  1 0.0192 0.0300 0.0753 0.7563 0.0099 0.0205 0.0889 
         H10  1 0.0060 0.0067 0.0066 0.9587 0.0072 0.0060 0.0088 
         H11  1 0.0056 0.0056 0.0060 0.9636 0.0053 0.0068 0.0071 
         H12  1 0.0055 0.0051 0.0058 0.9664 0.0059 0.0048 0.0065 
         H13  1 0.0069 0.0056 0.0097 0.9432 0.0129 0.0070 0.0147 
         H14  2 0.0378 0.0169 0.8592 0.0077 0.0097 0.0072 0.0615 
         H15  2 0.0183 0.0096 0.0258 0.0762 0.0117 0.0276 0.8307 
         H16  2 0.0098 0.0084 0.0508 0.0925 0.0091 0.0263 0.8031 
         H17  2 0.0213 0.0187 0.0650 0.0141 0.8352 0.0127 0.0331 
         H18  2 0.0091 0.0208 0.0100 0.0077 0.9360 0.0077 0.0088 
         H19  2 0.0058 0.0097 0.0107 0.0080 0.9412 0.0088 0.0159 
         H20  2 0.0162 0.2604 0.0409 0.0509 0.5739 0.0288 0.0290 
         H21  2 0.0145 0.0089 0.0140 0.0091 0.0077 0.9376 0.0081 
         H22  2 0.0105 0.0198 0.0103 0.0069 0.9342 0.0103 0.0080 
         H23  2 0.0102 0.0164 0.0115 0.0074 0.9263 0.0133 0.0147 
         H24  2 0.0138 0.0075 0.0103 0.0051 0.0077 0.9462 0.0094 
         H25  2 0.0487 0.0196 0.0228 0.0057 0.8737 0.0115 0.0180 
         H26  2 0.0095 0.0100 0.0100 0.0058 0.9472 0.0083 0.0092 
         H27  2 0.0133 0.0131 0.0095 0.0046 0.9392 0.0100 0.0104 
         H28  2 0.0091 0.0177 0.0124 0.0090 0.9287 0.0117 0.0114 
         H29  2 0.0098 0.0189 0.0103 0.0045 0.9375 0.0091 0.0100 
         H30  2 0.0129 0.0203 0.0278 0.0261 0.8570 0.0152 0.0407 
         H31  3 0.0748 0.0241 0.0721 0.0353 0.0113 0.0108 0.7715 
         H32  3 0.0351 0.0199 0.4371 0.0624 0.0118 0.0367 0.3970 
         H33  4 0.0251 0.0869 0.6324 0.0056 0.0472 0.0553 0.1475 
         H34  4 0.0097 0.9224 0.0134 0.0049 0.0243 0.0079 0.0175 
         H35  4 0.0111 0.9437 0.0140 0.0050 0.0084 0.0085 0.0093 
         H36  4 0.0264 0.7936 0.0650 0.0117 0.0267 0.0232 0.0534 
         H37  4 0.0119 0.9294 0.0140 0.0094 0.0112 0.0128 0.0114 
         H38  4 0.0181 0.9319 0.0118 0.0059 0.0086 0.0090 0.0147 
         H39  5 0.1065 0.0106 0.7215 0.0062 0.0231 0.0226 0.1095 
         H40  5 0.4390 0.2418 0.1212 0.0056 0.0259 0.0863 0.0802 
         H41  5 0.1191 0.0121 0.5930 0.0094 0.0154 0.1280 0.1231 
         H42  5 0.9244 0.0087 0.0145 0.0044 0.0067 0.0072 0.0340 
         H43  5 0.9313 0.0090 0.0151 0.0044 0.0069 0.0065 0.0269 
         H44  5 0.0154 0.0530 0.4265 0.2861 0.0117 0.0079 0.1994 
         H45  5 0.0219 0.0154 0.7930 0.0218 0.0081 0.0128 0.1270 
         H46  5 0.0075 0.0072 0.0072 0.9582 0.0088 0.0049 0.0062 
         H47  5 0.0066 0.0082 0.0064 0.9593 0.0073 0.0059 0.0063 
