         H01  1 0.0121 0.0035 0.9845 
         H02  1 0.0042 0.0033 0.9926 
         H03  1 0.0039 0.0031 0.9931 
         H04  1 0.0033 0.0036 0.9931 
         H05  1 0.0034 0.0032 0.9934 
         H06  1 0.2001 0.0054 0.7945 
         H07  1 0.0053 0.0041 0.9906 
         H08  1 0.0059 0.0076 0.9865 
         H09  1 0.1572 0.0237 0.8192 
         H10  1 0.0042 0.0061 0.9896 
         H11  1 0.0034 0.0029 0.9937 
         H12  1 0.0037 0.0029 0.9934 
         H13  1 0.0075 0.0117 0.9807 
         H14  2 0.9881 0.0047 0.0072 
         H15  2 0.6982 0.0104 0.2913 
         H16  2 0.6690 0.0093 0.3217 
         H17  2 0.0683 0.9152 0.0165 
         H18  2 0.0043 0.9896 0.0061 
         H19  2 0.0055 0.9860 0.0086 
         H20  2 0.0339 0.8654 0.1007 
         H21  2 0.9697 0.0060 0.0243 
         H22  2 0.0048 0.9883 0.0069 
         H23  2 0.0062 0.9855 0.0083 
         H24  2 0.9881 0.0052 0.0067 
         H25  2 0.0176 0.9776 0.0048 
         H26  2 0.0049 0.9894 0.0057 
         H27  2 0.0054 0.9913 0.0033 
         H28  2 0.0057 0.9880 0.0062 
         H29  2 0.0045 0.9925 0.0030 
         H30  2 0.0229 0.9486 0.0285 
         H31  3 0.9122 0.0070 0.0808 
         H32  3 0.8757 0.0082 0.1161 
         H33  4 0.8279 0.1662 0.0060 
         H34  4 0.0655 0.9310 0.0035 
         H35  4 0.5860 0.4096 0.0044 
         H36  4 0.3419 0.6503 0.0078 
         H37  4 0.1093 0.8778 0.0130 
         H38  4 0.5891 0.4061 0.0048 
         H39  5 0.9824 0.0125 0.0051 
         H40  5 0.8918 0.1042 0.0040 
         H41  5 0.9801 0.0079 0.0121 
         H42  5 0.9911 0.0046 0.0043 
         H43  5 0.9929 0.0034 0.0037 
         H44  5 0.6172 0.0150 0.3678 
         H45  5 0.9608 0.0046 0.0347 
         H46  5 0.0039 0.0065 0.9896 
         H47  5 0.0057 0.0076 0.9867 
