         H01  1 0.0045 0.9826 0.0130 
         H02  1 0.0070 0.9857 0.0072 
         H03  1 0.0050 0.9873 0.0077 
         H04  1 0.0089 0.9867 0.0044 
         H05  1 0.0056 0.9888 0.0056 
         H06  1 0.0053 0.7944 0.2002 
         H07  1 0.0066 0.9843 0.0091 
         H08  1 0.0100 0.9781 0.0119 
         H09  1 0.0300 0.8367 0.1333 
         H10  1 0.0096 0.9836 0.0068 
         H11  1 0.0077 0.9866 0.0057 
         H12  1 0.0079 0.9840 0.0082 
         H13  1 0.0148 0.9747 0.0105 
         H14  2 0.0059 0.0089 0.9852 
         H15  2 0.0106 0.2587 0.7307 
         H16  2 0.0131 0.3137 0.6731 
         H17  2 0.8223 0.0288 0.1489 
         H18  2 0.9860 0.0075 0.0066 
         H19  2 0.9839 0.0091 0.0070 
         H20  2 0.8214 0.1148 0.0637 
         H21  2 0.0171 0.0245 0.9584 
         H22  2 0.9835 0.0074 0.0091 
         H23  2 0.9776 0.0104 0.0120 
         H24  2 0.0183 0.0112 0.9705 
         H25  2 0.9637 0.0072 0.0291 
         H26  2 0.9816 0.0090 0.0093 
         H27  2 0.9832 0.0049 0.0119 
         H28  2 0.9790 0.0092 0.0119 
         H29  2 0.9833 0.0067 0.0100 
         H30  2 0.9257 0.0313 0.0430 
         H31  3 0.0078 0.0683 0.9240 
         H32  3 0.0085 0.1105 0.8810 
         H33  4 0.1720 0.0081 0.8199 
         H34  4 0.7619 0.0070 0.2311 
         H35  4 0.3686 0.0056 0.6258 
         H36  4 0.5435 0.0082 0.4482 
         H37  4 0.7004 0.0143 0.2853 
         H38  4 0.3647 0.0092 0.6260 
         H39  5 0.0131 0.0147 0.9722 
         H40  5 0.1601 0.0083 0.8316 
         H41  5 0.0108 0.0183 0.9709 
         H42  5 0.0051 0.0163 0.9787 
         H43  5 0.0052 0.0196 0.9752 
         H44  5 0.0129 0.3614 0.6257 
         H45  5 0.0084 0.0464 0.9452 
         H46  5 0.0090 0.9847 0.0063 
         H47  5 0.0090 0.9856 0.0054 
