         H01  1 0.0076 0.0130 0.9689 0.0053 0.0052 
         H02  1 0.0052 0.0062 0.9767 0.0059 0.0060 
         H03  1 0.0062 0.0062 0.9779 0.0047 0.0050 
         H04  1 0.0051 0.0057 0.9773 0.0071 0.0048 
         H05  1 0.0053 0.0053 0.9778 0.0062 0.0054 
         H06  1 0.0232 0.1500 0.8064 0.0074 0.0129 
         H07  1 0.0055 0.0077 0.9741 0.0070 0.0057 
         H08  1 0.0069 0.0085 0.9676 0.0105 0.0064 
         H09  1 0.0258 0.1108 0.7957 0.0143 0.0535 
         H10  1 0.0063 0.0069 0.9730 0.0078 0.0060 
         H11  1 0.0059 0.0064 0.9755 0.0060 0.0061 
         H12  1 0.0060 0.0061 0.9764 0.0060 0.0055 
         H13  1 0.0076 0.0090 0.9632 0.0141 0.0060 
         H14  2 0.0595 0.9149 0.0072 0.0056 0.0128 
         H15  2 0.0934 0.7267 0.1503 0.0122 0.0175 
         H16  2 0.0914 0.6706 0.2076 0.0098 0.0205 
         H17  2 0.0196 0.1022 0.0148 0.8415 0.0220 
         H18  2 0.0088 0.0072 0.0062 0.9691 0.0087 
         H19  2 0.0092 0.0081 0.0073 0.9682 0.0072 
         H20  2 0.0102 0.0457 0.0495 0.5934 0.3011 
         H21  2 0.0122 0.5456 0.0277 0.0098 0.4047 
         H22  2 0.0087 0.0108 0.0082 0.9574 0.0149 
         H23  2 0.0089 0.0107 0.0078 0.9577 0.0149 
         H24  2 0.0110 0.5521 0.0063 0.0071 0.4235 
         H25  2 0.0342 0.0203 0.0071 0.9166 0.0219 
         H26  2 0.0058 0.0085 0.0067 0.9707 0.0083 
         H27  2 0.0095 0.0082 0.0054 0.9673 0.0095 
         H28  2 0.0088 0.0105 0.0093 0.9541 0.0173 
         H29  2 0.0071 0.0092 0.0062 0.9610 0.0164 
         H30  2 0.0150 0.0392 0.0258 0.8986 0.0215 
         H31  3 0.0930 0.8404 0.0423 0.0072 0.0171 
         H32  3 0.0435 0.8496 0.0726 0.0084 0.0260 
         H33  4 0.0606 0.5388 0.0085 0.0903 0.3018 
         H34  4 0.0117 0.0103 0.0067 0.0620 0.9092 
         H35  4 0.0093 0.0101 0.0061 0.0101 0.9644 
         H36  4 0.0265 0.0705 0.0135 0.0485 0.8410 
         H37  4 0.0094 0.0104 0.0118 0.0380 0.9305 
         H38  4 0.0115 0.0169 0.0061 0.0095 0.9559 
         H39  5 0.1307 0.8344 0.0063 0.0110 0.0176 
         H40  5 0.3273 0.1886 0.0076 0.0298 0.4467 
         H41  5 0.1835 0.7715 0.0120 0.0105 0.0225 
         H42  5 0.9693 0.0095 0.0055 0.0052 0.0104 
         H43  5 0.9670 0.0137 0.0056 0.0058 0.0080 
         H44  5 0.0394 0.4976 0.3759 0.0109 0.0762 
         H45  5 0.0854 0.8628 0.0272 0.0068 0.0178 
         H46  5 0.0072 0.0071 0.9687 0.0085 0.0085 
         H47  5 0.0059 0.0079 0.9691 0.0097 0.0075 
