         H01  1 0.0081 0.9857 0.0029 0.0033 
         H02  1 0.0033 0.9918 0.0021 0.0028 
         H03  1 0.0030 0.9924 0.0021 0.0025 
         H04  1 0.0030 0.9908 0.0033 0.0030 
         H05  1 0.0027 0.9921 0.0026 0.0027 
         H06  1 0.1604 0.8256 0.0045 0.0095 
         H07  1 0.0044 0.9894 0.0037 0.0025 
         H08  1 0.0046 0.9852 0.0076 0.0027 
         H09  1 0.0984 0.8309 0.0112 0.0594 
         H10  1 0.0038 0.9875 0.0057 0.0030 
         H11  1 0.0027 0.9917 0.0026 0.0030 
         H12  1 0.0024 0.9928 0.0023 0.0025 
         H13  1 0.0055 0.9827 0.0092 0.0026 
         H14  2 0.9857 0.0053 0.0033 0.0057 
         H15  2 0.7976 0.1865 0.0067 0.0093 
         H16  2 0.7650 0.2251 0.0047 0.0052 
         H17  2 0.0589 0.0139 0.9109 0.0163 
         H18  2 0.0034 0.0039 0.9885 0.0041 
         H19  2 0.0038 0.0044 0.9884 0.0034 
         H20  2 0.0505 0.0615 0.5795 0.3085 
         H21  2 0.5239 0.0298 0.0060 0.4403 
         H22  2 0.0043 0.0048 0.9880 0.0029 
         H23  2 0.0041 0.0063 0.9852 0.0045 
         H24  2 0.5410 0.0053 0.0042 0.4495 
         H25  2 0.0142 0.0041 0.9677 0.0141 
         H26  2 0.0034 0.0039 0.9887 0.0039 
         H27  2 0.0041 0.0030 0.9832 0.0098 
         H28  2 0.0068 0.0070 0.9722 0.0139 
         H29  2 0.0055 0.0026 0.9806 0.0113 
         H30  2 0.0204 0.0218 0.9416 0.0162 
         H31  3 0.9250 0.0550 0.0041 0.0159 
         H32  3 0.8552 0.0932 0.0055 0.0461 
         H33  4 0.5797 0.0044 0.0566 0.3593 
         H34  4 0.0062 0.0023 0.0235 0.9680 
         H35  4 0.0041 0.0033 0.0034 0.9892 
         H36  4 0.0645 0.0095 0.0162 0.9098 
         H37  4 0.0041 0.0088 0.0173 0.9698 
         H38  4 0.0038 0.0033 0.0027 0.9903 
         H39  5 0.9722 0.0040 0.0101 0.0136 
         H40  5 0.5151 0.0036 0.0258 0.4554 
         H41  5 0.9608 0.0079 0.0059 0.0254 
         H42  5 0.9890 0.0035 0.0025 0.0050 
         H43  5 0.9894 0.0029 0.0031 0.0046 
         H44  5 0.5633 0.3638 0.0071 0.0658 
         H45  5 0.9627 0.0269 0.0037 0.0067 
         H46  5 0.0047 0.9849 0.0045 0.0059 
         H47  5 0.0042 0.9856 0.0048 0.0055 
