         H01  1 0.0024 0.0096 0.9702 0.0154 0.0024 
         H02  1 0.0030 0.0027 0.9890 0.0030 0.0023 
         H03  1 0.0021 0.0029 0.9903 0.0028 0.0020 
         H04  1 0.0029 0.0028 0.9891 0.0029 0.0022 
         H05  1 0.0029 0.0029 0.9892 0.0027 0.0023 
         H06  1 0.0047 0.1598 0.8109 0.0209 0.0036 
         H07  1 0.0027 0.0039 0.9862 0.0043 0.0030 
         H08  1 0.0034 0.0053 0.9751 0.0071 0.0091 
         H09  1 0.0392 0.1047 0.8015 0.0458 0.0088 
         H10  1 0.0036 0.0035 0.9850 0.0029 0.0050 
         H11  1 0.0026 0.0033 0.9881 0.0035 0.0024 
         H12  1 0.0021 0.0032 0.9898 0.0027 0.0022 
         H13  1 0.0024 0.0067 0.9721 0.0069 0.0119 
         H14  2 0.0078 0.9556 0.0038 0.0301 0.0027 
         H15  2 0.0038 0.5703 0.1671 0.2493 0.0095 
         H16  2 0.0044 0.5538 0.1920 0.2443 0.0054 
         H17  2 0.0214 0.0448 0.0141 0.0216 0.8981 
         H18  2 0.0048 0.0035 0.0039 0.0029 0.9849 
         H19  2 0.0031 0.0034 0.0041 0.0034 0.9861 
         H20  2 0.2738 0.0257 0.0640 0.0145 0.6221 
         H21  2 0.2802 0.0209 0.0142 0.6820 0.0027 
         H22  2 0.0027 0.0033 0.0055 0.0046 0.9840 
         H23  2 0.0032 0.0045 0.0059 0.0070 0.9794 
         H24  2 0.2918 0.0152 0.0028 0.6872 0.0030 
         H25  2 0.0163 0.0163 0.0032 0.0094 0.9548 
         H26  2 0.0040 0.0036 0.0037 0.0031 0.9856 
         H27  2 0.0071 0.0045 0.0024 0.0038 0.9822 
         H28  2 0.0111 0.0076 0.0055 0.0048 0.9711 
         H29  2 0.0130 0.0043 0.0024 0.0024 0.9779 
         H30  2 0.0189 0.0356 0.0208 0.0197 0.9050 
         H31  3 0.0718 0.6517 0.0385 0.2347 0.0033 
         H32  3 0.0549 0.6473 0.0861 0.2072 0.0046 
         H33  4 0.2040 0.6081 0.0045 0.0772 0.1062 
         H34  4 0.9556 0.0056 0.0025 0.0179 0.0185 
         H35  4 0.9775 0.0036 0.0034 0.0127 0.0028 
         H36  4 0.8541 0.0703 0.0136 0.0236 0.0383 
         H37  4 0.9639 0.0099 0.0090 0.0081 0.0091 
         H38  4 0.9800 0.0055 0.0021 0.0097 0.0027 
         H39  5 0.0164 0.8855 0.0038 0.0835 0.0107 
         H40  5 0.2899 0.5737 0.0029 0.1090 0.0245 
         H41  5 0.0107 0.8285 0.0067 0.1484 0.0057 
         H42  5 0.0041 0.8885 0.0029 0.1015 0.0030 
         H43  5 0.0043 0.8882 0.0029 0.1018 0.0029 
         H44  5 0.1036 0.5127 0.3272 0.0504 0.0060 
         H45  5 0.0249 0.8951 0.0199 0.0566 0.0034 
         H46  5 0.0062 0.0040 0.9822 0.0030 0.0046 
         H47  5 0.0051 0.0037 0.9840 0.0026 0.0046 
