         H01  1 0.0024 0.9866 0.0027 0.0061 0.0022 
         H02  1 0.0022 0.9898 0.0023 0.0031 0.0027 
         H03  1 0.0023 0.9906 0.0022 0.0024 0.0025 
         H04  1 0.0028 0.9893 0.0027 0.0027 0.0025 
         H05  1 0.0028 0.9884 0.0028 0.0034 0.0027 
         H06  1 0.0024 0.8372 0.0066 0.1471 0.0067 
         H07  1 0.0044 0.9869 0.0029 0.0037 0.0019 
         H08  1 0.0066 0.9802 0.0063 0.0042 0.0028 
         H09  1 0.0084 0.8313 0.0075 0.1087 0.0442 
         H10  1 0.0040 0.9851 0.0042 0.0035 0.0032 
         H11  1 0.0027 0.9896 0.0026 0.0030 0.0021 
         H12  1 0.0019 0.9908 0.0023 0.0029 0.0021 
         H13  1 0.0112 0.9743 0.0060 0.0059 0.0026 
         H14  2 0.0027 0.0064 0.0029 0.9825 0.0055 
         H15  2 0.0638 0.2848 0.0064 0.6418 0.0031 
         H16  2 0.0517 0.3205 0.0039 0.6180 0.0059 
         H17  2 0.0061 0.0044 0.9674 0.0175 0.0046 
         H18  2 0.9810 0.0030 0.0107 0.0027 0.0026 
         H19  2 0.9859 0.0031 0.0058 0.0027 0.0026 
         H20  2 0.0027 0.0320 0.9043 0.0124 0.0487 
         H21  2 0.0044 0.0191 0.0785 0.8920 0.0059 
         H22  2 0.0112 0.0033 0.9798 0.0029 0.0028 
         H23  2 0.0186 0.0038 0.9696 0.0044 0.0036 
         H24  2 0.0039 0.0046 0.0723 0.9157 0.0035 
         H25  2 0.0128 0.0027 0.9656 0.0093 0.0096 
         H26  2 0.9887 0.0027 0.0033 0.0023 0.0029 
         H27  2 0.9772 0.0029 0.0076 0.0053 0.0071 
         H28  2 0.0102 0.0049 0.9714 0.0060 0.0076 
         H29  2 0.0235 0.0018 0.9619 0.0040 0.0087 
         H30  2 0.5410 0.0234 0.3722 0.0490 0.0144 
         H31  3 0.0077 0.0721 0.0050 0.8883 0.0269 
         H32  3 0.0080 0.1038 0.0069 0.8734 0.0079 
         H33  4 0.2443 0.0036 0.0160 0.6761 0.0600 
         H34  4 0.1040 0.0031 0.0040 0.0053 0.8836 
         H35  4 0.0025 0.0032 0.0040 0.0028 0.9876 
         H36  4 0.0084 0.0103 0.1019 0.1989 0.6804 
         H37  4 0.0504 0.0072 0.0034 0.0043 0.9347 
         H38  4 0.0024 0.0032 0.0035 0.0029 0.9879 
         H39  5 0.0046 0.0037 0.0206 0.9663 0.0049 
         H40  5 0.0078 0.0038 0.0358 0.7274 0.2252 
         H41  5 0.0059 0.0080 0.0048 0.9736 0.0077 
         H42  5 0.0024 0.0030 0.0039 0.7541 0.2366 
         H43  5 0.0023 0.0032 0.0032 0.7570 0.2342 
         H44  5 0.0051 0.4113 0.0089 0.4764 0.0984 
         H45  5 0.0051 0.0252 0.0035 0.9610 0.0052 
         H46  5 0.0053 0.9823 0.0048 0.0031 0.0044 
         H47  5 0.0068 0.9797 0.0030 0.0045 0.0060 
