         H01  1 0.0039 0.9808 0.0103 0.0024 0.0025 
         H02  1 0.0030 0.9882 0.0035 0.0027 0.0025 
         H03  1 0.0028 0.9892 0.0032 0.0024 0.0024 
         H04  1 0.0031 0.9878 0.0037 0.0027 0.0027 
         H05  1 0.0029 0.9888 0.0033 0.0025 0.0025 
         H06  1 0.0096 0.7921 0.1897 0.0048 0.0037 
         H07  1 0.0044 0.9836 0.0055 0.0023 0.0043 
         H08  1 0.0047 0.9783 0.0058 0.0028 0.0083 
         H09  1 0.0597 0.7757 0.1220 0.0362 0.0065 
         H10  1 0.0034 0.9853 0.0031 0.0032 0.0050 
         H11  1 0.0033 0.9880 0.0036 0.0027 0.0025 
         H12  1 0.0030 0.9898 0.0031 0.0021 0.0020 
         H13  1 0.0044 0.9705 0.0105 0.0028 0.0119 
         H14  2 0.0301 0.0048 0.9533 0.0068 0.0050 
         H15  2 0.0231 0.1118 0.8527 0.0047 0.0078 
         H16  2 0.0169 0.1584 0.8079 0.0116 0.0052 
         H17  2 0.0242 0.0120 0.1065 0.0245 0.8328 
         H18  2 0.0026 0.0043 0.0035 0.0041 0.9854 
         H19  2 0.0029 0.0051 0.0033 0.0037 0.9850 
         H20  2 0.0191 0.0644 0.0328 0.2853 0.5983 
         H21  2 0.9178 0.0276 0.0360 0.0141 0.0044 
         H22  2 0.0038 0.0056 0.0047 0.0028 0.9831 
         H23  2 0.0047 0.0074 0.0054 0.0030 0.9796 
         H24  2 0.9471 0.0059 0.0285 0.0148 0.0037 
         H25  2 0.0371 0.0038 0.0149 0.0145 0.9297 
         H26  2 0.0031 0.0033 0.0040 0.0038 0.9859 
         H27  2 0.0033 0.0029 0.0039 0.0115 0.9784 
         H28  2 0.0044 0.0070 0.0138 0.0153 0.9596 
         H29  2 0.0045 0.0025 0.0056 0.0210 0.9665 
         H30  2 0.0147 0.0224 0.0259 0.0133 0.9238 
         H31  3 0.0044 0.0384 0.9333 0.0194 0.0046 
         H32  3 0.0805 0.0559 0.8499 0.0074 0.0063 
         H33  4 0.5080 0.0054 0.1685 0.1483 0.1697 
         H34  4 0.0035 0.0023 0.0133 0.9585 0.0223 
         H35  4 0.0028 0.0030 0.0189 0.9725 0.0028 
         H36  4 0.0176 0.0091 0.1034 0.8420 0.0279 
         H37  4 0.0031 0.0086 0.0050 0.9772 0.0061 
         H38  4 0.0029 0.0032 0.0171 0.9736 0.0032 
         H39  5 0.7198 0.0040 0.2539 0.0078 0.0144 
         H40  5 0.5722 0.0036 0.1472 0.2489 0.0281 
         H41  5 0.9428 0.0117 0.0294 0.0096 0.0065 
         H42  5 0.9825 0.0031 0.0071 0.0047 0.0027 
         H43  5 0.9838 0.0032 0.0060 0.0037 0.0033 
         H44  5 0.0068 0.2869 0.6213 0.0789 0.0062 
         H45  5 0.0343 0.0180 0.9366 0.0068 0.0043 
         H46  5 0.0030 0.9811 0.0045 0.0063 0.0053 
         H47  5 0.0040 0.9811 0.0050 0.0058 0.0041 
