         H01  1 0.0025 0.9807 0.0037 0.0082 0.0024 0.0024 
         H02  1 0.0021 0.9885 0.0019 0.0029 0.0022 0.0024 
         H03  1 0.0023 0.9879 0.0025 0.0026 0.0023 0.0024 
         H04  1 0.0019 0.9883 0.0023 0.0026 0.0025 0.0024 
         H05  1 0.0026 0.9880 0.0024 0.0025 0.0023 0.0022 
         H06  1 0.0022 0.8003 0.0100 0.1583 0.0039 0.0253 
         H07  1 0.0024 0.9839 0.0026 0.0041 0.0028 0.0043 
         H08  1 0.0025 0.9800 0.0027 0.0038 0.0066 0.0044 
         H09  1 0.0411 0.8100 0.0170 0.0945 0.0091 0.0283 
         H10  1 0.0033 0.9826 0.0027 0.0041 0.0046 0.0027 
         H11  1 0.0021 0.9867 0.0025 0.0029 0.0025 0.0032 
         H12  1 0.0021 0.9892 0.0021 0.0025 0.0020 0.0021 
         H13  1 0.0031 0.9743 0.0038 0.0064 0.0085 0.0037 
         H14  2 0.0044 0.0041 0.0158 0.9437 0.0023 0.0296 
         H15  2 0.0038 0.1735 0.0151 0.7212 0.0055 0.0809 
         H16  2 0.0056 0.2029 0.0310 0.6689 0.0053 0.0864 
         H17  2 0.0072 0.0121 0.0288 0.0952 0.8449 0.0118 
         H18  2 0.0036 0.0037 0.0025 0.0044 0.9831 0.0027 
         H19  2 0.0032 0.0045 0.0022 0.0031 0.9833 0.0037 
         H20  2 0.2761 0.0587 0.0113 0.0232 0.6026 0.0281 
         H21  2 0.0053 0.0065 0.0613 0.0218 0.0023 0.9030 
         H22  2 0.0025 0.0053 0.0033 0.0034 0.9818 0.0037 
         H23  2 0.0031 0.0055 0.0033 0.0048 0.9768 0.0065 
         H24  2 0.0023 0.0029 0.0542 0.0369 0.0024 0.9014 
         H25  2 0.0090 0.0028 0.0532 0.0199 0.9094 0.0057 
         H26  2 0.0036 0.0032 0.0021 0.0031 0.9847 0.0032 
         H27  2 0.0070 0.0020 0.0028 0.0037 0.9802 0.0042 
         H28  2 0.0169 0.0047 0.0029 0.0067 0.9656 0.0032 
         H29  2 0.0174 0.0024 0.0035 0.0044 0.9698 0.0025 
         H30  2 0.0138 0.0203 0.0057 0.0228 0.9211 0.0162 
         H31  3 0.0249 0.0433 0.0300 0.8021 0.0042 0.0955 
         H32  3 0.0096 0.0613 0.0398 0.8443 0.0039 0.0412 
         H33  4 0.1634 0.0033 0.0524 0.5945 0.0884 0.0980 
         H34  4 0.9768 0.0023 0.0043 0.0043 0.0102 0.0020 
         H35  4 0.9874 0.0023 0.0026 0.0030 0.0023 0.0025 
         H36  4 0.8553 0.0094 0.0252 0.0684 0.0339 0.0078 
         H37  4 0.9761 0.0102 0.0027 0.0033 0.0047 0.0029 
         H38  4 0.9872 0.0026 0.0021 0.0033 0.0026 0.0022 
         H39  5 0.0110 0.0039 0.2025 0.7343 0.0108 0.0374 
         H40  5 0.1788 0.0039 0.4894 0.2257 0.0441 0.0582 
         H41  5 0.0037 0.0095 0.2426 0.4687 0.0072 0.2684 
         H42  5 0.0031 0.0023 0.9584 0.0078 0.0026 0.0258 
         H43  5 0.0026 0.0024 0.9546 0.0096 0.0019 0.0289 
         H44  5 0.0260 0.2762 0.0066 0.6208 0.0046 0.0659 
         H45  5 0.0053 0.0251 0.0195 0.8633 0.0036 0.0832 
         H46  5 0.0051 0.9809 0.0033 0.0038 0.0042 0.0026 
         H47  5 0.0054 0.9811 0.0031 0.0038 0.0042 0.0023 
