         H01  1 0.9852 0.0053 0.0042 0.0026 0.0026 
         H02  1 0.9882 0.0035 0.0032 0.0026 0.0025 
         H03  1 0.9899 0.0026 0.0026 0.0025 0.0024 
         H04  1 0.9890 0.0031 0.0024 0.0027 0.0028 
         H05  1 0.9889 0.0031 0.0026 0.0027 0.0026 
         H06  1 0.7967 0.1737 0.0171 0.0036 0.0090 
         H07  1 0.9855 0.0036 0.0043 0.0033 0.0032 
         H08  1 0.9781 0.0044 0.0043 0.0050 0.0082 
         H09  1 0.8145 0.0896 0.0567 0.0290 0.0102 
         H10  1 0.9814 0.0041 0.0034 0.0044 0.0067 
         H11  1 0.9880 0.0029 0.0034 0.0028 0.0029 
         H12  1 0.9900 0.0030 0.0024 0.0023 0.0023 
         H13  1 0.9788 0.0044 0.0044 0.0068 0.0055 
         H14  2 0.0060 0.8685 0.1030 0.0122 0.0103 
         H15  2 0.3661 0.3397 0.2714 0.0161 0.0066 
         H16  2 0.4213 0.3155 0.2502 0.0093 0.0037 
         H17  2 0.0060 0.0180 0.0184 0.0066 0.9510 
         H18  2 0.0042 0.0029 0.0068 0.9601 0.0259 
         H19  2 0.0049 0.0038 0.0041 0.9713 0.0159 
         H20  2 0.0310 0.0191 0.0181 0.0040 0.9279 
         H21  2 0.0118 0.0037 0.9691 0.0031 0.0123 
         H22  2 0.0034 0.0036 0.0079 0.0070 0.9782 
         H23  2 0.0057 0.0051 0.0050 0.0212 0.9630 
         H24  2 0.0037 0.0041 0.9782 0.0108 0.0032 
         H25  2 0.0032 0.0165 0.0160 0.0339 0.9304 
         H26  2 0.0034 0.0040 0.0038 0.9833 0.0055 
         H27  2 0.0025 0.0057 0.0087 0.9740 0.0091 
         H28  2 0.0048 0.0066 0.0093 0.0082 0.9712 
         H29  2 0.0026 0.0043 0.0025 0.0246 0.9660 
         H30  2 0.0242 0.0412 0.0244 0.5629 0.3472 
         H31  3 0.1051 0.8123 0.0738 0.0034 0.0054 
         H32  3 0.1511 0.6247 0.2064 0.0118 0.0059 
         H33  4 0.0037 0.2820 0.2758 0.4258 0.0127 
         H34  4 0.0028 0.0330 0.0095 0.9334 0.0213 
         H35  4 0.0044 0.9679 0.0061 0.0133 0.0083 
         H36  4 0.0057 0.6504 0.0268 0.1237 0.1933 
         H37  4 0.0118 0.0564 0.0154 0.9000 0.0164 
         H38  4 0.0037 0.9700 0.0044 0.0132 0.0087 
         H39  5 0.0044 0.8308 0.1434 0.0049 0.0164 
         H40  5 0.0037 0.8056 0.0766 0.0211 0.0930 
         H41  5 0.0125 0.5061 0.4604 0.0125 0.0084 
         H42  5 0.0030 0.9873 0.0037 0.0024 0.0037 
         H43  5 0.0028 0.9866 0.0046 0.0028 0.0032 
         H44  5 0.3421 0.6202 0.0193 0.0102 0.0082 
         H45  5 0.0325 0.8824 0.0627 0.0054 0.0170 
         H46  5 0.9818 0.0042 0.0032 0.0063 0.0045 
         H47  5 0.9831 0.0048 0.0029 0.0051 0.0040 
