         H01  1 0.0135 0.0018 0.0023 0.0048 0.0069 0.0018 0.9688 
         H02  1 0.0025 0.0024 0.0024 0.0025 0.0032 0.0021 0.9849 
         H03  1 0.0033 0.0023 0.0018 0.0022 0.0025 0.0024 0.9855 
         H04  1 0.0030 0.0021 0.0024 0.0023 0.0030 0.0025 0.9847 
         H05  1 0.0028 0.0023 0.0020 0.0023 0.0025 0.0022 0.9860 
         H06  1 0.0451 0.0037 0.0034 0.0055 0.1452 0.0033 0.7938 
         H07  1 0.0035 0.0033 0.0033 0.0024 0.0039 0.0019 0.9817 
         H08  1 0.0088 0.0053 0.0072 0.0028 0.0044 0.0027 0.9689 
         H09  1 0.0974 0.0176 0.0070 0.0118 0.0798 0.0330 0.7535 
         H10  1 0.0052 0.0027 0.0047 0.0032 0.0037 0.0026 0.9780 
         H11  1 0.0027 0.0031 0.0023 0.0024 0.0026 0.0025 0.9846 
         H12  1 0.0033 0.0025 0.0021 0.0020 0.0027 0.0021 0.9854 
         H13  1 0.0154 0.0035 0.0108 0.0034 0.0049 0.0027 0.9594 
         H14  2 0.0054 0.0023 0.0026 0.0032 0.9783 0.0038 0.0045 
         H15  2 0.8166 0.0246 0.0069 0.0471 0.0053 0.0029 0.0966 
         H16  2 0.8054 0.0260 0.0032 0.0456 0.0065 0.0023 0.1110 
         H17  2 0.0213 0.0092 0.8839 0.0176 0.0422 0.0136 0.0123 
         H18  2 0.0033 0.0022 0.9806 0.0022 0.0040 0.0039 0.0037 
         H19  2 0.0036 0.0033 0.9808 0.0020 0.0029 0.0028 0.0046 
         H20  2 0.0538 0.0187 0.5994 0.0058 0.0342 0.2335 0.0546 
         H21  2 0.0026 0.9829 0.0019 0.0016 0.0024 0.0031 0.0056 
         H22  2 0.0027 0.0042 0.9811 0.0025 0.0032 0.0021 0.0043 
         H23  2 0.0043 0.0077 0.9738 0.0024 0.0038 0.0031 0.0048 
         H24  2 0.0032 0.9856 0.0024 0.0023 0.0021 0.0022 0.0022 
         H25  2 0.0090 0.0037 0.9128 0.0418 0.0179 0.0118 0.0028 
         H26  2 0.0030 0.0028 0.9820 0.0022 0.0025 0.0039 0.0037 
         H27  2 0.0032 0.0041 0.9761 0.0023 0.0046 0.0077 0.0020 
         H28  2 0.0082 0.0031 0.9607 0.0027 0.0069 0.0131 0.0052 
         H29  2 0.0032 0.0022 0.9732 0.0031 0.0045 0.0111 0.0027 
         H30  2 0.0364 0.0139 0.9017 0.0059 0.0160 0.0091 0.0170 
         H31  3 0.8093 0.0262 0.0032 0.0048 0.1254 0.0093 0.0219 
         H32  3 0.4183 0.0382 0.0045 0.0120 0.4435 0.0127 0.0707 
         H33  4 0.1135 0.0494 0.0831 0.0438 0.6102 0.0952 0.0048 
         H34  4 0.0036 0.0026 0.0110 0.0027 0.0038 0.9733 0.0029 
         H35  4 0.0037 0.0021 0.0023 0.0022 0.0025 0.9846 0.0026 
         H36  4 0.0655 0.0098 0.0135 0.0275 0.0716 0.8034 0.0088 
         H37  4 0.0027 0.0025 0.0046 0.0024 0.0047 0.9760 0.0072 
         H38  4 0.0035 0.0021 0.0025 0.0021 0.0027 0.9847 0.0025 
         H39  5 0.0875 0.0145 0.0090 0.0569 0.8238 0.0052 0.0032 
         H40  5 0.1651 0.0651 0.0223 0.3671 0.1723 0.2045 0.0035 
         H41  5 0.1341 0.1521 0.0066 0.2012 0.4932 0.0038 0.0089 
         H42  5 0.0026 0.0019 0.0023 0.9858 0.0026 0.0028 0.0021 
         H43  5 0.0039 0.0018 0.0019 0.9844 0.0032 0.0025 0.0022 
         H44  5 0.0925 0.0025 0.0058 0.0046 0.6044 0.0478 0.2424 
         H45  5 0.0522 0.0061 0.0029 0.0059 0.9177 0.0044 0.0109 
         H46  5 0.0033 0.0024 0.0045 0.0033 0.0030 0.0048 0.9786 
         H47  5 0.0032 0.0023 0.0035 0.0033 0.0033 0.0055 0.9788 
