         H01  1 0.0075 0.0125 0.0051 0.0065 0.9323 0.0270 0.0091 
         H02  1 0.0055 0.0069 0.0057 0.0047 0.9625 0.0077 0.0070 
         H03  1 0.0059 0.0056 0.0048 0.0058 0.9659 0.0055 0.0064 
         H04  1 0.0053 0.0059 0.0053 0.0060 0.9648 0.0070 0.0057 
         H05  1 0.0054 0.0051 0.0067 0.0057 0.9646 0.0070 0.0056 
         H06  1 0.0109 0.0165 0.0057 0.0146 0.7738 0.0284 0.1502 
         H07  1 0.0059 0.0079 0.0071 0.0057 0.9580 0.0088 0.0066 
         H08  1 0.0065 0.0081 0.0112 0.0071 0.9470 0.0122 0.0079 
         H09  1 0.0316 0.0314 0.0095 0.0303 0.7650 0.0604 0.0717 
         H10  1 0.0065 0.0061 0.0081 0.0065 0.9552 0.0096 0.0080 
         H11  1 0.0051 0.0060 0.0056 0.0065 0.9652 0.0055 0.0060 
         H12  1 0.0055 0.0061 0.0054 0.0056 0.9645 0.0066 0.0063 
         H13  1 0.0073 0.0068 0.0111 0.0061 0.9441 0.0150 0.0096 
         H14  2 0.0117 0.0364 0.0063 0.0172 0.0059 0.0155 0.9070 
         H15  2 0.0072 0.0150 0.0099 0.0190 0.0549 0.8771 0.0169 
         H16  2 0.0080 0.0087 0.0079 0.0133 0.0738 0.8545 0.0339 
         H17  2 0.0165 0.0359 0.8565 0.0138 0.0139 0.0119 0.0513 
         H18  2 0.0066 0.0058 0.9554 0.0097 0.0073 0.0070 0.0082 
         H19  2 0.0082 0.0073 0.9549 0.0075 0.0076 0.0081 0.0063 
         H20  2 0.0207 0.0680 0.6021 0.1852 0.0581 0.0310 0.0349 
         H21  2 0.3214 0.6090 0.0079 0.0201 0.0144 0.0124 0.0148 
         H22  2 0.0074 0.0094 0.9547 0.0070 0.0070 0.0059 0.0085 
         H23  2 0.0081 0.0093 0.9515 0.0071 0.0091 0.0078 0.0071 
         H24  2 0.3394 0.6097 0.0064 0.0111 0.0066 0.0161 0.0107 
         H25  2 0.0352 0.0155 0.9029 0.0135 0.0053 0.0078 0.0198 
         H26  2 0.0079 0.0070 0.9561 0.0086 0.0064 0.0068 0.0072 
         H27  2 0.0074 0.0073 0.9498 0.0143 0.0051 0.0079 0.0082 
         H28  2 0.0085 0.0103 0.9338 0.0155 0.0079 0.0133 0.0107 
         H29  2 0.0064 0.0079 0.9493 0.0150 0.0053 0.0073 0.0088 
         H30  2 0.0106 0.0182 0.8752 0.0135 0.0206 0.0386 0.0233 
         H31  3 0.0074 0.3269 0.0065 0.0183 0.0176 0.5413 0.0820 
         H32  3 0.0176 0.3065 0.0084 0.0152 0.0571 0.3384 0.2568 
         H33  4 0.1225 0.0331 0.0751 0.0884 0.0078 0.0798 0.5931 
         H34  4 0.0091 0.0095 0.0229 0.9221 0.0057 0.0188 0.0119 
         H35  4 0.0080 0.0209 0.0080 0.9270 0.0068 0.0226 0.0068 
         H36  4 0.0202 0.0505 0.0265 0.7143 0.0086 0.0585 0.1214 
         H37  4 0.0091 0.0167 0.0137 0.9126 0.0099 0.0243 0.0138 
         H38  4 0.0083 0.0238 0.0083 0.9224 0.0061 0.0236 0.0075 
         H39  5 0.2472 0.0726 0.0158 0.0130 0.0054 0.0191 0.6269 
         H40  5 0.3643 0.1369 0.0380 0.1480 0.0075 0.0841 0.2212 
         H41  5 0.4696 0.0539 0.0089 0.0072 0.0085 0.0153 0.4366 
         H42  5 0.9589 0.0090 0.0065 0.0067 0.0051 0.0069 0.0070 
         H43  5 0.9553 0.0075 0.0059 0.0076 0.0057 0.0083 0.0097 
         H44  5 0.0247 0.0651 0.0076 0.0407 0.2462 0.0668 0.5489 
         H45  5 0.0220 0.0307 0.0078 0.0106 0.0143 0.0620 0.8525 
         H46  5 0.0075 0.0060 0.0070 0.0089 0.9551 0.0078 0.0078 
         H47  5 0.0076 0.0060 0.0077 0.0083 0.9568 0.0070 0.0066 
