         H01  1 0.0059 0.0030 0.0029 0.9840 0.0021 0.0021 
         H02  1 0.0024 0.0026 0.0021 0.9886 0.0021 0.0023 
         H03  1 0.0024 0.0023 0.0023 0.9887 0.0024 0.0019 
         H04  1 0.0029 0.0020 0.0019 0.9881 0.0027 0.0024 
         H05  1 0.0021 0.0026 0.0026 0.9882 0.0024 0.0021 
         H06  1 0.1843 0.0175 0.0084 0.7826 0.0041 0.0030 
         H07  1 0.0038 0.0049 0.0022 0.9845 0.0019 0.0027 
         H08  1 0.0046 0.0052 0.0027 0.9798 0.0022 0.0055 
         H09  1 0.0986 0.0341 0.0137 0.8020 0.0426 0.0089 
         H10  1 0.0043 0.0029 0.0022 0.9831 0.0025 0.0050 
         H11  1 0.0026 0.0030 0.0027 0.9868 0.0024 0.0026 
         H12  1 0.0030 0.0023 0.0025 0.9882 0.0021 0.0018 
         H13  1 0.0066 0.0044 0.0031 0.9750 0.0025 0.0084 
         H14  2 0.9224 0.0641 0.0028 0.0042 0.0038 0.0027 
         H15  2 0.5940 0.1818 0.0037 0.2110 0.0032 0.0064 
         H16  2 0.5783 0.1657 0.0037 0.2457 0.0028 0.0038 
         H17  2 0.0955 0.0091 0.0132 0.0132 0.0072 0.8618 
         H18  2 0.0029 0.0026 0.0021 0.0043 0.0042 0.9840 
         H19  2 0.0031 0.0038 0.0022 0.0041 0.0028 0.9841 
         H20  2 0.0448 0.0192 0.0051 0.0401 0.3125 0.5782 
         H21  2 0.0067 0.9660 0.0023 0.0061 0.0166 0.0024 
         H22  2 0.0030 0.0037 0.0023 0.0041 0.0029 0.9839 
         H23  2 0.0039 0.0062 0.0032 0.0048 0.0025 0.9794 
         H24  2 0.0028 0.9795 0.0018 0.0029 0.0109 0.0021 
         H25  2 0.0361 0.0059 0.0303 0.0029 0.0135 0.9113 
         H26  2 0.0040 0.0028 0.0017 0.0038 0.0033 0.9842 
         H27  2 0.0047 0.0039 0.0029 0.0022 0.0102 0.9763 
         H28  2 0.0074 0.0038 0.0028 0.0048 0.0160 0.9651 
         H29  2 0.0053 0.0020 0.0026 0.0023 0.0174 0.9703 
         H30  2 0.0313 0.0214 0.0046 0.0200 0.0166 0.9059 
         H31  3 0.8454 0.0841 0.0163 0.0384 0.0123 0.0035 
         H32  3 0.8071 0.1064 0.0079 0.0556 0.0194 0.0036 
         H33  4 0.6674 0.1513 0.0074 0.0045 0.0933 0.0762 
         H34  4 0.0038 0.0028 0.0034 0.0029 0.9786 0.0085 
         H35  4 0.0027 0.0026 0.0022 0.0026 0.9872 0.0026 
         H36  4 0.0699 0.0163 0.0096 0.0098 0.8802 0.0142 
         H37  4 0.0043 0.0024 0.0026 0.0068 0.9793 0.0046 
         H38  4 0.0029 0.0024 0.0022 0.0026 0.9877 0.0023 
         H39  5 0.8568 0.0370 0.0910 0.0035 0.0042 0.0076 
         H40  5 0.2194 0.1350 0.3793 0.0035 0.2347 0.0281 
         H41  5 0.5965 0.1941 0.1918 0.0089 0.0027 0.0060 
         H42  5 0.0031 0.0018 0.9879 0.0022 0.0026 0.0023 
         H43  5 0.0040 0.0021 0.9869 0.0022 0.0028 0.0019 
         H44  5 0.6271 0.0366 0.0109 0.2733 0.0473 0.0048 
         H45  5 0.9481 0.0216 0.0066 0.0152 0.0052 0.0033 
         H46  5 0.0036 0.0025 0.0032 0.9821 0.0050 0.0036 
         H47  5 0.0031 0.0023 0.0030 0.9821 0.0050 0.0044 
