         H01  1 0.0042 0.0033 0.0024 0.9827 0.0056 0.0019 
         H02  1 0.0023 0.0022 0.0026 0.9885 0.0024 0.0020 
         H03  1 0.0024 0.0022 0.0023 0.9886 0.0025 0.0021 
         H04  1 0.0023 0.0026 0.0024 0.9878 0.0025 0.0024 
         H05  1 0.0025 0.0024 0.0031 0.9876 0.0022 0.0021 
         H06  1 0.0107 0.0095 0.0069 0.7875 0.1825 0.0029 
         H07  1 0.0023 0.0027 0.0039 0.9842 0.0043 0.0026 
         H08  1 0.0031 0.0064 0.0044 0.9769 0.0051 0.0042 
         H09  1 0.0098 0.0116 0.0191 0.7898 0.1245 0.0452 
         H10  1 0.0029 0.0048 0.0025 0.9823 0.0035 0.0039 
         H11  1 0.0026 0.0026 0.0028 0.9871 0.0025 0.0024 
         H12  1 0.0024 0.0020 0.0023 0.9889 0.0023 0.0020 
         H13  1 0.0032 0.0075 0.0028 0.9737 0.0067 0.0061 
         H14  2 0.0045 0.0497 0.0022 0.0038 0.9366 0.0031 
         H15  2 0.0052 0.0053 0.0330 0.1804 0.7716 0.0045 
         H16  2 0.0062 0.0043 0.0341 0.2013 0.7505 0.0036 
         H17  2 0.0067 0.9070 0.0061 0.0053 0.0706 0.0043 
         H18  2 0.0022 0.1137 0.0026 0.0046 0.0071 0.8698 
         H19  2 0.0022 0.0786 0.0058 0.0061 0.0056 0.9018 
         H20  2 0.0246 0.8799 0.0181 0.0259 0.0369 0.0147 
         H21  2 0.0017 0.0019 0.9859 0.0056 0.0025 0.0024 
         H22  2 0.0032 0.9534 0.0029 0.0035 0.0347 0.0024 
         H23  2 0.0051 0.9307 0.0082 0.0037 0.0430 0.0092 
         H24  2 0.0019 0.0019 0.9889 0.0027 0.0024 0.0022 
         H25  2 0.0305 0.8895 0.0067 0.0027 0.0510 0.0195 
         H26  2 0.0023 0.0065 0.0033 0.0037 0.0045 0.9797 
         H27  2 0.0025 0.0080 0.0069 0.0019 0.0048 0.9759 
         H28  2 0.0031 0.9307 0.0026 0.0037 0.0445 0.0153 
         H29  2 0.0098 0.9327 0.0021 0.0022 0.0310 0.0221 
         H30  2 0.0067 0.2109 0.0138 0.0183 0.0539 0.6964 
         H31  3 0.0377 0.0063 0.0046 0.0395 0.9069 0.0050 
         H32  3 0.0894 0.0057 0.0130 0.0527 0.8331 0.0061 
         H33  4 0.0353 0.0141 0.0824 0.0036 0.5466 0.3179 
         H34  4 0.0029 0.0042 0.0027 0.0026 0.0045 0.9832 
         H35  4 0.0027 0.0031 0.0054 0.0040 0.0047 0.9802 
         H36  4 0.0303 0.1842 0.0064 0.0053 0.3945 0.3793 
         H37  4 0.0032 0.0037 0.0033 0.0079 0.0042 0.9777 
         H38  4 0.0030 0.0040 0.0052 0.0042 0.0080 0.9756 
         H39  5 0.1139 0.0277 0.0207 0.0043 0.8286 0.0048 
         H40  5 0.2992 0.0523 0.0586 0.0042 0.4917 0.0940 
         H41  5 0.1109 0.0131 0.1940 0.0093 0.6678 0.0049 
         H42  5 0.9563 0.0307 0.0037 0.0025 0.0044 0.0024 
         H43  5 0.9548 0.0336 0.0020 0.0020 0.0057 0.0019 
         H44  5 0.0059 0.0239 0.0025 0.2601 0.6851 0.0225 
         H45  5 0.0288 0.0261 0.0042 0.0163 0.9195 0.0051 
         H46  5 0.0039 0.0038 0.0024 0.9798 0.0037 0.0063 
         H47  5 0.0030 0.0036 0.0022 0.9827 0.0037 0.0047 
