         H01  1 0.0116 0.0133 0.0180 0.9457 0.0114 
         H02  1 0.0113 0.0153 0.0121 0.9488 0.0125 
         H03  1 0.0138 0.0127 0.0103 0.9538 0.0094 
         H04  1 0.0126 0.0129 0.0116 0.9538 0.0091 
         H05  1 0.0153 0.0099 0.0110 0.9527 0.0112 
         H06  1 0.0109 0.0159 0.1590 0.7930 0.0213 
         H07  1 0.0143 0.0104 0.0125 0.9472 0.0155 
         H08  1 0.0164 0.0128 0.0131 0.9462 0.0116 
         H09  1 0.0214 0.0486 0.0951 0.7914 0.0435 
         H10  1 0.0129 0.0111 0.0125 0.9529 0.0105 
         H11  1 0.0111 0.0150 0.0118 0.9500 0.0121 
         H12  1 0.0127 0.0140 0.0119 0.9487 0.0126 
         H13  1 0.0210 0.0124 0.0148 0.9390 0.0127 
         H14  2 0.0232 0.0235 0.9200 0.0100 0.0232 
         H15  2 0.0199 0.0189 0.7197 0.2193 0.0222 
         H16  2 0.0196 0.0231 0.6869 0.2538 0.0166 
         H17  2 0.8602 0.0293 0.0631 0.0242 0.0233 
         H18  2 0.9359 0.0109 0.0163 0.0196 0.0173 
         H19  2 0.9425 0.0115 0.0113 0.0223 0.0125 
         H20  2 0.6089 0.2274 0.0457 0.0789 0.0392 
         H21  2 0.0151 0.0504 0.0458 0.0187 0.8700 
         H22  2 0.9411 0.0106 0.0138 0.0216 0.0129 
         H23  2 0.9372 0.0112 0.0127 0.0247 0.0141 
         H24  2 0.0120 0.0581 0.0500 0.0099 0.8700 
         H25  2 0.9142 0.0241 0.0323 0.0149 0.0145 
         H26  2 0.9411 0.0107 0.0159 0.0178 0.0145 
         H27  2 0.9383 0.0199 0.0127 0.0142 0.0149 
         H28  2 0.9316 0.0152 0.0188 0.0190 0.0155 
         H29  2 0.9393 0.0194 0.0156 0.0111 0.0146 
         H30  2 0.8881 0.0229 0.0320 0.0274 0.0297 
         H31  3 0.0127 0.0400 0.8393 0.0678 0.0402 
         H32  3 0.0178 0.0182 0.7303 0.0965 0.1370 
         H33  4 0.0687 0.1537 0.6645 0.0137 0.0993 
         H34  4 0.0328 0.9140 0.0157 0.0139 0.0235 
         H35  4 0.0133 0.9044 0.0276 0.0106 0.0441 
         H36  4 0.0330 0.7626 0.1323 0.0177 0.0543 
         H37  4 0.0147 0.9082 0.0233 0.0170 0.0368 
         H38  4 0.0114 0.9107 0.0272 0.0116 0.0391 
         H39  5 0.0165 0.0584 0.8271 0.0150 0.0829 
         H40  5 0.0285 0.1690 0.6941 0.0105 0.0979 
         H41  5 0.0122 0.0396 0.7535 0.0121 0.1825 
         H42  5 0.0117 0.1229 0.8047 0.0095 0.0513 
         H43  5 0.0097 0.1124 0.8248 0.0076 0.0455 
         H44  5 0.0261 0.1044 0.5347 0.3213 0.0135 
         H45  5 0.0195 0.0545 0.8688 0.0163 0.0409 
         H46  5 0.0137 0.0167 0.0138 0.9455 0.0104 
         H47  5 0.0127 0.0179 0.0111 0.9488 0.0095 
