         H01  1 0.0115 0.9673 0.0062 0.0085 0.0066 
         H02  1 0.0074 0.9712 0.0077 0.0067 0.0070 
         H03  1 0.0074 0.9724 0.0066 0.0073 0.0063 
         H04  1 0.0072 0.9735 0.0073 0.0054 0.0066 
         H05  1 0.0073 0.9717 0.0067 0.0073 0.0070 
         H06  1 0.1906 0.7781 0.0075 0.0155 0.0082 
         H07  1 0.0083 0.9697 0.0078 0.0078 0.0065 
         H08  1 0.0085 0.9647 0.0111 0.0086 0.0071 
         H09  1 0.1246 0.7884 0.0129 0.0314 0.0427 
         H10  1 0.0084 0.9664 0.0090 0.0081 0.0080 
         H11  1 0.0076 0.9713 0.0066 0.0077 0.0068 
         H12  1 0.0078 0.9719 0.0065 0.0071 0.0067 
         H13  1 0.0123 0.9562 0.0164 0.0086 0.0065 
         H14  2 0.9533 0.0086 0.0079 0.0109 0.0194 
         H15  2 0.6062 0.2115 0.0133 0.1605 0.0085 
         H16  2 0.6052 0.2297 0.0099 0.1470 0.0082 
         H17  2 0.0836 0.0194 0.8507 0.0280 0.0183 
         H18  2 0.0080 0.0086 0.9670 0.0083 0.0081 
         H19  2 0.0096 0.0091 0.9627 0.0086 0.0099 
         H20  2 0.0195 0.0669 0.5863 0.0230 0.3043 
         H21  2 0.0818 0.0240 0.0099 0.8708 0.0136 
         H22  2 0.0097 0.0076 0.9659 0.0095 0.0073 
         H23  2 0.0098 0.0107 0.9608 0.0108 0.0079 
         H24  2 0.0659 0.0093 0.0073 0.9083 0.0092 
         H25  2 0.0161 0.0070 0.9219 0.0361 0.0189 
         H26  2 0.0102 0.0078 0.9633 0.0083 0.0104 
         H27  2 0.0098 0.0061 0.9585 0.0114 0.0142 
         H28  2 0.0124 0.0099 0.9490 0.0112 0.0175 
         H29  2 0.0087 0.0059 0.9531 0.0092 0.0232 
         H30  2 0.0265 0.0244 0.9060 0.0234 0.0197 
         H31  3 0.8621 0.0437 0.0089 0.0100 0.0752 
         H32  3 0.8227 0.0665 0.0121 0.0670 0.0317 
         H33  4 0.2649 0.0090 0.1469 0.4753 0.1039 
         H34  4 0.0112 0.0070 0.0210 0.0116 0.9492 
         H35  4 0.0100 0.0071 0.0074 0.0099 0.9656 
         H36  4 0.0786 0.0167 0.0219 0.0255 0.8574 
         H37  4 0.0087 0.0134 0.0136 0.0083 0.9561 
         H38  4 0.0094 0.0064 0.0076 0.0089 0.9678 
         H39  5 0.4971 0.0076 0.0175 0.4603 0.0176 
         H40  5 0.0853 0.0075 0.0327 0.6903 0.1841 
         H41  5 0.1469 0.0175 0.0122 0.8113 0.0121 
         H42  5 0.0131 0.0074 0.0089 0.9600 0.0106 
         H43  5 0.0127 0.0081 0.0077 0.9631 0.0084 
         H44  5 0.6388 0.2724 0.0116 0.0124 0.0649 
         H45  5 0.9415 0.0180 0.0088 0.0209 0.0109 
         H46  5 0.0094 0.9651 0.0093 0.0072 0.0090 
         H47  5 0.0081 0.9654 0.0092 0.0069 0.0104 
