         H01  1 0.9899 0.0074 0.0028 
         H02  1 0.9927 0.0037 0.0036 
         H03  1 0.9937 0.0033 0.0030 
         H04  1 0.9921 0.0038 0.0042 
         H05  1 0.9932 0.0035 0.0033 
         H06  1 0.8018 0.1930 0.0053 
         H07  1 0.9904 0.0055 0.0041 
         H08  1 0.9865 0.0057 0.0079 
         H09  1 0.8041 0.1714 0.0245 
         H10  1 0.9880 0.0056 0.0065 
         H11  1 0.9927 0.0041 0.0032 
         H12  1 0.9931 0.0038 0.0031 
         H13  1 0.9832 0.0064 0.0103 
         H14  2 0.0062 0.9890 0.0048 
         H15  2 0.3005 0.6893 0.0102 
         H16  2 0.3369 0.6566 0.0065 
         H17  2 0.0192 0.0723 0.9085 
         H18  2 0.0069 0.0043 0.9888 
         H19  2 0.0082 0.0048 0.9870 
         H20  2 0.1179 0.0612 0.8210 
         H21  2 0.0261 0.9663 0.0076 
         H22  2 0.0078 0.0052 0.9870 
         H23  2 0.0084 0.0068 0.9848 
         H24  2 0.0062 0.9895 0.0043 
         H25  2 0.0045 0.0176 0.9780 
         H26  2 0.0053 0.0053 0.9894 
         H27  2 0.0032 0.0062 0.9906 
         H28  2 0.0073 0.0075 0.9853 
         H29  2 0.0037 0.0035 0.9928 
         H30  2 0.0344 0.0317 0.9340 
         H31  3 0.0794 0.9144 0.0062 
         H32  3 0.1285 0.8620 0.0096 
         H33  4 0.0071 0.7834 0.2096 
         H34  4 0.0039 0.0265 0.9697 
         H35  4 0.0044 0.8160 0.1796 
         H36  4 0.0075 0.2822 0.7104 
         H37  4 0.0132 0.0563 0.9305 
         H38  4 0.0055 0.8121 0.1824 
         H39  5 0.0057 0.9816 0.0127 
         H40  5 0.0045 0.8517 0.1437 
         H41  5 0.0141 0.9767 0.0092 
         H42  5 0.0050 0.9905 0.0045 
         H43  5 0.0046 0.9912 0.0042 
         H44  5 0.3638 0.6203 0.0159 
         H45  5 0.0357 0.9590 0.0053 
         H46  5 0.9894 0.0044 0.0062 
         H47  5 0.9877 0.0059 0.0063 
