         H01  1 0.0034 0.0020 0.0235 0.0065 0.0024 0.0019 0.9603 
         H02  1 0.0019 0.0023 0.0037 0.0024 0.0028 0.0020 0.9849 
         H03  1 0.0022 0.0020 0.0031 0.0024 0.0021 0.0018 0.9864 
         H04  1 0.0023 0.0019 0.0027 0.0023 0.0022 0.0023 0.9863 
         H05  1 0.0023 0.0020 0.0025 0.0022 0.0022 0.0022 0.9865 
         H06  1 0.0065 0.0038 0.0289 0.1775 0.0044 0.0040 0.7749 
         H07  1 0.0026 0.0026 0.0056 0.0038 0.0037 0.0021 0.9794 
         H08  1 0.0031 0.0062 0.0106 0.0052 0.0039 0.0026 0.9685 
         H09  1 0.0172 0.0073 0.0815 0.0818 0.0152 0.0282 0.7689 
         H10  1 0.0029 0.0051 0.0068 0.0039 0.0020 0.0027 0.9767 
         H11  1 0.0024 0.0023 0.0030 0.0024 0.0032 0.0020 0.9848 
         H12  1 0.0023 0.0017 0.0029 0.0021 0.0023 0.0020 0.9866 
         H13  1 0.0026 0.0102 0.0184 0.0054 0.0036 0.0022 0.9576 
         H14  2 0.0049 0.0025 0.0129 0.9692 0.0025 0.0041 0.0039 
         H15  2 0.0393 0.0058 0.8322 0.0888 0.0044 0.0033 0.0262 
         H16  2 0.0349 0.0032 0.8228 0.0852 0.0055 0.0033 0.0450 
         H17  2 0.0195 0.7839 0.0578 0.1133 0.0058 0.0079 0.0119 
         H18  2 0.0024 0.9825 0.0034 0.0026 0.0021 0.0040 0.0031 
         H19  2 0.0020 0.9810 0.0038 0.0031 0.0028 0.0025 0.0049 
         H20  2 0.0070 0.5612 0.0415 0.0717 0.0170 0.2467 0.0550 
         H21  2 0.0032 0.0019 0.0025 0.0030 0.9793 0.0031 0.0069 
         H22  2 0.0028 0.9794 0.0028 0.0040 0.0037 0.0027 0.0046 
         H23  2 0.0024 0.9740 0.0030 0.0040 0.0077 0.0037 0.0051 
         H24  2 0.0018 0.0019 0.0022 0.0021 0.9878 0.0017 0.0025 
         H25  2 0.0453 0.8928 0.0213 0.0211 0.0026 0.0141 0.0029 
         H26  2 0.0021 0.9823 0.0040 0.0029 0.0022 0.0037 0.0029 
         H27  2 0.0023 0.9784 0.0038 0.0029 0.0026 0.0077 0.0023 
         H28  2 0.0031 0.9661 0.0073 0.0054 0.0025 0.0108 0.0048 
         H29  2 0.0027 0.9733 0.0035 0.0038 0.0018 0.0128 0.0022 
         H30  2 0.0051 0.8914 0.0403 0.0203 0.0109 0.0135 0.0186 
         H31  3 0.0074 0.0029 0.7115 0.2346 0.0175 0.0106 0.0155 
         H32  3 0.0309 0.0057 0.3936 0.4867 0.0140 0.0112 0.0578 
         H33  4 0.0698 0.0820 0.0253 0.6869 0.0373 0.0951 0.0036 
         H34  4 0.0046 0.0263 0.0037 0.0067 0.0039 0.9522 0.0026 
         H35  4 0.0032 0.0025 0.0034 0.0041 0.0037 0.9803 0.0028 
         H36  4 0.0102 0.0165 0.0327 0.0905 0.0069 0.8350 0.0082 
         H37  4 0.0047 0.0218 0.0027 0.0069 0.0028 0.9541 0.0069 
         H38  4 0.0031 0.0019 0.0037 0.0040 0.0035 0.9816 0.0023 
         H39  5 0.0343 0.0087 0.0868 0.8426 0.0208 0.0037 0.0031 
         H40  5 0.3923 0.0344 0.0390 0.1860 0.0881 0.2567 0.0034 
         H41  5 0.1715 0.0050 0.0132 0.6505 0.1489 0.0042 0.0068 
         H42  5 0.9609 0.0023 0.0025 0.0253 0.0034 0.0037 0.0019 
         H43  5 0.9521 0.0024 0.0036 0.0308 0.0038 0.0048 0.0024 
         H44  5 0.0099 0.0056 0.0695 0.6577 0.0044 0.0322 0.2207 
         H45  5 0.0485 0.0031 0.0065 0.9195 0.0042 0.0041 0.0141 
         H46  5 0.0032 0.0044 0.0033 0.0037 0.0019 0.0046 0.9790 
         H47  5 0.0031 0.0036 0.0033 0.0038 0.0024 0.0041 0.9798 
