         H01  1 0.9905 0.0031 0.0064 
         H02  1 0.9927 0.0034 0.0038 
         H03  1 0.9936 0.0029 0.0034 
         H04  1 0.9934 0.0033 0.0033 
         H05  1 0.9932 0.0034 0.0034 
         H06  1 0.7871 0.0067 0.2062 
         H07  1 0.9917 0.0038 0.0046 
         H08  1 0.9863 0.0073 0.0065 
         H09  1 0.8149 0.0236 0.1615 
         H10  1 0.9889 0.0056 0.0054 
         H11  1 0.9931 0.0029 0.0040 
         H12  1 0.9930 0.0028 0.0042 
         H13  1 0.9801 0.0113 0.0086 
         H14  2 0.0075 0.0130 0.9795 
         H15  2 0.3322 0.0368 0.6310 
         H16  2 0.3883 0.0300 0.5816 
         H17  2 0.0129 0.8994 0.0877 
         H18  2 0.0051 0.9768 0.0181 
         H19  2 0.0081 0.9808 0.0111 
         H20  2 0.1021 0.7891 0.1088 
         H21  2 0.0163 0.0319 0.9518 
         H22  2 0.0056 0.9505 0.0439 
         H23  2 0.0075 0.9354 0.0570 
         H24  2 0.0059 0.0216 0.9725 
         H25  2 0.0038 0.9627 0.0335 
         H26  2 0.0064 0.9766 0.0170 
         H27  2 0.0035 0.9847 0.0118 
         H28  2 0.0063 0.9653 0.0284 
         H29  2 0.0032 0.9568 0.0400 
         H30  2 0.0302 0.9209 0.0489 
         H31  3 0.0696 0.0349 0.8955 
         H32  3 0.1260 0.0200 0.8540 
         H33  4 0.0057 0.2009 0.7935 
         H34  4 0.0034 0.8534 0.1432 
         H35  4 0.0043 0.2504 0.7453 
         H36  4 0.0074 0.5658 0.4267 
         H37  4 0.0123 0.7724 0.2154 
         H38  4 0.0044 0.2515 0.7441 
         H39  5 0.0051 0.0345 0.9604 
         H40  5 0.0045 0.1266 0.8689 
         H41  5 0.0121 0.0236 0.9643 
         H42  5 0.0043 0.0410 0.9547 
         H43  5 0.0044 0.0463 0.9493 
         H44  5 0.3902 0.0218 0.5880 
         H45  5 0.0323 0.0234 0.9442 
         H46  5 0.9886 0.0066 0.0048 
         H47  5 0.9873 0.0077 0.0051 
