         H01  1 0.0020 0.0051 0.0113 0.0027 0.0020 0.9769 
         H02  1 0.0019 0.0023 0.0035 0.0026 0.0023 0.9873 
         H03  1 0.0019 0.0024 0.0027 0.0021 0.0019 0.9890 
         H04  1 0.0025 0.0025 0.0024 0.0023 0.0024 0.9879 
         H05  1 0.0026 0.0022 0.0024 0.0021 0.0020 0.9886 
         H06  1 0.0030 0.0090 0.1639 0.0271 0.0043 0.7927 
         H07  1 0.0031 0.0025 0.0033 0.0041 0.0019 0.9850 
         H08  1 0.0069 0.0024 0.0039 0.0049 0.0020 0.9798 
         H09  1 0.0082 0.0099 0.1109 0.0376 0.0413 0.7920 
         H10  1 0.0051 0.0028 0.0040 0.0022 0.0031 0.9827 
         H11  1 0.0023 0.0021 0.0024 0.0028 0.0020 0.9884 
         H12  1 0.0020 0.0019 0.0029 0.0021 0.0024 0.9886 
         H13  1 0.0099 0.0031 0.0068 0.0033 0.0025 0.9744 
         H14  2 0.0028 0.0419 0.8738 0.0738 0.0048 0.0030 
         H15  2 0.0063 0.0078 0.8889 0.0064 0.0026 0.0880 
         H16  2 0.0047 0.0064 0.8788 0.0058 0.0029 0.1014 
         H17  2 0.8795 0.0093 0.0781 0.0094 0.0104 0.0133 
         H18  2 0.9844 0.0020 0.0041 0.0023 0.0040 0.0032 
         H19  2 0.9841 0.0019 0.0032 0.0041 0.0029 0.0038 
         H20  2 0.6020 0.0060 0.0452 0.0259 0.2766 0.0443 
         H21  2 0.0029 0.0023 0.0030 0.9809 0.0031 0.0079 
         H22  2 0.9842 0.0025 0.0030 0.0039 0.0023 0.0041 
         H23  2 0.9802 0.0028 0.0038 0.0050 0.0030 0.0052 
         H24  2 0.0024 0.0032 0.0030 0.9864 0.0022 0.0028 
         H25  2 0.9322 0.0397 0.0116 0.0044 0.0095 0.0026 
         H26  2 0.9849 0.0018 0.0042 0.0034 0.0027 0.0030 
         H27  2 0.9781 0.0031 0.0035 0.0039 0.0086 0.0028 
         H28  2 0.9698 0.0032 0.0055 0.0035 0.0126 0.0054 
         H29  2 0.9741 0.0028 0.0031 0.0025 0.0152 0.0024 
         H30  2 0.8984 0.0057 0.0429 0.0201 0.0130 0.0199 
         H31  3 0.0039 0.0030 0.9572 0.0048 0.0112 0.0200 
         H32  3 0.0037 0.0180 0.8549 0.0603 0.0116 0.0516 
         H33  4 0.1001 0.0594 0.4802 0.2269 0.1294 0.0039 
         H34  4 0.0067 0.0030 0.0032 0.0026 0.9822 0.0023 
         H35  4 0.0023 0.0020 0.0031 0.0021 0.9883 0.0023 
         H36  4 0.0176 0.0119 0.0375 0.0094 0.9130 0.0106 
         H37  4 0.0058 0.0044 0.0064 0.0039 0.9727 0.0068 
         H38  4 0.0026 0.0023 0.0023 0.0023 0.9881 0.0024 
         H39  5 0.0103 0.1999 0.5534 0.2272 0.0056 0.0035 
         H40  5 0.0222 0.4434 0.0912 0.1112 0.3286 0.0034 
         H41  5 0.0048 0.1805 0.4609 0.3415 0.0046 0.0076 
         H42  5 0.0025 0.9879 0.0023 0.0023 0.0026 0.0023 
         H43  5 0.0020 0.9881 0.0029 0.0021 0.0025 0.0023 
         H44  5 0.0052 0.0052 0.6964 0.0610 0.0373 0.1948 
         H45  5 0.0032 0.0071 0.8154 0.1586 0.0043 0.0114 
         H46  5 0.0034 0.0028 0.0031 0.0024 0.0053 0.9830 
         H47  5 0.0030 0.0029 0.0034 0.0027 0.0041 0.9840 
