         H01  1 0.9927 0.0046 0.0027 
         H02  1 0.9938 0.0032 0.0031 
         H03  1 0.9943 0.0030 0.0027 
         H04  1 0.9936 0.0029 0.0035 
         H05  1 0.9934 0.0033 0.0033 
         H06  1 0.7958 0.1996 0.0046 
         H07  1 0.9922 0.0042 0.0036 
         H08  1 0.9866 0.0057 0.0077 
         H09  1 0.8219 0.1482 0.0299 
         H10  1 0.9898 0.0045 0.0057 
         H11  1 0.9933 0.0040 0.0027 
         H12  1 0.9942 0.0030 0.0028 
         H13  1 0.9792 0.0088 0.0120 
         H14  2 0.0063 0.9894 0.0043 
         H15  2 0.3369 0.6529 0.0101 
         H16  2 0.3787 0.6153 0.0060 
         H17  2 0.0148 0.0719 0.9132 
         H18  2 0.0056 0.0045 0.9899 
         H19  2 0.0063 0.0043 0.9894 
         H20  2 0.0933 0.0818 0.8248 
         H21  2 0.0239 0.9693 0.0068 
         H22  2 0.0059 0.0064 0.9878 
         H23  2 0.0070 0.0059 0.9871 
         H24  2 0.0064 0.9887 0.0049 
         H25  2 0.0042 0.0180 0.9778 
         H26  2 0.0046 0.0053 0.9902 
         H27  2 0.0034 0.0039 0.9927 
         H28  2 0.0066 0.0078 0.9856 
         H29  2 0.0028 0.0043 0.9929 
         H30  2 0.0311 0.0273 0.9416 
         H31  3 0.0938 0.9014 0.0048 
         H32  3 0.1340 0.8595 0.0065 
         H33  4 0.0055 0.8748 0.1197 
         H34  4 0.0037 0.1482 0.8481 
         H35  4 0.0045 0.7121 0.2834 
         H36  4 0.0054 0.4543 0.5403 
         H37  4 0.0105 0.1882 0.8013 
         H38  4 0.0043 0.7107 0.2850 
         H39  5 0.0049 0.9860 0.0091 
         H40  5 0.0043 0.9278 0.0679 
         H41  5 0.0120 0.9814 0.0067 
         H42  5 0.0038 0.9922 0.0040 
         H43  5 0.0043 0.9919 0.0038 
         H44  5 0.3701 0.6134 0.0164 
         H45  5 0.0281 0.9661 0.0058 
         H46  5 0.9892 0.0051 0.0057 
         H47  5 0.9896 0.0045 0.0060 
