         H01  1 0.0024 0.9836 0.0044 0.0021 0.0022 0.0053 
         H02  1 0.0022 0.9878 0.0024 0.0022 0.0026 0.0027 
         H03  1 0.0021 0.9883 0.0024 0.0024 0.0021 0.0028 
         H04  1 0.0023 0.9880 0.0025 0.0021 0.0026 0.0026 
         H05  1 0.0021 0.9888 0.0022 0.0019 0.0022 0.0028 
         H06  1 0.0058 0.7924 0.0077 0.0045 0.0026 0.1870 
         H07  1 0.0031 0.9844 0.0025 0.0026 0.0037 0.0037 
         H08  1 0.0050 0.9792 0.0033 0.0029 0.0049 0.0048 
         H09  1 0.0063 0.7934 0.0147 0.0448 0.0177 0.1232 
         H10  1 0.0038 0.9840 0.0027 0.0025 0.0038 0.0033 
         H11  1 0.0026 0.9878 0.0026 0.0022 0.0022 0.0027 
         H12  1 0.0022 0.9891 0.0020 0.0021 0.0020 0.0025 
         H13  1 0.0059 0.9737 0.0032 0.0027 0.0091 0.0054 
         H14  2 0.0031 0.0035 0.0038 0.0045 0.0024 0.9826 
         H15  2 0.0103 0.1834 0.0662 0.0051 0.0099 0.7251 
         H16  2 0.0039 0.2364 0.0640 0.0051 0.0044 0.6862 
         H17  2 0.9642 0.0052 0.0042 0.0063 0.0065 0.0137 
         H18  2 0.0317 0.0040 0.0017 0.0024 0.9577 0.0024 
         H19  2 0.0245 0.0039 0.0019 0.0040 0.9628 0.0029 
         H20  2 0.8904 0.0228 0.0053 0.0622 0.0042 0.0151 
         H21  2 0.0035 0.0117 0.0026 0.5075 0.0032 0.4715 
         H22  2 0.9830 0.0029 0.0024 0.0026 0.0065 0.0026 
         H23  2 0.9715 0.0037 0.0038 0.0047 0.0118 0.0046 
         H24  2 0.0024 0.0031 0.0040 0.5027 0.0039 0.4840 
         H25  2 0.9478 0.0026 0.0219 0.0064 0.0115 0.0099 
         H26  2 0.0036 0.0023 0.0021 0.0029 0.9859 0.0032 
         H27  2 0.0059 0.0022 0.0024 0.0071 0.9771 0.0052 
         H28  2 0.9766 0.0035 0.0025 0.0063 0.0063 0.0048 
         H29  2 0.9650 0.0024 0.0030 0.0059 0.0193 0.0043 
         H30  2 0.3691 0.0178 0.0091 0.0213 0.5587 0.0239 
         H31  3 0.0036 0.0487 0.0290 0.0141 0.0042 0.9005 
         H32  3 0.0049 0.0754 0.0215 0.0132 0.0051 0.8799 
         H33  4 0.0085 0.0035 0.1025 0.1234 0.3418 0.4204 
         H34  4 0.0034 0.0027 0.0025 0.5669 0.4201 0.0043 
         H35  4 0.0033 0.0023 0.0025 0.6919 0.2965 0.0034 
         H36  4 0.1194 0.0100 0.0189 0.5414 0.1041 0.2063 
         H37  4 0.0033 0.0077 0.0026 0.6169 0.3650 0.0046 
         H38  4 0.0041 0.0026 0.0024 0.6914 0.2949 0.0046 
         H39  5 0.0197 0.0032 0.2224 0.0287 0.0069 0.7191 
         H40  5 0.0500 0.0037 0.3716 0.1716 0.0179 0.3852 
         H41  5 0.0053 0.0096 0.1945 0.1028 0.0048 0.6830 
         H42  5 0.0028 0.0020 0.9882 0.0027 0.0020 0.0024 
         H43  5 0.0021 0.0026 0.9876 0.0024 0.0020 0.0034 
         H44  5 0.0081 0.2565 0.0145 0.0615 0.0053 0.6542 
         H45  5 0.0032 0.0187 0.0056 0.0066 0.0044 0.9615 
         H46  5 0.0035 0.9805 0.0037 0.0032 0.0053 0.0038 
         H47  5 0.0040 0.9792 0.0033 0.0042 0.0056 0.0037 
