         H01  1 0.0083 0.0077 0.0116 0.9663 0.0061 
         H02  1 0.0070 0.0074 0.0077 0.9720 0.0060 
         H03  1 0.0067 0.0073 0.0064 0.9728 0.0067 
         H04  1 0.0070 0.0064 0.0069 0.9729 0.0067 
         H05  1 0.0072 0.0069 0.0066 0.9730 0.0063 
         H06  1 0.0225 0.0098 0.2108 0.7484 0.0085 
         H07  1 0.0086 0.0065 0.0092 0.9671 0.0087 
         H08  1 0.0097 0.0089 0.0108 0.9621 0.0084 
         H09  1 0.0647 0.0125 0.1206 0.7623 0.0398 
         H10  1 0.0071 0.0108 0.0072 0.9671 0.0078 
         H11  1 0.0065 0.0073 0.0083 0.9713 0.0066 
         H12  1 0.0075 0.0059 0.0069 0.9730 0.0067 
         H13  1 0.0071 0.0120 0.0127 0.9581 0.0101 
         H14  2 0.0399 0.0113 0.9185 0.0097 0.0206 
         H15  2 0.0444 0.0116 0.7860 0.1398 0.0181 
         H16  2 0.0384 0.0105 0.7467 0.1817 0.0228 
         H17  2 0.0221 0.9143 0.0341 0.0127 0.0169 
         H18  2 0.0105 0.1266 0.0139 0.0098 0.8393 
         H19  2 0.0123 0.0888 0.0135 0.0113 0.8741 
         H20  2 0.0174 0.8938 0.0220 0.0398 0.0271 
         H21  2 0.8584 0.0112 0.0895 0.0277 0.0133 
         H22  2 0.0106 0.9619 0.0109 0.0073 0.0094 
         H23  2 0.0108 0.9512 0.0133 0.0092 0.0155 
         H24  2 0.8955 0.0106 0.0700 0.0112 0.0127 
         H25  2 0.0299 0.8997 0.0256 0.0084 0.0364 
         H26  2 0.0111 0.0125 0.0121 0.0073 0.9571 
         H27  2 0.0125 0.0165 0.0126 0.0065 0.9518 
         H28  2 0.0096 0.9520 0.0124 0.0085 0.0175 
         H29  2 0.0106 0.9428 0.0113 0.0063 0.0289 
         H30  2 0.0162 0.2353 0.0618 0.0261 0.6606 
         H31  3 0.0393 0.0162 0.8872 0.0459 0.0113 
         H32  3 0.1052 0.0122 0.7918 0.0711 0.0197 
         H33  4 0.4730 0.0134 0.0754 0.0084 0.4298 
         H34  4 0.0095 0.0138 0.0117 0.0070 0.9581 
         H35  4 0.0139 0.0461 0.0122 0.0081 0.9198 
         H36  4 0.0512 0.2349 0.2427 0.0117 0.4596 
         H37  4 0.0100 0.0120 0.0205 0.0137 0.9438 
         H38  4 0.0121 0.0447 0.0138 0.0067 0.9226 
         H39  5 0.6255 0.0314 0.3196 0.0088 0.0148 
         H40  5 0.6931 0.0912 0.1109 0.0083 0.0965 
         H41  5 0.8676 0.0157 0.0901 0.0125 0.0141 
         H42  5 0.9466 0.0106 0.0275 0.0060 0.0093 
         H43  5 0.9511 0.0085 0.0199 0.0065 0.0141 
         H44  5 0.0481 0.0151 0.6525 0.2606 0.0238 
         H45  5 0.0361 0.0103 0.9158 0.0188 0.0190 
         H46  5 0.0075 0.0093 0.0085 0.9648 0.0099 
         H47  5 0.0074 0.0090 0.0078 0.9661 0.0098 
