         H01  1 0.9883 0.0036 0.0081 
         H02  1 0.9916 0.0036 0.0048 
         H03  1 0.9923 0.0035 0.0042 
         H04  1 0.9924 0.0039 0.0036 
         H05  1 0.9914 0.0041 0.0045 
         H06  1 0.7945 0.0049 0.2006 
         H07  1 0.9897 0.0048 0.0054 
         H08  1 0.9842 0.0101 0.0057 
         H09  1 0.8179 0.0192 0.1630 
         H10  1 0.9883 0.0065 0.0052 
         H11  1 0.9920 0.0037 0.0043 
         H12  1 0.9924 0.0033 0.0043 
         H13  1 0.9770 0.0147 0.0083 
         H14  2 0.0077 0.0054 0.9869 
         H15  2 0.3632 0.0132 0.6236 
         H16  2 0.4461 0.0096 0.5443 
         H17  2 0.0217 0.8917 0.0866 
         H18  2 0.0075 0.9872 0.0053 
         H19  2 0.0083 0.9865 0.0052 
         H20  2 0.1385 0.7673 0.0943 
         H21  2 0.0292 0.0081 0.9627 
         H22  2 0.0081 0.9865 0.0054 
         H23  2 0.0088 0.9848 0.0064 
         H24  2 0.0072 0.0065 0.9862 
         H25  2 0.0047 0.9712 0.0240 
         H26  2 0.0056 0.9892 0.0052 
         H27  2 0.0041 0.9899 0.0060 
         H28  2 0.0099 0.9819 0.0082 
         H29  2 0.0033 0.9908 0.0059 
         H30  2 0.0335 0.9226 0.0439 
         H31  3 0.0938 0.0055 0.9007 
         H32  3 0.1620 0.0089 0.8291 
         H33  4 0.0067 0.1374 0.8560 
         H34  4 0.0037 0.7473 0.2490 
         H35  4 0.0050 0.0179 0.9771 
         H36  4 0.0084 0.4347 0.5569 
         H37  4 0.0154 0.6566 0.3280 
         H38  4 0.0056 0.0133 0.9811 
         H39  5 0.0057 0.0130 0.9813 
         H40  5 0.0050 0.0909 0.9040 
         H41  5 0.0129 0.0092 0.9779 
         H42  5 0.0039 0.0049 0.9912 
         H43  5 0.0045 0.0042 0.9913 
         H44  5 0.3891 0.0143 0.5966 
         H45  5 0.0456 0.0063 0.9482 
         H46  5 0.9851 0.0080 0.0069 
         H47  5 0.9864 0.0076 0.0060 
