         H01  1 0.9897 0.0068 0.0035 
         H02  1 0.9928 0.0042 0.0030 
         H03  1 0.9923 0.0040 0.0037 
         H04  1 0.9933 0.0035 0.0032 
         H05  1 0.9930 0.0039 0.0031 
         H06  1 0.8089 0.1846 0.0066 
         H07  1 0.9913 0.0045 0.0042 
         H08  1 0.9861 0.0054 0.0084 
         H09  1 0.8265 0.1496 0.0240 
         H10  1 0.9881 0.0053 0.0066 
         H11  1 0.9923 0.0040 0.0037 
         H12  1 0.9937 0.0033 0.0030 
         H13  1 0.9806 0.0076 0.0119 
         H14  2 0.0065 0.9888 0.0048 
         H15  2 0.3228 0.6666 0.0107 
         H16  2 0.3796 0.6137 0.0067 
         H17  2 0.0148 0.0741 0.9111 
         H18  2 0.0065 0.0048 0.9887 
         H19  2 0.0096 0.0047 0.9857 
         H20  2 0.0983 0.0578 0.8440 
         H21  2 0.0243 0.9685 0.0072 
         H22  2 0.0083 0.0045 0.9872 
         H23  2 0.0087 0.0078 0.9835 
         H24  2 0.0079 0.9862 0.0059 
         H25  2 0.0047 0.0203 0.9750 
         H26  2 0.0055 0.0050 0.9895 
         H27  2 0.0044 0.0060 0.9896 
         H28  2 0.0078 0.0091 0.9831 
         H29  2 0.0035 0.0052 0.9913 
         H30  2 0.0345 0.0287 0.9368 
         H31  3 0.0966 0.8979 0.0055 
         H32  3 0.1461 0.8469 0.0071 
         H33  4 0.0063 0.8904 0.1033 
         H34  4 0.0037 0.0681 0.9282 
         H35  4 0.0048 0.8519 0.1433 
         H36  4 0.0072 0.4007 0.5921 
         H37  4 0.0155 0.1272 0.8573 
         H38  4 0.0056 0.8501 0.1443 
         H39  5 0.0058 0.9815 0.0126 
         H40  5 0.0049 0.9298 0.0653 
         H41  5 0.0157 0.9769 0.0074 
         H42  5 0.0051 0.9902 0.0047 
         H43  5 0.0042 0.9914 0.0044 
         H44  5 0.3997 0.5721 0.0282 
         H45  5 0.0319 0.9626 0.0055 
         H46  5 0.9869 0.0055 0.0076 
         H47  5 0.9874 0.0056 0.0070 
