         H01  1 0.0092 0.9859 0.0049 
         H02  1 0.0056 0.9895 0.0050 
         H03  1 0.0048 0.9910 0.0041 
         H04  1 0.0053 0.9899 0.0048 
         H05  1 0.0057 0.9893 0.0050 
         H06  1 0.1899 0.7951 0.0150 
         H07  1 0.0060 0.9878 0.0062 
         H08  1 0.0080 0.9807 0.0113 
         H09  1 0.1388 0.8285 0.0327 
         H10  1 0.0077 0.9841 0.0082 
         H11  1 0.0059 0.9897 0.0044 
         H12  1 0.0048 0.9907 0.0045 
         H13  1 0.0096 0.9768 0.0136 
         H14  2 0.9732 0.0101 0.0167 
         H15  2 0.6033 0.3637 0.0330 
         H16  2 0.5535 0.4108 0.0358 
         H17  2 0.1359 0.0226 0.8415 
         H18  2 0.0227 0.0096 0.9677 
         H19  2 0.0300 0.0113 0.9587 
         H20  2 0.1104 0.1332 0.7564 
         H21  2 0.9388 0.0286 0.0326 
         H22  2 0.0553 0.0086 0.9362 
         H23  2 0.0537 0.0112 0.9351 
         H24  2 0.9555 0.0086 0.0359 
         H25  2 0.0440 0.0062 0.9497 
         H26  2 0.0280 0.0070 0.9650 
         H27  2 0.0237 0.0058 0.9705 
         H28  2 0.0447 0.0095 0.9458 
         H29  2 0.0328 0.0049 0.9623 
         H30  2 0.0477 0.0365 0.9158 
         H31  3 0.8520 0.0965 0.0515 
         H32  3 0.8475 0.1347 0.0178 
         H33  4 0.8672 0.0084 0.1244 
         H34  4 0.2252 0.0055 0.7693 
         H35  4 0.8547 0.0063 0.1389 
         H36  4 0.5071 0.0089 0.4840 
         H37  4 0.2718 0.0137 0.7145 
         H38  4 0.8479 0.0069 0.1452 
         H39  5 0.9682 0.0083 0.0235 
         H40  5 0.9329 0.0068 0.0602 
         H41  5 0.9415 0.0152 0.0433 
         H42  5 0.9801 0.0065 0.0134 
         H43  5 0.9806 0.0071 0.0123 
         H44  5 0.5948 0.3743 0.0309 
         H45  5 0.9214 0.0380 0.0406 
         H46  5 0.0078 0.9833 0.0089 
         H47  5 0.0077 0.9829 0.0094 
