         H01  1 0.0037 0.0192 0.0049 0.9554 0.0076 0.0045 0.0048 
         H02  1 0.0037 0.0055 0.0036 0.9747 0.0046 0.0042 0.0037 
         H03  1 0.0035 0.0049 0.0034 0.9767 0.0041 0.0036 0.0039 
         H04  1 0.0041 0.0041 0.0037 0.9776 0.0033 0.0040 0.0033 
         H05  1 0.0037 0.0045 0.0038 0.9776 0.0034 0.0036 0.0034 
         H06  1 0.0061 0.0360 0.0221 0.7818 0.1366 0.0093 0.0081 
         H07  1 0.0055 0.0059 0.0057 0.9689 0.0056 0.0039 0.0045 
         H08  1 0.0076 0.0080 0.0058 0.9633 0.0065 0.0043 0.0045 
         H09  1 0.0113 0.0660 0.0406 0.7677 0.0732 0.0280 0.0132 
         H10  1 0.0065 0.0061 0.0036 0.9689 0.0057 0.0045 0.0047 
         H11  1 0.0039 0.0058 0.0048 0.9732 0.0050 0.0034 0.0040 
         H12  1 0.0035 0.0052 0.0034 0.9774 0.0037 0.0034 0.0033 
         H13  1 0.0083 0.0141 0.0046 0.9576 0.0068 0.0043 0.0042 
         H14  2 0.0058 0.0370 0.0999 0.0059 0.8229 0.0135 0.0149 
         H15  2 0.0074 0.8515 0.0292 0.0471 0.0441 0.0113 0.0094 
         H16  2 0.0053 0.8217 0.0567 0.0583 0.0440 0.0083 0.0058 
         H17  2 0.8456 0.0233 0.0309 0.0116 0.0613 0.0155 0.0117 
         H18  2 0.9632 0.0063 0.0065 0.0050 0.0067 0.0071 0.0053 
         H19  2 0.9611 0.0058 0.0075 0.0058 0.0076 0.0067 0.0055 
         H20  2 0.6232 0.0399 0.0417 0.0437 0.0416 0.1976 0.0123 
         H21  2 0.0053 0.0779 0.8046 0.0115 0.0843 0.0110 0.0056 
         H22  2 0.9620 0.0070 0.0067 0.0052 0.0068 0.0063 0.0059 
         H23  2 0.9556 0.0076 0.0091 0.0060 0.0081 0.0071 0.0066 
         H24  2 0.0065 0.0736 0.8086 0.0039 0.0936 0.0068 0.0069 
         H25  2 0.9002 0.0146 0.0166 0.0040 0.0181 0.0121 0.0344 
         H26  2 0.9598 0.0064 0.0086 0.0043 0.0067 0.0079 0.0063 
         H27  2 0.9530 0.0064 0.0081 0.0036 0.0082 0.0117 0.0090 
         H28  2 0.9390 0.0126 0.0079 0.0071 0.0105 0.0172 0.0057 
         H29  2 0.9536 0.0079 0.0053 0.0031 0.0094 0.0144 0.0063 
         H30  2 0.8677 0.0368 0.0201 0.0178 0.0324 0.0141 0.0112 
         H31  3 0.0061 0.7317 0.0438 0.0183 0.1633 0.0306 0.0063 
         H32  3 0.0072 0.4413 0.1226 0.0557 0.3367 0.0115 0.0250 
         H33  4 0.0839 0.0691 0.1680 0.0046 0.5692 0.0892 0.0159 
         H34  4 0.0117 0.0178 0.0163 0.0036 0.0195 0.9228 0.0082 
         H35  4 0.0055 0.0081 0.0120 0.0037 0.0151 0.9438 0.0119 
         H36  4 0.0196 0.0588 0.0430 0.0107 0.1619 0.6882 0.0178 
         H37  4 0.0108 0.0113 0.0106 0.0083 0.0113 0.9221 0.0257 
         H38  4 0.0054 0.0082 0.0163 0.0042 0.0171 0.9343 0.0145 
         H39  5 0.0116 0.0327 0.1676 0.0047 0.7150 0.0114 0.0571 
         H40  5 0.0221 0.0578 0.1375 0.0043 0.3856 0.1322 0.2605 
         H41  5 0.0105 0.0258 0.2041 0.0097 0.6384 0.0162 0.0953 
         H42  5 0.0051 0.0120 0.0117 0.0032 0.0109 0.0080 0.9491 
         H43  5 0.0047 0.0062 0.0247 0.0031 0.0073 0.0070 0.9470 
         H44  5 0.0080 0.1115 0.0366 0.3516 0.3690 0.1016 0.0216 
         H45  5 0.0052 0.0414 0.1320 0.0168 0.7805 0.0097 0.0144 
         H46  5 0.0059 0.0047 0.0042 0.9698 0.0050 0.0059 0.0046 
         H47  5 0.0047 0.0047 0.0041 0.9700 0.0050 0.0068 0.0046 
