         H01  1 0.0041 0.0206 0.0060 0.0039 0.9549 0.0070 0.0036 
         H02  1 0.0034 0.0046 0.0036 0.0039 0.9764 0.0041 0.0039 
         H03  1 0.0035 0.0066 0.0032 0.0031 0.9757 0.0040 0.0038 
         H04  1 0.0037 0.0048 0.0041 0.0039 0.9770 0.0036 0.0029 
         H05  1 0.0038 0.0038 0.0033 0.0035 0.9784 0.0035 0.0038 
         H06  1 0.0047 0.0255 0.0055 0.0073 0.7700 0.1822 0.0048 
         H07  1 0.0044 0.0076 0.0040 0.0056 0.9696 0.0047 0.0040 
         H08  1 0.0081 0.0102 0.0039 0.0070 0.9584 0.0080 0.0045 
         H09  1 0.0075 0.0765 0.0102 0.0249 0.7558 0.0944 0.0307 
         H10  1 0.0053 0.0079 0.0042 0.0042 0.9684 0.0042 0.0059 
         H11  1 0.0036 0.0057 0.0033 0.0048 0.9752 0.0040 0.0034 
         H12  1 0.0027 0.0061 0.0035 0.0038 0.9763 0.0039 0.0037 
         H13  1 0.0101 0.0147 0.0038 0.0052 0.9557 0.0058 0.0046 
         H14  2 0.0046 0.0203 0.0049 0.0053 0.0046 0.9542 0.0061 
         H15  2 0.0066 0.8841 0.0218 0.0069 0.0457 0.0299 0.0049 
         H16  2 0.0051 0.8704 0.0162 0.0071 0.0572 0.0400 0.0040 
         H17  2 0.8345 0.0562 0.0112 0.0110 0.0115 0.0598 0.0158 
         H18  2 0.9695 0.0054 0.0047 0.0042 0.0049 0.0054 0.0060 
         H19  2 0.9694 0.0049 0.0042 0.0048 0.0058 0.0069 0.0039 
         H20  2 0.5907 0.0223 0.0091 0.0246 0.0504 0.0552 0.2476 
         H21  2 0.0044 0.0054 0.0037 0.9701 0.0066 0.0058 0.0040 
         H22  2 0.9694 0.0040 0.0042 0.0062 0.0071 0.0056 0.0035 
         H23  2 0.9625 0.0053 0.0046 0.0111 0.0071 0.0052 0.0041 
         H24  2 0.0038 0.0043 0.0041 0.9708 0.0037 0.0073 0.0060 
         H25  2 0.9063 0.0192 0.0317 0.0051 0.0044 0.0190 0.0142 
         H26  2 0.9712 0.0045 0.0039 0.0049 0.0043 0.0061 0.0053 
         H27  2 0.9645 0.0045 0.0046 0.0055 0.0040 0.0071 0.0099 
         H28  2 0.9491 0.0093 0.0057 0.0050 0.0068 0.0075 0.0166 
         H29  2 0.9587 0.0057 0.0067 0.0035 0.0038 0.0054 0.0161 
         H30  2 0.8746 0.0304 0.0086 0.0152 0.0241 0.0244 0.0226 
         H31  3 0.0042 0.6889 0.0043 0.0105 0.0238 0.2566 0.0118 
         H32  3 0.0058 0.4135 0.0160 0.0272 0.0642 0.4616 0.0118 
         H33  4 0.0495 0.0760 0.0184 0.0255 0.0041 0.7652 0.0612 
         H34  4 0.0173 0.0053 0.0052 0.0047 0.0044 0.0077 0.9554 
         H35  4 0.0042 0.0088 0.0042 0.0058 0.0044 0.0049 0.9677 
         H36  4 0.0189 0.0543 0.0100 0.0079 0.0106 0.1009 0.7975 
         H37  4 0.0063 0.0048 0.0042 0.0049 0.0093 0.0077 0.9627 
         H38  4 0.0037 0.0069 0.0040 0.0058 0.0045 0.0061 0.9690 
         H39  5 0.0117 0.0290 0.0595 0.0707 0.0045 0.8127 0.0120 
         H40  5 0.0391 0.1116 0.3201 0.0464 0.0042 0.3282 0.1506 
         H41  5 0.0054 0.0343 0.0604 0.1322 0.0068 0.7553 0.0055 
         H42  5 0.0053 0.0038 0.9749 0.0034 0.0031 0.0048 0.0046 
         H43  5 0.0052 0.0056 0.9742 0.0037 0.0030 0.0049 0.0034 
         H44  5 0.0073 0.1086 0.0056 0.0052 0.2039 0.6183 0.0510 
         H45  5 0.0047 0.0281 0.0072 0.0061 0.0133 0.9344 0.0061 
         H46  5 0.0065 0.0052 0.0047 0.0047 0.9676 0.0049 0.0063 
         H47  5 0.0047 0.0057 0.0038 0.0030 0.9708 0.0055 0.0065 
