         H01  1 0.0061 0.9899 0.0040 
         H02  1 0.0037 0.9926 0.0037 
         H03  1 0.0035 0.9935 0.0029 
         H04  1 0.0045 0.9920 0.0035 
         H05  1 0.0040 0.9920 0.0040 
         H06  1 0.2117 0.7826 0.0057 
         H07  1 0.0051 0.9909 0.0040 
         H08  1 0.0056 0.9863 0.0081 
         H09  1 0.1633 0.8128 0.0239 
         H10  1 0.0060 0.9870 0.0070 
         H11  1 0.0038 0.9927 0.0035 
         H12  1 0.0042 0.9926 0.0032 
         H13  1 0.0097 0.9765 0.0138 
         H14  2 0.9880 0.0079 0.0042 
         H15  2 0.6807 0.3074 0.0119 
         H16  2 0.6261 0.3648 0.0091 
         H17  2 0.0988 0.0207 0.8805 
         H18  2 0.0052 0.0073 0.9875 
         H19  2 0.0054 0.0088 0.9858 
         H20  2 0.0709 0.1322 0.7969 
         H21  2 0.9650 0.0270 0.0080 
         H22  2 0.0057 0.0067 0.9876 
         H23  2 0.0063 0.0072 0.9865 
         H24  2 0.9880 0.0060 0.0059 
         H25  2 0.0231 0.0048 0.9720 
         H26  2 0.0054 0.0058 0.9888 
         H27  2 0.0061 0.0040 0.9899 
         H28  2 0.0107 0.0082 0.9810 
         H29  2 0.0043 0.0038 0.9920 
         H30  2 0.0359 0.0366 0.9275 
         H31  3 0.9049 0.0905 0.0046 
         H32  3 0.8604 0.1324 0.0071 
         H33  4 0.8557 0.0069 0.1374 
         H34  4 0.1208 0.0038 0.8754 
         H35  4 0.9757 0.0049 0.0193 
         H36  4 0.4371 0.0085 0.5543 
         H37  4 0.1707 0.0127 0.8166 
         H38  4 0.9795 0.0052 0.0154 
         H39  5 0.9816 0.0056 0.0128 
         H40  5 0.9408 0.0056 0.0536 
         H41  5 0.9768 0.0141 0.0091 
         H42  5 0.9909 0.0048 0.0043 
         H43  5 0.9909 0.0047 0.0045 
         H44  5 0.5998 0.3795 0.0207 
         H45  5 0.9606 0.0344 0.0050 
         H46  5 0.0054 0.9874 0.0072 
         H47  5 0.0044 0.9890 0.0067 
