         H01  1 0.0065 0.0020 0.0025 0.0023 0.9820 0.0047 
         H02  1 0.0030 0.0021 0.0022 0.0028 0.9873 0.0026 
         H03  1 0.0030 0.0019 0.0023 0.0023 0.9880 0.0024 
         H04  1 0.0025 0.0024 0.0028 0.0023 0.9873 0.0027 
         H05  1 0.0025 0.0024 0.0026 0.0026 0.9874 0.0025 
         H06  1 0.1663 0.0038 0.0134 0.0053 0.8001 0.0110 
         H07  1 0.0041 0.0035 0.0022 0.0042 0.9833 0.0028 
         H08  1 0.0052 0.0078 0.0027 0.0050 0.9759 0.0034 
         H09  1 0.1126 0.0090 0.0442 0.0244 0.7747 0.0351 
         H10  1 0.0043 0.0047 0.0028 0.0023 0.9828 0.0030 
         H11  1 0.0026 0.0025 0.0023 0.0029 0.9872 0.0024 
         H12  1 0.0022 0.0019 0.0025 0.0023 0.9889 0.0022 
         H13  1 0.0071 0.0109 0.0036 0.0033 0.9726 0.0026 
         H14  2 0.9785 0.0027 0.0076 0.0028 0.0043 0.0041 
         H15  2 0.8149 0.0095 0.0299 0.0067 0.1321 0.0069 
         H16  2 0.8157 0.0047 0.0220 0.0060 0.1477 0.0038 
         H17  2 0.0597 0.8584 0.0147 0.0135 0.0140 0.0397 
         H18  2 0.0033 0.9848 0.0033 0.0023 0.0041 0.0021 
         H19  2 0.0033 0.9846 0.0031 0.0027 0.0036 0.0027 
         H20  2 0.0196 0.5922 0.2566 0.0697 0.0546 0.0073 
         H21  2 0.0026 0.0026 0.0033 0.9811 0.0084 0.0019 
         H22  2 0.0036 0.9807 0.0026 0.0046 0.0059 0.0026 
         H23  2 0.0052 0.9745 0.0027 0.0088 0.0060 0.0029 
         H24  2 0.0031 0.0024 0.0019 0.9871 0.0032 0.0023 
         H25  2 0.0098 0.8998 0.0185 0.0036 0.0033 0.0650 
         H26  2 0.0030 0.9845 0.0040 0.0030 0.0035 0.0021 
         H27  2 0.0033 0.9801 0.0068 0.0041 0.0031 0.0026 
         H28  2 0.0058 0.9687 0.0105 0.0052 0.0063 0.0034 
         H29  2 0.0039 0.9764 0.0120 0.0020 0.0022 0.0035 
         H30  2 0.0282 0.9230 0.0084 0.0154 0.0204 0.0045 
         H31  3 0.8547 0.0040 0.0882 0.0086 0.0368 0.0077 
         H32  3 0.6968 0.0038 0.0815 0.0133 0.0785 0.1261 
         H33  4 0.2568 0.1079 0.2005 0.0925 0.0049 0.3374 
         H34  4 0.0321 0.0343 0.9234 0.0049 0.0024 0.0029 
         H35  4 0.0032 0.0033 0.8771 0.1115 0.0026 0.0023 
         H36  4 0.0891 0.0343 0.8399 0.0069 0.0075 0.0223 
         H37  4 0.0350 0.0204 0.9261 0.0085 0.0075 0.0025 
         H38  4 0.0042 0.0026 0.8769 0.1113 0.0026 0.0023 
         H39  5 0.3133 0.0176 0.0801 0.0589 0.0037 0.5265 
         H40  5 0.0949 0.0289 0.3174 0.1179 0.0034 0.4375 
         H41  5 0.1842 0.0077 0.0678 0.1940 0.0129 0.5335 
         H42  5 0.0032 0.0025 0.0029 0.0024 0.0022 0.9868 
         H43  5 0.0030 0.0023 0.0036 0.0019 0.0024 0.9869 
         H44  5 0.5980 0.0046 0.0712 0.0046 0.3151 0.0065 
         H45  5 0.9331 0.0034 0.0394 0.0050 0.0105 0.0085 
         H46  5 0.0042 0.0047 0.0045 0.0024 0.9808 0.0034 
         H47  5 0.0025 0.0053 0.0047 0.0026 0.9811 0.0037 
