         H01  1 0.0079 0.0099 0.0073 0.9304 0.0090 0.0106 0.0249 
         H02  1 0.0066 0.0068 0.0064 0.9601 0.0064 0.0062 0.0076 
         H03  1 0.0066 0.0078 0.0066 0.9560 0.0071 0.0080 0.0079 
         H04  1 0.0066 0.0060 0.0052 0.9632 0.0065 0.0058 0.0068 
         H05  1 0.0058 0.0058 0.0058 0.9634 0.0060 0.0067 0.0065 
         H06  1 0.0089 0.1302 0.0076 0.7781 0.0175 0.0145 0.0431 
         H07  1 0.0078 0.0076 0.0082 0.9482 0.0101 0.0085 0.0096 
         H08  1 0.0082 0.0101 0.0109 0.9400 0.0102 0.0069 0.0137 
         H09  1 0.0392 0.0809 0.0122 0.7386 0.0304 0.0186 0.0802 
         H10  1 0.0074 0.0078 0.0107 0.9482 0.0072 0.0071 0.0117 
         H11  1 0.0070 0.0073 0.0066 0.9560 0.0081 0.0074 0.0077 
         H12  1 0.0067 0.0079 0.0059 0.9553 0.0079 0.0078 0.0085 
         H13  1 0.0063 0.0111 0.0124 0.9408 0.0076 0.0075 0.0142 
         H14  2 0.0222 0.8254 0.0086 0.0085 0.0330 0.0317 0.0707 
         H15  2 0.0177 0.0554 0.0120 0.0742 0.0194 0.0147 0.8066 
         H16  2 0.0127 0.0390 0.0109 0.0955 0.0474 0.0159 0.7785 
         H17  2 0.0135 0.1227 0.7609 0.0156 0.0241 0.0309 0.0322 
         H18  2 0.0109 0.0104 0.9424 0.0079 0.0088 0.0086 0.0111 
         H19  2 0.0116 0.0112 0.9404 0.0085 0.0105 0.0091 0.0087 
         H20  2 0.2727 0.0517 0.5275 0.0565 0.0324 0.0181 0.0411 
         H21  2 0.0099 0.0207 0.0104 0.0148 0.8352 0.0613 0.0477 
         H22  2 0.0099 0.0109 0.9416 0.0074 0.0111 0.0095 0.0096 
         H23  2 0.0097 0.0109 0.9383 0.0072 0.0142 0.0091 0.0105 
         H24  2 0.0129 0.0140 0.0112 0.0074 0.8595 0.0578 0.0372 
         H25  2 0.0227 0.0355 0.8415 0.0053 0.0183 0.0588 0.0179 
         H26  2 0.0110 0.0113 0.9426 0.0063 0.0102 0.0088 0.0098 
         H27  2 0.0140 0.0121 0.9359 0.0055 0.0113 0.0100 0.0112 
         H28  2 0.0222 0.0148 0.9211 0.0085 0.0102 0.0093 0.0140 
         H29  2 0.0194 0.0133 0.9285 0.0049 0.0112 0.0107 0.0121 
         H30  2 0.0195 0.0291 0.8500 0.0191 0.0207 0.0151 0.0465 
         H31  3 0.0434 0.1053 0.0105 0.0335 0.0844 0.0170 0.7059 
         H32  3 0.0222 0.3607 0.0101 0.0669 0.0473 0.0363 0.4566 
         H33  4 0.0719 0.5788 0.0722 0.0071 0.0756 0.1010 0.0934 
         H34  4 0.8875 0.0218 0.0336 0.0064 0.0182 0.0193 0.0133 
         H35  4 0.9207 0.0228 0.0095 0.0065 0.0147 0.0121 0.0138 
         H36  4 0.7796 0.0789 0.0225 0.0100 0.0131 0.0259 0.0700 
         H37  4 0.9069 0.0112 0.0160 0.0126 0.0183 0.0229 0.0121 
         H38  4 0.9175 0.0213 0.0092 0.0067 0.0143 0.0164 0.0146 
         H39  5 0.0145 0.6696 0.0150 0.0067 0.0468 0.1327 0.1146 
         H40  5 0.1936 0.1506 0.0310 0.0071 0.1328 0.3661 0.1187 
         H41  5 0.0225 0.5513 0.0112 0.0123 0.1186 0.2312 0.0529 
         H42  5 0.0156 0.0217 0.0081 0.0058 0.0140 0.8961 0.0387 
         H43  5 0.0127 0.0225 0.0082 0.0056 0.0178 0.8926 0.0407 
         H44  5 0.0427 0.5603 0.0124 0.2451 0.0331 0.0229 0.0836 
         H45  5 0.0128 0.8052 0.0092 0.0169 0.0389 0.0255 0.0915 
         H46  5 0.0091 0.0078 0.0089 0.9516 0.0068 0.0080 0.0078 
         H47  5 0.0082 0.0074 0.0089 0.9523 0.0072 0.0079 0.0080 
