         H01  1 0.0054 0.0031 0.9915 
         H02  1 0.0041 0.0033 0.9926 
         H03  1 0.0038 0.0028 0.9935 
         H04  1 0.0039 0.0036 0.9925 
         H05  1 0.0036 0.0032 0.9932 
         H06  1 0.1863 0.0063 0.8074 
         H07  1 0.0040 0.0045 0.9915 
         H08  1 0.0068 0.0084 0.9848 
         H09  1 0.1529 0.0146 0.8324 
         H10  1 0.0042 0.0060 0.9898 
         H11  1 0.0039 0.0031 0.9930 
         H12  1 0.0041 0.0029 0.9930 
         H13  1 0.0075 0.0121 0.9804 
         H14  2 0.9878 0.0043 0.0079 
         H15  2 0.5923 0.0123 0.3954 
         H16  2 0.5487 0.0076 0.4438 
         H17  2 0.0850 0.8976 0.0174 
         H18  2 0.0048 0.9893 0.0059 
         H19  2 0.0049 0.9884 0.0067 
         H20  2 0.0786 0.8182 0.1032 
         H21  2 0.9642 0.0086 0.0272 
         H22  2 0.0049 0.9895 0.0056 
         H23  2 0.0061 0.9866 0.0073 
         H24  2 0.9881 0.0055 0.0064 
         H25  2 0.0230 0.9728 0.0042 
         H26  2 0.0045 0.9905 0.0050 
         H27  2 0.0052 0.9913 0.0036 
         H28  2 0.0094 0.9816 0.0090 
         H29  2 0.0052 0.9918 0.0030 
         H30  2 0.0365 0.9310 0.0326 
         H31  3 0.8895 0.0044 0.1061 
         H32  3 0.8608 0.0077 0.1314 
         H33  4 0.9153 0.0796 0.0050 
         H34  4 0.4779 0.5178 0.0043 
         H35  4 0.9805 0.0144 0.0051 
         H36  4 0.7274 0.2664 0.0062 
         H37  4 0.5677 0.4209 0.0114 
         H38  4 0.9807 0.0144 0.0048 
         H39  5 0.9820 0.0125 0.0055 
         H40  5 0.9659 0.0300 0.0041 
         H41  5 0.9832 0.0074 0.0094 
         H42  5 0.9908 0.0042 0.0050 
         H43  5 0.9914 0.0041 0.0045 
         H44  5 0.6269 0.0089 0.3642 
         H45  5 0.9621 0.0053 0.0326 
         H46  5 0.0056 0.0067 0.9877 
         H47  5 0.0046 0.0052 0.9902 
