         H01  1 0.9575 0.0029 0.0028 0.0048 0.0233 0.0063 0.0023 
         H02  1 0.9823 0.0027 0.0027 0.0024 0.0034 0.0034 0.0031 
         H03  1 0.9825 0.0024 0.0024 0.0028 0.0038 0.0036 0.0024 
         H04  1 0.9830 0.0025 0.0029 0.0025 0.0031 0.0033 0.0026 
         H05  1 0.9816 0.0030 0.0033 0.0029 0.0031 0.0027 0.0035 
         H06  1 0.7621 0.0046 0.0039 0.0101 0.0286 0.1863 0.0044 
         H07  1 0.9740 0.0042 0.0054 0.0037 0.0058 0.0035 0.0033 
         H08  1 0.9664 0.0082 0.0058 0.0028 0.0091 0.0044 0.0034 
         H09  1 0.7732 0.0074 0.0214 0.0130 0.0663 0.0927 0.0260 
         H10  1 0.9724 0.0055 0.0031 0.0036 0.0065 0.0055 0.0033 
         H11  1 0.9817 0.0022 0.0034 0.0027 0.0029 0.0040 0.0030 
         H12  1 0.9843 0.0026 0.0026 0.0027 0.0032 0.0027 0.0021 
         H13  1 0.9596 0.0093 0.0035 0.0040 0.0140 0.0059 0.0037 
         H14  2 0.0042 0.0036 0.0097 0.0091 0.0072 0.9614 0.0048 
         H15  2 0.0364 0.0048 0.0152 0.0042 0.9238 0.0070 0.0086 
         H16  2 0.0509 0.0043 0.0175 0.0086 0.9048 0.0086 0.0053 
         H17  2 0.0132 0.8594 0.0063 0.0220 0.0255 0.0591 0.0145 
         H18  2 0.0034 0.9729 0.0045 0.0034 0.0056 0.0043 0.0060 
         H19  2 0.0043 0.9732 0.0053 0.0038 0.0053 0.0039 0.0041 
         H20  2 0.0466 0.6102 0.0344 0.0093 0.0435 0.0482 0.2078 
         H21  2 0.0037 0.0036 0.9569 0.0029 0.0040 0.0251 0.0039 
         H22  2 0.0045 0.9693 0.0064 0.0047 0.0035 0.0047 0.0069 
         H23  2 0.0053 0.9561 0.0121 0.0051 0.0086 0.0084 0.0043 
         H24  2 0.0031 0.0033 0.9616 0.0039 0.0033 0.0212 0.0035 
         H25  2 0.0033 0.9222 0.0081 0.0361 0.0082 0.0110 0.0111 
         H26  2 0.0044 0.9667 0.0057 0.0027 0.0049 0.0042 0.0115 
         H27  2 0.0032 0.9590 0.0044 0.0054 0.0047 0.0061 0.0173 
         H28  2 0.0045 0.9465 0.0076 0.0050 0.0152 0.0094 0.0119 
         H29  2 0.0028 0.9528 0.0041 0.0048 0.0100 0.0075 0.0180 
         H30  2 0.0241 0.8713 0.0171 0.0110 0.0352 0.0279 0.0133 
         H31  3 0.0177 0.0064 0.0136 0.0125 0.8242 0.1053 0.0202 
         H32  3 0.0743 0.0075 0.0421 0.0181 0.4790 0.3646 0.0145 
         H33  4 0.0036 0.0453 0.0388 0.0093 0.0324 0.7843 0.0862 
         H34  4 0.0031 0.0125 0.0049 0.0036 0.0126 0.0062 0.9572 
         H35  4 0.0028 0.0047 0.0044 0.0048 0.0070 0.0055 0.9708 
         H36  4 0.0080 0.0337 0.0178 0.0070 0.0659 0.1066 0.7610 
         H37  4 0.0073 0.0056 0.0037 0.0039 0.0061 0.0053 0.9681 
         H38  4 0.0027 0.0047 0.0038 0.0065 0.0044 0.0043 0.9737 
         H39  5 0.0042 0.0074 0.0261 0.1002 0.0377 0.8146 0.0099 
         H40  5 0.0031 0.0265 0.1206 0.3060 0.0607 0.2888 0.1942 
         H41  5 0.0067 0.0050 0.2362 0.1706 0.0136 0.5563 0.0115 
         H42  5 0.0028 0.0035 0.0044 0.9758 0.0049 0.0045 0.0041 
         H43  5 0.0024 0.0028 0.0040 0.9763 0.0051 0.0057 0.0038 
         H44  5 0.1920 0.0061 0.0028 0.0057 0.0333 0.7184 0.0416 
         H45  5 0.0189 0.0036 0.0076 0.0153 0.0218 0.9091 0.0238 
         H46  5 0.9738 0.0055 0.0026 0.0040 0.0042 0.0045 0.0054 
         H47  5 0.9753 0.0053 0.0032 0.0037 0.0032 0.0049 0.0045 
