         H01  1 0.0030 0.9828 0.0074 0.0022 0.0024 0.0022 
         H02  1 0.0021 0.9883 0.0027 0.0022 0.0025 0.0022 
         H03  1 0.0023 0.9879 0.0030 0.0022 0.0021 0.0025 
         H04  1 0.0021 0.9886 0.0027 0.0022 0.0023 0.0021 
         H05  1 0.0021 0.9891 0.0025 0.0022 0.0022 0.0019 
         H06  1 0.0100 0.8154 0.1630 0.0052 0.0021 0.0042 
         H07  1 0.0034 0.9844 0.0039 0.0027 0.0033 0.0023 
         H08  1 0.0031 0.9779 0.0040 0.0053 0.0071 0.0025 
         H09  1 0.0436 0.8062 0.0922 0.0070 0.0089 0.0421 
         H10  1 0.0026 0.9823 0.0031 0.0054 0.0038 0.0028 
         H11  1 0.0026 0.9872 0.0035 0.0023 0.0021 0.0023 
         H12  1 0.0027 0.9880 0.0033 0.0022 0.0017 0.0020 
         H13  1 0.0035 0.9694 0.0084 0.0060 0.0097 0.0030 
         H14  2 0.0047 0.0039 0.9782 0.0029 0.0027 0.0076 
         H15  2 0.0069 0.1112 0.8474 0.0041 0.0234 0.0070 
         H16  2 0.0076 0.1775 0.7909 0.0032 0.0141 0.0067 
         H17  2 0.0088 0.0061 0.0234 0.9492 0.0085 0.0040 
         H18  2 0.0022 0.0024 0.0029 0.0114 0.9788 0.0023 
         H19  2 0.0021 0.0025 0.0033 0.0059 0.9839 0.0024 
         H20  2 0.0105 0.0278 0.0186 0.8748 0.0026 0.0657 
         H21  2 0.9174 0.0226 0.0338 0.0168 0.0031 0.0063 
         H22  2 0.0028 0.0031 0.0030 0.9792 0.0098 0.0021 
         H23  2 0.0040 0.0045 0.0047 0.9745 0.0086 0.0038 
         H24  2 0.9355 0.0046 0.0402 0.0135 0.0027 0.0033 
         H25  2 0.0318 0.0026 0.0112 0.9306 0.0173 0.0065 
         H26  2 0.0024 0.0022 0.0021 0.0032 0.9876 0.0025 
         H27  2 0.0041 0.0021 0.0039 0.0065 0.9787 0.0046 
         H28  2 0.0026 0.0043 0.0084 0.9662 0.0083 0.0103 
         H29  2 0.0027 0.0022 0.0042 0.9655 0.0175 0.0079 
         H30  2 0.0272 0.0148 0.0709 0.3269 0.5485 0.0117 
         H31  3 0.0041 0.0220 0.9307 0.0063 0.0029 0.0340 
         H32  3 0.1022 0.0392 0.8311 0.0074 0.0138 0.0063 
         H33  4 0.3967 0.0031 0.1834 0.0054 0.3907 0.0208 
         H34  4 0.0053 0.0023 0.0108 0.0032 0.0459 0.9327 
         H35  4 0.0024 0.0029 0.0029 0.0034 0.0024 0.9859 
         H36  4 0.0088 0.0128 0.1075 0.0962 0.0078 0.7668 
         H37  4 0.0028 0.0064 0.0053 0.0026 0.0275 0.9554 
         H38  4 0.0026 0.0024 0.0037 0.0025 0.0024 0.9864 
         H39  5 0.5426 0.0034 0.4108 0.0222 0.0170 0.0040 
         H40  5 0.4468 0.0033 0.3430 0.0314 0.0254 0.1500 
         H41  5 0.8964 0.0088 0.0768 0.0059 0.0071 0.0051 
         H42  5 0.9800 0.0027 0.0081 0.0034 0.0024 0.0035 
         H43  5 0.9835 0.0028 0.0052 0.0029 0.0021 0.0035 
         H44  5 0.0112 0.4238 0.4083 0.0083 0.0049 0.1436 
         H45  5 0.0333 0.0405 0.9118 0.0034 0.0046 0.0063 
         H46  5 0.0031 0.9827 0.0029 0.0032 0.0039 0.0041 
         H47  5 0.0034 0.9799 0.0039 0.0031 0.0049 0.0048 
