         H01  1 0.9815 0.0033 0.0021 0.0024 0.0022 0.0086 
         H02  1 0.9874 0.0023 0.0023 0.0026 0.0024 0.0032 
         H03  1 0.9882 0.0022 0.0025 0.0019 0.0024 0.0027 
         H04  1 0.9892 0.0022 0.0021 0.0020 0.0025 0.0021 
         H05  1 0.9886 0.0021 0.0022 0.0022 0.0024 0.0025 
         H06  1 0.8046 0.0154 0.0067 0.0044 0.0052 0.1636 
         H07  1 0.9853 0.0025 0.0019 0.0030 0.0039 0.0034 
         H08  1 0.9784 0.0024 0.0027 0.0078 0.0049 0.0038 
         H09  1 0.7947 0.0137 0.0370 0.0082 0.0252 0.1212 
         H10  1 0.9844 0.0029 0.0025 0.0048 0.0020 0.0033 
         H11  1 0.9876 0.0019 0.0023 0.0021 0.0029 0.0031 
         H12  1 0.9884 0.0021 0.0023 0.0020 0.0024 0.0028 
         H13  1 0.9771 0.0036 0.0027 0.0068 0.0031 0.0067 
         H14  2 0.0037 0.0035 0.0053 0.0026 0.0026 0.9823 
         H15  2 0.1707 0.1751 0.0051 0.0076 0.0080 0.6335 
         H16  2 0.2082 0.1594 0.0029 0.0047 0.0077 0.6171 
         H17  2 0.0107 0.0130 0.0116 0.8983 0.0093 0.0572 
         H18  2 0.0035 0.0022 0.0031 0.9859 0.0022 0.0030 
         H19  2 0.0051 0.0020 0.0031 0.9838 0.0033 0.0027 
         H20  2 0.0507 0.0051 0.2802 0.6100 0.0231 0.0309 
         H21  2 0.0047 0.0016 0.0033 0.0024 0.9852 0.0028 
         H22  2 0.0055 0.0031 0.0026 0.9810 0.0047 0.0031 
         H23  2 0.0058 0.0034 0.0031 0.9759 0.0074 0.0044 
         H24  2 0.0028 0.0029 0.0020 0.0020 0.9880 0.0023 
         H25  2 0.0034 0.0260 0.0110 0.9397 0.0043 0.0155 
         H26  2 0.0032 0.0021 0.0039 0.9842 0.0032 0.0033 
         H27  2 0.0024 0.0030 0.0072 0.9793 0.0044 0.0037 
         H28  2 0.0052 0.0029 0.0128 0.9697 0.0033 0.0061 
         H29  2 0.0022 0.0039 0.0135 0.9754 0.0019 0.0031 
         H30  2 0.0198 0.0091 0.0143 0.9198 0.0163 0.0208 
         H31  3 0.0399 0.0286 0.0272 0.0032 0.0056 0.8955 
         H32  3 0.0643 0.0124 0.0085 0.0048 0.0085 0.9014 
         H33  4 0.0053 0.0777 0.1275 0.1108 0.0621 0.6165 
         H34  4 0.0021 0.0029 0.9624 0.0255 0.0027 0.0043 
         H35  4 0.0026 0.0024 0.9869 0.0028 0.0022 0.0031 
         H36  4 0.0095 0.0151 0.8720 0.0257 0.0053 0.0723 
         H37  4 0.0069 0.0029 0.9730 0.0104 0.0024 0.0044 
         H38  4 0.0027 0.0022 0.9871 0.0027 0.0022 0.0031 
         H39  5 0.0032 0.0546 0.0055 0.0085 0.0607 0.8675 
         H40  5 0.0035 0.5264 0.2321 0.0471 0.0614 0.1294 
         H41  5 0.0078 0.1663 0.0037 0.0051 0.1764 0.6406 
         H42  5 0.0024 0.9875 0.0024 0.0022 0.0021 0.0034 
         H43  5 0.0021 0.9871 0.0023 0.0020 0.0022 0.0044 
         H44  5 0.2859 0.0093 0.0493 0.0061 0.0025 0.6469 
         H45  5 0.0213 0.0282 0.0059 0.0033 0.0052 0.9360 
         H46  5 0.9826 0.0031 0.0045 0.0040 0.0024 0.0033 
         H47  5 0.9828 0.0029 0.0046 0.0042 0.0023 0.0032 
