         H01  1 0.0061 0.0033 0.9906 
         H02  1 0.0043 0.0036 0.9922 
         H03  1 0.0037 0.0032 0.9931 
         H04  1 0.0039 0.0039 0.9922 
         H05  1 0.0039 0.0038 0.9923 
         H06  1 0.2009 0.0083 0.7908 
         H07  1 0.0051 0.0039 0.9909 
         H08  1 0.0059 0.0078 0.9864 
         H09  1 0.1684 0.0266 0.8051 
         H10  1 0.0056 0.0067 0.9877 
         H11  1 0.0041 0.0035 0.9924 
         H12  1 0.0037 0.0032 0.9931 
         H13  1 0.0075 0.0116 0.9809 
         H14  2 0.9680 0.0249 0.0070 
         H15  2 0.6863 0.0246 0.2891 
         H16  2 0.6196 0.0241 0.3563 
         H17  2 0.0989 0.8808 0.0203 
         H18  2 0.0366 0.9569 0.0065 
         H19  2 0.0384 0.9536 0.0080 
         H20  2 0.0977 0.7818 0.1205 
         H21  2 0.9393 0.0342 0.0264 
         H22  2 0.0189 0.9736 0.0075 
         H23  2 0.0189 0.9731 0.0081 
         H24  2 0.9567 0.0364 0.0069 
         H25  2 0.0419 0.9532 0.0049 
         H26  2 0.0406 0.9543 0.0051 
         H27  2 0.0355 0.9610 0.0035 
         H28  2 0.0341 0.9580 0.0079 
         H29  2 0.0245 0.9721 0.0034 
         H30  2 0.0481 0.9215 0.0304 
         H31  3 0.9146 0.0097 0.0757 
         H32  3 0.8378 0.0285 0.1337 
         H33  4 0.7903 0.2033 0.0064 
         H34  4 0.0714 0.9248 0.0037 
         H35  4 0.9772 0.0178 0.0050 
         H36  4 0.3788 0.6140 0.0072 
         H37  4 0.1330 0.8537 0.0133 
         H38  4 0.9736 0.0218 0.0046 
         H39  5 0.9697 0.0250 0.0053 
         H40  5 0.8895 0.1055 0.0049 
         H41  5 0.9566 0.0282 0.0152 
         H42  5 0.9443 0.0516 0.0041 
         H43  5 0.9474 0.0480 0.0046 
         H44  5 0.5605 0.0417 0.3978 
         H45  5 0.9251 0.0368 0.0380 
         H46  5 0.0054 0.0063 0.9883 
         H47  5 0.0047 0.0072 0.9881 
