         H01  1 0.0123 0.0107 0.0213 0.0074 0.0083 0.9295 0.0105 
         H02  1 0.0086 0.0080 0.0098 0.0080 0.0080 0.9468 0.0108 
         H03  1 0.0082 0.0086 0.0098 0.0069 0.0084 0.9480 0.0101 
         H04  1 0.0075 0.0083 0.0086 0.0086 0.0078 0.9510 0.0081 
         H05  1 0.0092 0.0096 0.0087 0.0078 0.0083 0.9478 0.0087 
         H06  1 0.1572 0.0159 0.0350 0.0081 0.0096 0.7572 0.0171 
         H07  1 0.0078 0.0095 0.0099 0.0104 0.0078 0.9453 0.0094 
         H08  1 0.0106 0.0113 0.0159 0.0150 0.0088 0.9291 0.0092 
         H09  1 0.0775 0.0254 0.0763 0.0152 0.0281 0.7306 0.0470 
         H10  1 0.0122 0.0099 0.0127 0.0104 0.0081 0.9368 0.0098 
         H11  1 0.0083 0.0087 0.0095 0.0072 0.0080 0.9488 0.0095 
         H12  1 0.0082 0.0090 0.0102 0.0077 0.0071 0.9487 0.0091 
         H13  1 0.0133 0.0138 0.0181 0.0120 0.0085 0.9235 0.0109 
         H14  2 0.8584 0.0617 0.0227 0.0072 0.0205 0.0083 0.0212 
         H15  2 0.0342 0.0196 0.8424 0.0128 0.0123 0.0402 0.0385 
         H16  2 0.0393 0.0100 0.8487 0.0092 0.0127 0.0489 0.0313 
         H17  2 0.0544 0.7279 0.0253 0.1538 0.0143 0.0114 0.0130 
         H18  2 0.0092 0.0106 0.0084 0.9479 0.0089 0.0086 0.0065 
         H19  2 0.0086 0.0093 0.0084 0.9492 0.0079 0.0091 0.0077 
         H20  2 0.0590 0.5973 0.0380 0.1250 0.1210 0.0379 0.0220 
         H21  2 0.0344 0.0321 0.0296 0.0103 0.0331 0.0256 0.8348 
         H22  2 0.0086 0.4830 0.0077 0.4756 0.0078 0.0093 0.0080 
         H23  2 0.0104 0.4786 0.0091 0.4743 0.0094 0.0094 0.0087 
         H24  2 0.0453 0.0193 0.0363 0.0085 0.0162 0.0105 0.8637 
         H25  2 0.0185 0.6982 0.0166 0.2253 0.0143 0.0089 0.0182 
         H26  2 0.0087 0.0082 0.0081 0.9501 0.0087 0.0086 0.0076 
         H27  2 0.0100 0.0143 0.0081 0.9361 0.0125 0.0087 0.0104 
         H28  2 0.0111 0.5422 0.0118 0.4026 0.0126 0.0106 0.0089 
         H29  2 0.0119 0.5560 0.0079 0.3889 0.0187 0.0085 0.0080 
         H30  2 0.0298 0.2430 0.0389 0.6269 0.0172 0.0221 0.0222 
         H31  3 0.1592 0.0248 0.7147 0.0081 0.0307 0.0255 0.0369 
         H32  3 0.5558 0.1314 0.1850 0.0104 0.0305 0.0675 0.0195 
         H33  4 0.2268 0.1774 0.0611 0.1719 0.0634 0.0118 0.2876 
         H34  4 0.0169 0.0228 0.0146 0.1029 0.8139 0.0080 0.0208 
         H35  4 0.0178 0.0136 0.0102 0.0088 0.9267 0.0088 0.0140 
         H36  4 0.1618 0.1074 0.0320 0.0190 0.6273 0.0150 0.0374 
         H37  4 0.0214 0.0120 0.0231 0.0603 0.8524 0.0140 0.0169 
         H38  4 0.0112 0.0236 0.0099 0.0093 0.9291 0.0079 0.0089 
         H39  5 0.3520 0.1527 0.0314 0.0131 0.0286 0.0087 0.4137 
         H40  5 0.0985 0.0904 0.0505 0.0220 0.1421 0.0098 0.5867 
         H41  5 0.1083 0.0316 0.0403 0.0132 0.0172 0.0144 0.7750 
         H42  5 0.0123 0.0438 0.0257 0.0072 0.0125 0.0085 0.8900 
         H43  5 0.0285 0.0374 0.0122 0.0077 0.0102 0.0084 0.8957 
         H44  5 0.5434 0.0437 0.0566 0.0116 0.0536 0.2674 0.0238 
         H45  5 0.7851 0.0983 0.0444 0.0085 0.0204 0.0213 0.0221 
         H46  5 0.0092 0.0105 0.0100 0.0104 0.0100 0.9406 0.0094 
         H47  5 0.0096 0.0101 0.0103 0.0104 0.0125 0.9369 0.0102 
