         H01  1 0.0464 0.7232 0.0434 0.0458 0.0446 0.0461 0.0505 
         H02  1 0.0408 0.7493 0.0425 0.0419 0.0421 0.0416 0.0417 
         H03  1 0.0426 0.7442 0.0430 0.0430 0.0422 0.0424 0.0427 
         H04  1 0.0405 0.7612 0.0417 0.0394 0.0395 0.0389 0.0388 
         H05  1 0.0420 0.7615 0.0394 0.0395 0.0396 0.0388 0.0393 
         H06  1 0.0476 0.5992 0.0450 0.1377 0.0419 0.0435 0.0851 
         H07  1 0.0422 0.7377 0.0432 0.0451 0.0436 0.0433 0.0450 
         H08  1 0.0443 0.7324 0.0428 0.0445 0.0424 0.0469 0.0468 
         H09  1 0.0508 0.5818 0.0656 0.0902 0.0539 0.0472 0.1105 
         H10  1 0.0412 0.7395 0.0424 0.0444 0.0436 0.0429 0.0459 
         H11  1 0.0440 0.7421 0.0420 0.0432 0.0445 0.0414 0.0427 
         H12  1 0.0442 0.7457 0.0422 0.0437 0.0429 0.0401 0.0413 
         H13  1 0.0421 0.7325 0.0423 0.0445 0.0425 0.0485 0.0476 
         H14  2 0.0529 0.0394 0.0462 0.5988 0.0483 0.0461 0.1682 
         H15  2 0.0556 0.1188 0.0623 0.1387 0.0553 0.0498 0.5195 
         H16  2 0.0473 0.1294 0.0596 0.1329 0.0521 0.0476 0.5312 
         H17  2 0.0602 0.0443 0.0563 0.1230 0.0498 0.5881 0.0783 
         H18  2 0.0484 0.0428 0.0451 0.0467 0.0464 0.7249 0.0458 
         H19  2 0.0471 0.0427 0.0476 0.0456 0.0481 0.7237 0.0453 
         H20  2 0.0519 0.0797 0.2298 0.0675 0.0557 0.4439 0.0716 
         H21  2 0.0460 0.0482 0.0465 0.0476 0.7198 0.0459 0.0460 
         H22  2 0.0461 0.0447 0.0472 0.0492 0.0489 0.7175 0.0465 
         H23  2 0.0453 0.0447 0.0468 0.0474 0.0494 0.7166 0.0499 
         H24  2 0.0474 0.0416 0.0494 0.0479 0.7205 0.0466 0.0467 
         H25  2 0.0711 0.0408 0.0526 0.0727 0.0535 0.6534 0.0559 
         H26  2 0.0460 0.0410 0.0471 0.0489 0.0481 0.7220 0.0469 
         H27  2 0.0473 0.0399 0.0484 0.0475 0.0471 0.7181 0.0517 
         H28  2 0.0487 0.0431 0.0516 0.0493 0.0473 0.7105 0.0494 
         H29  2 0.0492 0.0383 0.0581 0.0479 0.0470 0.7102 0.0493 
         H30  2 0.0484 0.0524 0.0545 0.0600 0.0551 0.6663 0.0633 
         H31  3 0.0472 0.0559 0.0995 0.1434 0.0637 0.0464 0.5439 
         H32  3 0.0710 0.0878 0.0673 0.3500 0.0516 0.0472 0.3250 
         H33  4 0.0831 0.0411 0.0913 0.3732 0.0596 0.0742 0.2774 
         H34  4 0.0665 0.0384 0.6553 0.0704 0.0480 0.0525 0.0689 
         H35  4 0.0535 0.0384 0.7109 0.0522 0.0499 0.0467 0.0484 
         H36  4 0.0671 0.0423 0.5495 0.1236 0.0483 0.0574 0.1117 
         H37  4 0.0669 0.0423 0.6493 0.0602 0.0472 0.0509 0.0833 
         H38  4 0.0563 0.0384 0.7100 0.0505 0.0486 0.0452 0.0509 
         H39  5 0.0832 0.0415 0.0631 0.4753 0.0534 0.0503 0.2332 
         H40  5 0.3525 0.0402 0.1780 0.1246 0.0830 0.0668 0.1549 
         H41  5 0.0886 0.0421 0.0519 0.3678 0.1248 0.0494 0.2755 
         H42  5 0.7087 0.0372 0.0490 0.0552 0.0554 0.0471 0.0474 
         H43  5 0.6970 0.0367 0.0471 0.0701 0.0530 0.0466 0.0496 
         H44  5 0.0571 0.1596 0.0618 0.4092 0.0469 0.0480 0.2175 
         H45  5 0.0494 0.0482 0.0650 0.5875 0.0511 0.0485 0.1502 
         H46  5 0.0425 0.7451 0.0444 0.0413 0.0418 0.0431 0.0418 
         H47  5 0.0415 0.7462 0.0429 0.0415 0.0416 0.0450 0.0414 
