         H01  1 0.0020 0.9826 0.0040 0.0050 0.0029 0.0036 
         H02  1 0.0023 0.9872 0.0023 0.0029 0.0027 0.0026 
         H03  1 0.0021 0.9880 0.0026 0.0025 0.0023 0.0025 
         H04  1 0.0023 0.9876 0.0027 0.0027 0.0023 0.0024 
         H05  1 0.0020 0.9887 0.0023 0.0025 0.0025 0.0021 
         H06  1 0.0036 0.8000 0.0059 0.1556 0.0107 0.0241 
         H07  1 0.0036 0.9831 0.0023 0.0043 0.0042 0.0025 
         H08  1 0.0076 0.9749 0.0027 0.0061 0.0054 0.0033 
         H09  1 0.0078 0.7822 0.0110 0.1238 0.0368 0.0383 
         H10  1 0.0055 0.9818 0.0027 0.0041 0.0031 0.0027 
         H11  1 0.0026 0.9859 0.0028 0.0030 0.0029 0.0027 
         H12  1 0.0022 0.9879 0.0027 0.0025 0.0023 0.0025 
         H13  1 0.0105 0.9731 0.0024 0.0057 0.0048 0.0034 
         H14  2 0.0029 0.0048 0.0042 0.8194 0.1108 0.0579 
         H15  2 0.0083 0.1944 0.0056 0.6372 0.0895 0.0649 
         H16  2 0.0058 0.2170 0.0053 0.6063 0.1133 0.0523 
         H17  2 0.8349 0.0116 0.0263 0.0927 0.0175 0.0169 
         H18  2 0.9825 0.0044 0.0026 0.0037 0.0024 0.0044 
         H19  2 0.9847 0.0041 0.0020 0.0032 0.0033 0.0027 
         H20  2 0.6353 0.0627 0.0056 0.0407 0.0385 0.2172 
         H21  2 0.0037 0.0096 0.0083 0.0997 0.8271 0.0516 
         H22  2 0.9826 0.0046 0.0027 0.0037 0.0042 0.0022 
         H23  2 0.9767 0.0057 0.0032 0.0038 0.0076 0.0031 
         H24  2 0.0033 0.0030 0.0105 0.1087 0.8123 0.0621 
         H25  2 0.9140 0.0028 0.0518 0.0161 0.0047 0.0108 
         H26  2 0.9849 0.0035 0.0019 0.0035 0.0031 0.0031 
         H27  2 0.9779 0.0030 0.0029 0.0051 0.0044 0.0068 
         H28  2 0.9708 0.0052 0.0025 0.0069 0.0050 0.0095 
         H29  2 0.9757 0.0026 0.0032 0.0039 0.0025 0.0120 
         H30  2 0.9170 0.0230 0.0040 0.0278 0.0190 0.0092 
         H31  3 0.0027 0.0442 0.0046 0.7883 0.0658 0.0943 
         H32  3 0.0049 0.0626 0.0064 0.7498 0.0793 0.0969 
         H33  4 0.0674 0.0034 0.0119 0.6342 0.1901 0.0929 
         H34  4 0.0625 0.0030 0.0071 0.0333 0.0807 0.8134 
         H35  4 0.0027 0.0029 0.0029 0.0522 0.0930 0.8463 
         H36  4 0.0257 0.0108 0.0067 0.1578 0.0836 0.7155 
         H37  4 0.0189 0.0072 0.0027 0.0500 0.0980 0.8231 
         H38  4 0.0029 0.0022 0.0023 0.0631 0.0989 0.8305 
         H39  5 0.0092 0.0048 0.0704 0.7602 0.0786 0.0769 
         H40  5 0.0310 0.0042 0.3155 0.2617 0.1434 0.2443 
         H41  5 0.0053 0.0094 0.1205 0.5262 0.2659 0.0726 
         H42  5 0.0022 0.0022 0.9854 0.0034 0.0042 0.0026 
         H43  5 0.0019 0.0018 0.9884 0.0030 0.0019 0.0029 
         H44  5 0.0056 0.3248 0.0116 0.4933 0.0531 0.1115 
         H45  5 0.0036 0.0164 0.0078 0.8494 0.0152 0.1076 
         H46  5 0.0048 0.9772 0.0039 0.0050 0.0036 0.0055 
         H47  5 0.0041 0.9791 0.0035 0.0047 0.0029 0.0057 
