         H01  1 0.0025 0.0071 0.0029 0.9796 0.0038 0.0040 
         H02  1 0.0027 0.0031 0.0023 0.9861 0.0029 0.0030 
         H03  1 0.0022 0.0037 0.0022 0.9866 0.0026 0.0026 
         H04  1 0.0028 0.0028 0.0029 0.9861 0.0027 0.0028 
         H05  1 0.0026 0.0031 0.0030 0.9862 0.0026 0.0025 
         H06  1 0.0040 0.1744 0.0141 0.7833 0.0119 0.0123 
         H07  1 0.0031 0.0046 0.0024 0.9822 0.0026 0.0051 
         H08  1 0.0077 0.0054 0.0034 0.9742 0.0031 0.0062 
         H09  1 0.0097 0.0815 0.0348 0.8074 0.0100 0.0565 
         H10  1 0.0046 0.0041 0.0032 0.9809 0.0030 0.0042 
         H11  1 0.0027 0.0030 0.0026 0.9859 0.0027 0.0031 
         H12  1 0.0020 0.0029 0.0025 0.9868 0.0030 0.0027 
         H13  1 0.0085 0.0050 0.0031 0.9749 0.0030 0.0055 
         H14  2 0.0040 0.9266 0.0087 0.0044 0.0205 0.0357 
         H15  2 0.0153 0.0674 0.0140 0.3851 0.0340 0.4843 
         H16  2 0.0092 0.0542 0.0053 0.4165 0.0274 0.4874 
         H17  2 0.8421 0.0938 0.0130 0.0138 0.0156 0.0219 
         H18  2 0.9680 0.0094 0.0088 0.0049 0.0039 0.0050 
         H19  2 0.9699 0.0077 0.0036 0.0055 0.0045 0.0088 
         H20  2 0.5747 0.0540 0.2413 0.0651 0.0104 0.0546 
         H21  2 0.0091 0.0366 0.0074 0.0110 0.0033 0.9326 
         H22  2 0.9741 0.0062 0.0048 0.0051 0.0035 0.0064 
         H23  2 0.9688 0.0092 0.0059 0.0053 0.0038 0.0070 
         H24  2 0.0134 0.0313 0.0142 0.0033 0.0080 0.9298 
         H25  2 0.9052 0.0202 0.0093 0.0038 0.0511 0.0105 
         H26  2 0.9614 0.0099 0.0107 0.0038 0.0039 0.0102 
         H27  2 0.9520 0.0084 0.0154 0.0025 0.0058 0.0159 
         H28  2 0.9520 0.0080 0.0145 0.0054 0.0061 0.0141 
         H29  2 0.9581 0.0090 0.0202 0.0028 0.0055 0.0044 
         H30  2 0.8866 0.0315 0.0193 0.0214 0.0116 0.0296 
         H31  3 0.0162 0.7313 0.0656 0.0739 0.0105 0.1025 
         H32  3 0.0122 0.6720 0.0107 0.1143 0.0366 0.1543 
         H33  4 0.1134 0.4770 0.0978 0.0040 0.0547 0.2531 
         H34  4 0.0208 0.0109 0.9160 0.0027 0.0158 0.0338 
         H35  4 0.0042 0.0136 0.9530 0.0036 0.0038 0.0220 
         H36  4 0.0258 0.1348 0.7667 0.0114 0.0265 0.0347 
         H37  4 0.0051 0.0200 0.9386 0.0071 0.0075 0.0217 
         H38  4 0.0070 0.0219 0.9487 0.0027 0.0089 0.0107 
         H39  5 0.0131 0.6804 0.0097 0.0045 0.1467 0.1455 
         H40  5 0.0457 0.2207 0.1435 0.0048 0.3554 0.2299 
         H41  5 0.0064 0.5964 0.0117 0.0061 0.1264 0.2531 
         H42  5 0.0040 0.0102 0.0043 0.0028 0.9728 0.0059 
         H43  5 0.0035 0.0116 0.0036 0.0023 0.9736 0.0055 
         H44  5 0.0095 0.6936 0.0509 0.2078 0.0088 0.0294 
         H45  5 0.0060 0.9108 0.0084 0.0173 0.0361 0.0214 
         H46  5 0.0047 0.0042 0.0069 0.9758 0.0051 0.0033 
         H47  5 0.0040 0.0051 0.0051 0.9779 0.0040 0.0039 
