         H01  1 0.0027 0.0025 0.0087 0.9862 
         H02  1 0.0030 0.0027 0.0030 0.9913 
         H03  1 0.0023 0.0025 0.0026 0.9925 
         H04  1 0.0027 0.0030 0.0027 0.9916 
         H05  1 0.0032 0.0027 0.0028 0.9913 
         H06  1 0.0060 0.0061 0.1613 0.8267 
         H07  1 0.0041 0.0026 0.0038 0.9894 
         H08  1 0.0090 0.0031 0.0050 0.9829 
         H09  1 0.0114 0.0563 0.1132 0.8192 
         H10  1 0.0054 0.0037 0.0043 0.9866 
         H11  1 0.0027 0.0024 0.0038 0.9912 
         H12  1 0.0026 0.0027 0.0026 0.9921 
         H13  1 0.0113 0.0038 0.0081 0.9767 
         H14  2 0.0040 0.0077 0.9833 0.0050 
         H15  2 0.0121 0.0035 0.7628 0.2216 
         H16  2 0.0075 0.0038 0.7365 0.2522 
         H17  2 0.8993 0.0133 0.0723 0.0151 
         H18  2 0.9861 0.0050 0.0039 0.0051 
         H19  2 0.9834 0.0066 0.0043 0.0058 
         H20  2 0.6432 0.2385 0.0253 0.0930 
         H21  2 0.0075 0.0095 0.9683 0.0147 
         H22  2 0.9872 0.0031 0.0040 0.0057 
         H23  2 0.9852 0.0041 0.0051 0.0056 
         H24  2 0.0053 0.0036 0.9852 0.0059 
         H25  2 0.9594 0.0123 0.0249 0.0035 
         H26  2 0.9860 0.0046 0.0045 0.0049 
         H27  2 0.9831 0.0091 0.0048 0.0031 
         H28  2 0.9711 0.0161 0.0060 0.0068 
         H29  2 0.9760 0.0163 0.0048 0.0029 
         H30  2 0.9165 0.0206 0.0330 0.0300 
         H31  3 0.0041 0.0596 0.8839 0.0524 
         H32  3 0.0065 0.0077 0.9129 0.0729 
         H33  4 0.1140 0.0574 0.8242 0.0044 
         H34  4 0.0117 0.9785 0.0066 0.0033 
         H35  4 0.0039 0.9872 0.0063 0.0026 
         H36  4 0.0466 0.7989 0.1404 0.0141 
         H37  4 0.0060 0.9784 0.0053 0.0104 
         H38  4 0.0032 0.9869 0.0064 0.0035 
         H39  5 0.0155 0.0095 0.9706 0.0044 
         H40  5 0.0329 0.0979 0.8661 0.0030 
         H41  5 0.0063 0.0043 0.9811 0.0083 
         H42  5 0.0039 0.0044 0.9884 0.0032 
         H43  5 0.0033 0.0064 0.9871 0.0032 
         H44  5 0.0067 0.1426 0.4252 0.4256 
         H45  5 0.0040 0.0061 0.9582 0.0316 
         H46  5 0.0043 0.0056 0.0039 0.9862 
         H47  5 0.0046 0.0068 0.0037 0.9848 
