         H01  1 0.0034 0.9820 0.0023 0.0021 0.0026 0.0076 
         H02  1 0.0023 0.9882 0.0022 0.0024 0.0021 0.0028 
         H03  1 0.0024 0.9881 0.0022 0.0023 0.0021 0.0029 
         H04  1 0.0024 0.9884 0.0024 0.0023 0.0023 0.0023 
         H05  1 0.0023 0.9875 0.0024 0.0029 0.0024 0.0025 
         H06  1 0.0106 0.7986 0.0037 0.0034 0.0138 0.1698 
         H07  1 0.0020 0.9851 0.0040 0.0029 0.0023 0.0037 
         H08  1 0.0026 0.9805 0.0042 0.0057 0.0028 0.0043 
         H09  1 0.0184 0.7931 0.0255 0.0118 0.0328 0.1184 
         H10  1 0.0027 0.9837 0.0022 0.0053 0.0028 0.0034 
         H11  1 0.0022 0.9875 0.0034 0.0021 0.0020 0.0029 
         H12  1 0.0025 0.9890 0.0020 0.0019 0.0020 0.0026 
         H13  1 0.0029 0.9749 0.0029 0.0095 0.0027 0.0070 
         H14  2 0.0565 0.0041 0.0029 0.0024 0.0092 0.9249 
         H15  2 0.0234 0.1761 0.0140 0.0058 0.0179 0.7628 
         H16  2 0.0292 0.2046 0.0072 0.0046 0.0030 0.7513 
         H17  2 0.0087 0.0147 0.0090 0.9108 0.0150 0.0417 
         H18  2 0.0021 0.0035 0.0028 0.9853 0.0035 0.0028 
         H19  2 0.0020 0.0045 0.0031 0.9848 0.0027 0.0028 
         H20  2 0.0163 0.0420 0.0199 0.5917 0.2841 0.0460 
         H21  2 0.0034 0.0094 0.9780 0.0022 0.0032 0.0037 
         H22  2 0.0032 0.0048 0.0037 0.9827 0.0025 0.0030 
         H23  2 0.0031 0.0055 0.0064 0.9766 0.0028 0.0057 
         H24  2 0.0024 0.0033 0.9877 0.0020 0.0021 0.0024 
         H25  2 0.0301 0.0030 0.0032 0.9391 0.0103 0.0143 
         H26  2 0.0021 0.0038 0.0026 0.9848 0.0030 0.0037 
         H27  2 0.0025 0.0024 0.0036 0.9796 0.0071 0.0048 
         H28  2 0.0030 0.0050 0.0036 0.9697 0.0125 0.0062 
         H29  2 0.0034 0.0021 0.0021 0.9716 0.0168 0.0040 
         H30  2 0.0058 0.0251 0.0147 0.9128 0.0165 0.0250 
         H31  3 0.0172 0.0453 0.0055 0.0038 0.0399 0.8883 
         H32  3 0.0478 0.0611 0.0195 0.0040 0.0308 0.8368 
         H33  4 0.0677 0.0043 0.1169 0.1184 0.1376 0.5551 
         H34  4 0.0040 0.0026 0.0040 0.0178 0.9570 0.0146 
         H35  4 0.0231 0.0027 0.0045 0.0025 0.9529 0.0144 
         H36  4 0.0183 0.0069 0.0086 0.0181 0.8333 0.1148 
         H37  4 0.0150 0.0061 0.0027 0.0070 0.9543 0.0149 
         H38  4 0.0344 0.0026 0.0030 0.0027 0.9506 0.0066 
         H39  5 0.1400 0.0040 0.0358 0.0082 0.0147 0.7974 
         H40  5 0.3914 0.0038 0.1070 0.0295 0.2624 0.2058 
         H41  5 0.1329 0.0116 0.2271 0.0073 0.0117 0.6096 
         H42  5 0.9199 0.0020 0.0020 0.0023 0.0108 0.0630 
         H43  5 0.9174 0.0023 0.0019 0.0023 0.0040 0.0720 
         H44  5 0.0157 0.2738 0.0118 0.0041 0.0633 0.6313 
         H45  5 0.0219 0.0134 0.0144 0.0032 0.0104 0.9368 
         H46  5 0.0036 0.9810 0.0022 0.0049 0.0048 0.0035 
         H47  5 0.0030 0.9821 0.0024 0.0046 0.0045 0.0034 
