         H01  1 0.0052 0.0050 0.0025 0.9873 
         H02  1 0.0028 0.0034 0.0028 0.9910 
         H03  1 0.0029 0.0022 0.0023 0.9926 
         H04  1 0.0029 0.0028 0.0028 0.9916 
         H05  1 0.0026 0.0029 0.0023 0.9921 
         H06  1 0.1597 0.0102 0.0035 0.8266 
         H07  1 0.0032 0.0048 0.0034 0.9886 
         H08  1 0.0059 0.0051 0.0060 0.9831 
         H09  1 0.1109 0.0472 0.0286 0.8133 
         H10  1 0.0042 0.0030 0.0042 0.9886 
         H11  1 0.0037 0.0034 0.0029 0.9900 
         H12  1 0.0028 0.0026 0.0023 0.9923 
         H13  1 0.0054 0.0046 0.0081 0.9818 
         H14  2 0.9886 0.0028 0.0031 0.0054 
         H15  2 0.5621 0.0955 0.0058 0.3366 
         H16  2 0.5211 0.0895 0.0046 0.3848 
         H17  2 0.0864 0.0086 0.8913 0.0137 
         H18  2 0.0040 0.0033 0.9875 0.0051 
         H19  2 0.0043 0.0041 0.9856 0.0060 
         H20  2 0.0247 0.0167 0.8759 0.0827 
         H21  2 0.0031 0.9859 0.0027 0.0082 
         H22  2 0.0046 0.0045 0.9857 0.0051 
         H23  2 0.0052 0.0087 0.9793 0.0068 
         H24  2 0.0033 0.9907 0.0023 0.0037 
         H25  2 0.0295 0.0042 0.9624 0.0039 
         H26  2 0.0044 0.0035 0.9876 0.0045 
         H27  2 0.0045 0.0042 0.9887 0.0027 
         H28  2 0.0059 0.0031 0.9856 0.0053 
         H29  2 0.0041 0.0022 0.9910 0.0028 
         H30  2 0.0237 0.0221 0.9247 0.0295 
         H31  3 0.7868 0.1299 0.0087 0.0746 
         H32  3 0.7317 0.1227 0.0056 0.1399 
         H33  4 0.6703 0.1010 0.2235 0.0051 
         H34  4 0.1911 0.0037 0.8019 0.0033 
         H35  4 0.2753 0.0058 0.7153 0.0036 
         H36  4 0.3611 0.0099 0.6224 0.0066 
         H37  4 0.2152 0.0040 0.7721 0.0086 
         H38  4 0.2761 0.0069 0.7137 0.0033 
         H39  5 0.9166 0.0691 0.0102 0.0041 
         H40  5 0.7893 0.0736 0.1338 0.0033 
         H41  5 0.8110 0.1765 0.0051 0.0074 
         H42  5 0.9901 0.0027 0.0037 0.0034 
         H43  5 0.9900 0.0033 0.0033 0.0034 
         H44  5 0.6322 0.0326 0.0216 0.3136 
         H45  5 0.9696 0.0086 0.0040 0.0178 
         H46  5 0.0042 0.0028 0.0057 0.9873 
         H47  5 0.0045 0.0025 0.0054 0.9877 
