         H01  1 0.0027 0.0078 0.0042 0.9830 0.0024 
         H02  1 0.0021 0.0034 0.0026 0.9894 0.0025 
         H03  1 0.0023 0.0027 0.0023 0.9905 0.0022 
         H04  1 0.0029 0.0030 0.0023 0.9895 0.0024 
         H05  1 0.0023 0.0030 0.0026 0.9895 0.0026 
         H06  1 0.0384 0.1568 0.0113 0.7897 0.0038 
         H07  1 0.0027 0.0033 0.0035 0.9870 0.0035 
         H08  1 0.0028 0.0055 0.0056 0.9796 0.0066 
         H09  1 0.0287 0.1417 0.0334 0.7855 0.0106 
         H10  1 0.0033 0.0052 0.0038 0.9822 0.0055 
         H11  1 0.0024 0.0030 0.0026 0.9896 0.0023 
         H12  1 0.0022 0.0036 0.0028 0.9895 0.0019 
         H13  1 0.0033 0.0073 0.0045 0.9747 0.0102 
         H14  2 0.0575 0.9302 0.0047 0.0045 0.0030 
         H15  2 0.0199 0.7033 0.0905 0.1769 0.0093 
         H16  2 0.0138 0.6830 0.0966 0.2012 0.0054 
         H17  2 0.0411 0.1360 0.0340 0.0144 0.7745 
         H18  2 0.0049 0.0031 0.0029 0.0044 0.9846 
         H19  2 0.0032 0.0041 0.0025 0.0045 0.9857 
         H20  2 0.2339 0.0847 0.0192 0.0614 0.6007 
         H21  2 0.0086 0.0189 0.9447 0.0238 0.0040 
         H22  2 0.0025 0.0034 0.0039 0.0040 0.9861 
         H23  2 0.0047 0.0050 0.0044 0.0065 0.9795 
         H24  2 0.0035 0.0074 0.9801 0.0060 0.0031 
         H25  2 0.0193 0.0283 0.0441 0.0034 0.9049 
         H26  2 0.0034 0.0044 0.0029 0.0036 0.9858 
         H27  2 0.0090 0.0037 0.0031 0.0025 0.9816 
         H28  2 0.0132 0.0058 0.0037 0.0064 0.9709 
         H29  2 0.0149 0.0040 0.0038 0.0024 0.9749 
         H30  2 0.0141 0.0252 0.0130 0.0248 0.9230 
         H31  3 0.0848 0.8638 0.0123 0.0354 0.0037 
         H32  3 0.0301 0.8063 0.0932 0.0665 0.0040 
         H33  4 0.0869 0.2892 0.4964 0.0044 0.1231 
         H34  4 0.8249 0.0046 0.0040 0.0027 0.1638 
         H35  4 0.9127 0.0032 0.0030 0.0029 0.0782 
         H36  4 0.7087 0.0951 0.0355 0.0104 0.1503 
         H37  4 0.8308 0.0041 0.0036 0.0093 0.1522 
         H38  4 0.9133 0.0032 0.0026 0.0026 0.0784 
         H39  5 0.0369 0.3409 0.6059 0.0031 0.0133 
         H40  5 0.1718 0.0342 0.7334 0.0030 0.0576 
         H41  5 0.0063 0.0729 0.9012 0.0107 0.0089 
         H42  5 0.0049 0.0311 0.9591 0.0027 0.0023 
         H43  5 0.0036 0.0281 0.9630 0.0028 0.0026 
         H44  5 0.1221 0.5808 0.0090 0.2828 0.0054 
         H45  5 0.1412 0.8185 0.0172 0.0186 0.0045 
         H46  5 0.0047 0.0036 0.0037 0.9832 0.0048 
         H47  5 0.0064 0.0029 0.0032 0.9841 0.0033 
