         H01  1 0.0046 0.0028 0.0056 0.9870 
         H02  1 0.0027 0.0026 0.0032 0.9915 
         H03  1 0.0030 0.0026 0.0026 0.9918 
         H04  1 0.0029 0.0029 0.0028 0.9914 
         H05  1 0.0030 0.0026 0.0030 0.9914 
         H06  1 0.0234 0.0034 0.1854 0.7878 
         H07  1 0.0040 0.0032 0.0040 0.9888 
         H08  1 0.0041 0.0075 0.0057 0.9827 
         H09  1 0.0717 0.0158 0.1107 0.8017 
         H10  1 0.0036 0.0054 0.0039 0.9871 
         H11  1 0.0035 0.0026 0.0032 0.9907 
         H12  1 0.0030 0.0026 0.0028 0.9916 
         H13  1 0.0050 0.0117 0.0082 0.9751 
         H14  2 0.0104 0.0041 0.9800 0.0055 
         H15  2 0.0548 0.0079 0.7162 0.2210 
         H16  2 0.0877 0.0053 0.6417 0.2652 
         H17  2 0.0272 0.8487 0.1111 0.0130 
         H18  2 0.0030 0.9876 0.0043 0.0051 
         H19  2 0.0037 0.9862 0.0040 0.0062 
         H20  2 0.0282 0.7735 0.1076 0.0907 
         H21  2 0.8615 0.0060 0.1006 0.0319 
         H22  2 0.0042 0.9858 0.0049 0.0051 
         H23  2 0.0054 0.9843 0.0053 0.0050 
         H24  2 0.9260 0.0038 0.0626 0.0076 
         H25  2 0.0352 0.9462 0.0150 0.0036 
         H26  2 0.0027 0.9885 0.0045 0.0044 
         H27  2 0.0045 0.9874 0.0055 0.0026 
         H28  2 0.0049 0.9800 0.0092 0.0059 
         H29  2 0.0030 0.9899 0.0040 0.0031 
         H30  2 0.0125 0.9338 0.0262 0.0276 
         H31  3 0.0715 0.0046 0.8824 0.0415 
         H32  3 0.1883 0.0064 0.6765 0.1288 
         H33  4 0.5656 0.2014 0.2278 0.0052 
         H34  4 0.0082 0.9000 0.0890 0.0028 
         H35  4 0.0064 0.0687 0.9209 0.0040 
         H36  4 0.0399 0.5426 0.4114 0.0062 
         H37  4 0.0117 0.8513 0.1248 0.0121 
         H38  4 0.0105 0.0704 0.9151 0.0040 
         H39  5 0.7440 0.0124 0.2389 0.0046 
         H40  5 0.6861 0.1074 0.2028 0.0037 
         H41  5 0.8295 0.0083 0.1484 0.0138 
         H42  5 0.9500 0.0035 0.0430 0.0036 
         H43  5 0.9599 0.0029 0.0336 0.0036 
         H44  5 0.0481 0.0093 0.6387 0.3039 
         H45  5 0.0376 0.0050 0.9289 0.0284 
         H46  5 0.0038 0.0049 0.0040 0.9873 
         H47  5 0.0036 0.0061 0.0037 0.9866 
