         H01  1 0.0022 0.9860 0.0040 0.0021 0.0056 
         H02  1 0.0025 0.9894 0.0027 0.0023 0.0030 
         H03  1 0.0021 0.9901 0.0025 0.0020 0.0033 
         H04  1 0.0024 0.9907 0.0026 0.0023 0.0020 
         H05  1 0.0024 0.9911 0.0020 0.0022 0.0023 
         H06  1 0.0033 0.7723 0.0092 0.0031 0.2120 
         H07  1 0.0023 0.9868 0.0032 0.0039 0.0038 
         H08  1 0.0028 0.9807 0.0040 0.0079 0.0047 
         H09  1 0.0394 0.8015 0.0428 0.0077 0.1086 
         H10  1 0.0030 0.9846 0.0031 0.0057 0.0036 
         H11  1 0.0021 0.9903 0.0024 0.0024 0.0027 
         H12  1 0.0021 0.9907 0.0025 0.0021 0.0026 
         H13  1 0.0031 0.9756 0.0038 0.0094 0.0080 
         H14  2 0.0038 0.0030 0.0034 0.0034 0.9864 
         H15  2 0.0213 0.1043 0.0184 0.0073 0.8487 
         H16  2 0.0198 0.1473 0.0309 0.0051 0.7969 
         H17  2 0.0137 0.0138 0.0272 0.8808 0.0645 
         H18  2 0.0039 0.0036 0.0030 0.9861 0.0034 
         H19  2 0.0028 0.0046 0.0034 0.9860 0.0032 
         H20  2 0.2924 0.0518 0.0169 0.5988 0.0401 
         H21  2 0.0064 0.0233 0.9566 0.0030 0.0108 
         H22  2 0.0028 0.0045 0.0028 0.9860 0.0038 
         H23  2 0.0036 0.0058 0.0035 0.9819 0.0052 
         H24  2 0.0030 0.0045 0.9845 0.0028 0.0051 
         H25  2 0.0119 0.0031 0.0316 0.9378 0.0156 
         H26  2 0.0035 0.0035 0.0027 0.9865 0.0038 
         H27  2 0.0091 0.0027 0.0034 0.9806 0.0042 
         H28  2 0.0109 0.0048 0.0034 0.9724 0.0086 
         H29  2 0.0174 0.0022 0.0029 0.9737 0.0038 
         H30  2 0.0151 0.0170 0.0114 0.9257 0.0308 
         H31  3 0.0439 0.0241 0.0052 0.0030 0.9237 
         H32  3 0.0161 0.0503 0.1123 0.0053 0.8159 
         H33  4 0.0907 0.0054 0.4702 0.1819 0.2518 
         H34  4 0.9499 0.0027 0.0030 0.0405 0.0040 
         H35  4 0.9870 0.0026 0.0027 0.0027 0.0050 
         H36  4 0.8211 0.0089 0.0182 0.0419 0.1098 
         H37  4 0.9546 0.0070 0.0029 0.0315 0.0040 
         H38  4 0.9892 0.0030 0.0021 0.0024 0.0032 
         H39  5 0.0254 0.0038 0.5560 0.0126 0.4022 
         H40  5 0.1863 0.0036 0.5863 0.0356 0.1882 
         H41  5 0.0050 0.0116 0.8369 0.0070 0.1395 
         H42  5 0.0034 0.0031 0.9854 0.0024 0.0057 
         H43  5 0.0039 0.0030 0.9859 0.0023 0.0049 
         H44  5 0.0582 0.1944 0.0059 0.0053 0.7362 
         H45  5 0.0038 0.0181 0.0068 0.0034 0.9680 
         H46  5 0.0047 0.9842 0.0029 0.0046 0.0035 
         H47  5 0.0065 0.9830 0.0025 0.0049 0.0032 
