         H01  1 0.0068 0.0027 0.0059 0.9778 0.0025 0.0018 0.0025 
         H02  1 0.0020 0.0020 0.0030 0.9866 0.0019 0.0021 0.0024 
         H03  1 0.0024 0.0020 0.0024 0.9872 0.0022 0.0020 0.0018 
         H04  1 0.0020 0.0028 0.0026 0.9861 0.0020 0.0026 0.0019 
         H05  1 0.0023 0.0020 0.0022 0.9864 0.0022 0.0027 0.0022 
         H06  1 0.0233 0.0049 0.1904 0.7692 0.0047 0.0024 0.0051 
         H07  1 0.0024 0.0023 0.0046 0.9818 0.0022 0.0034 0.0033 
         H08  1 0.0026 0.0051 0.0048 0.9751 0.0027 0.0056 0.0040 
         H09  1 0.0234 0.0049 0.0966 0.7993 0.0397 0.0074 0.0287 
         H10  1 0.0024 0.0039 0.0037 0.9814 0.0025 0.0036 0.0024 
         H11  1 0.0024 0.0022 0.0024 0.9860 0.0019 0.0021 0.0030 
         H12  1 0.0021 0.0022 0.0023 0.9878 0.0019 0.0017 0.0021 
         H13  1 0.0036 0.0067 0.0078 0.9694 0.0029 0.0071 0.0024 
         H14  2 0.0225 0.0032 0.9602 0.0038 0.0043 0.0029 0.0031 
         H15  2 0.0077 0.0040 0.7392 0.1492 0.0052 0.0101 0.0846 
         H16  2 0.0052 0.0027 0.7063 0.1876 0.0026 0.0051 0.0905 
         H17  2 0.0068 0.9544 0.0172 0.0049 0.0052 0.0064 0.0051 
         H18  2 0.0018 0.0075 0.0026 0.0034 0.0022 0.9801 0.0025 
         H19  2 0.0021 0.0044 0.0026 0.0033 0.0022 0.9827 0.0028 
         H20  2 0.0053 0.8681 0.0105 0.0228 0.0771 0.0022 0.0140 
         H21  2 0.0047 0.0027 0.0095 0.0101 0.0052 0.0022 0.9656 
         H22  2 0.0026 0.9791 0.0039 0.0033 0.0020 0.0063 0.0029 
         H23  2 0.0031 0.9681 0.0054 0.0042 0.0042 0.0094 0.0056 
         H24  2 0.0025 0.0020 0.0076 0.0024 0.0153 0.0025 0.9677 
         H25  2 0.0178 0.9381 0.0098 0.0026 0.0091 0.0161 0.0065 
         H26  2 0.0024 0.0027 0.0032 0.0023 0.0026 0.9843 0.0027 
         H27  2 0.0037 0.0060 0.0050 0.0027 0.0065 0.9693 0.0068 
         H28  2 0.0025 0.9700 0.0059 0.0038 0.0093 0.0053 0.0032 
         H29  2 0.0031 0.9552 0.0050 0.0024 0.0096 0.0222 0.0024 
         H30  2 0.0128 0.3289 0.0652 0.0149 0.0186 0.5406 0.0190 
         H31  3 0.0660 0.0035 0.8625 0.0324 0.0176 0.0026 0.0154 
         H32  3 0.0707 0.0043 0.8089 0.0649 0.0183 0.0042 0.0286 
         H33  4 0.1224 0.0095 0.2918 0.0034 0.1337 0.3008 0.1383 
         H34  4 0.0031 0.0045 0.0063 0.0024 0.9004 0.0597 0.0235 
         H35  4 0.0083 0.0031 0.0083 0.0029 0.9677 0.0024 0.0075 
         H36  4 0.0238 0.0465 0.0684 0.0080 0.8176 0.0058 0.0298 
         H37  4 0.0045 0.0024 0.0038 0.0069 0.9328 0.0295 0.0200 
         H38  4 0.0036 0.0031 0.0075 0.0024 0.9767 0.0022 0.0044 
         H39  5 0.1869 0.0096 0.7449 0.0030 0.0153 0.0060 0.0344 
         H40  5 0.3320 0.0440 0.3313 0.0042 0.2035 0.0131 0.0720 
         H41  5 0.3349 0.0058 0.3146 0.0113 0.0043 0.0086 0.3204 
         H42  5 0.9371 0.0026 0.0515 0.0020 0.0029 0.0018 0.0022 
         H43  5 0.9264 0.0022 0.0629 0.0021 0.0022 0.0021 0.0022 
         H44  5 0.0349 0.0049 0.6376 0.2406 0.0613 0.0040 0.0167 
         H45  5 0.0686 0.0025 0.9000 0.0152 0.0056 0.0032 0.0049 
         H46  5 0.0029 0.0032 0.0034 0.9787 0.0050 0.0045 0.0024 
         H47  5 0.0032 0.0034 0.0035 0.9770 0.0047 0.0057 0.0025 
