         H01  1 0.0023 0.9704 0.0029 0.0043 0.0039 0.0026 0.0135 
         H02  1 0.0023 0.9831 0.0026 0.0030 0.0026 0.0026 0.0039 
         H03  1 0.0025 0.9843 0.0026 0.0027 0.0025 0.0022 0.0033 
         H04  1 0.0022 0.9844 0.0028 0.0025 0.0023 0.0024 0.0034 
         H05  1 0.0025 0.9840 0.0025 0.0030 0.0024 0.0030 0.0025 
         H06  1 0.0120 0.7837 0.0085 0.1175 0.0189 0.0037 0.0557 
         H07  1 0.0027 0.9794 0.0029 0.0034 0.0046 0.0030 0.0040 
         H08  1 0.0031 0.9653 0.0078 0.0054 0.0045 0.0059 0.0079 
         H09  1 0.0414 0.7487 0.0118 0.0861 0.0294 0.0130 0.0697 
         H10  1 0.0033 0.9756 0.0055 0.0042 0.0026 0.0042 0.0046 
         H11  1 0.0022 0.9841 0.0026 0.0028 0.0026 0.0023 0.0034 
         H12  1 0.0023 0.9867 0.0019 0.0024 0.0023 0.0019 0.0025 
         H13  1 0.0039 0.9599 0.0059 0.0069 0.0036 0.0093 0.0106 
         H14  2 0.0135 0.0040 0.0185 0.6324 0.0471 0.0046 0.2799 
         H15  2 0.0214 0.1139 0.0101 0.1033 0.0882 0.0129 0.6502 
         H16  2 0.0240 0.1443 0.0077 0.0808 0.1068 0.0072 0.6293 
         H17  2 0.0193 0.0061 0.8554 0.0377 0.0247 0.0409 0.0159 
         H18  2 0.0043 0.0038 0.0353 0.0052 0.0073 0.9342 0.0099 
         H19  2 0.0147 0.0038 0.0182 0.0076 0.0076 0.9291 0.0189 
         H20  2 0.0361 0.0217 0.8154 0.0192 0.0273 0.0626 0.0178 
         H21  2 0.0840 0.0078 0.1152 0.0108 0.7632 0.0072 0.0118 
         H22  2 0.0184 0.0031 0.9245 0.0221 0.0047 0.0076 0.0196 
         H23  2 0.0093 0.0044 0.9047 0.0229 0.0185 0.0193 0.0208 
         H24  2 0.0881 0.0034 0.1153 0.0199 0.7630 0.0049 0.0054 
         H25  2 0.0179 0.0029 0.8338 0.0157 0.0359 0.0689 0.0248 
         H26  2 0.0051 0.0030 0.0064 0.0115 0.0074 0.9503 0.0164 
         H27  2 0.0060 0.0022 0.0096 0.0065 0.0114 0.9526 0.0118 
         H28  2 0.0064 0.0038 0.8749 0.0082 0.0111 0.0873 0.0082 
         H29  2 0.0061 0.0021 0.8615 0.0136 0.0078 0.0946 0.0142 
         H30  2 0.0126 0.0182 0.2812 0.0523 0.0292 0.5610 0.0454 
         H31  3 0.0460 0.0247 0.0072 0.1959 0.0550 0.0196 0.6515 
         H32  3 0.0323 0.0837 0.0091 0.2979 0.1565 0.0047 0.4158 
         H33  4 0.0788 0.0029 0.0147 0.2805 0.1221 0.3366 0.1643 
         H34  4 0.5502 0.0025 0.0076 0.0079 0.0050 0.4101 0.0168 
         H35  4 0.7849 0.0033 0.0039 0.0067 0.0082 0.1875 0.0054 
         H36  4 0.5985 0.0066 0.0511 0.0822 0.0572 0.1317 0.0727 
         H37  4 0.6106 0.0092 0.0092 0.0115 0.0057 0.3455 0.0082 
         H38  4 0.7829 0.0036 0.0071 0.0054 0.0104 0.1858 0.0048 
         H39  5 0.0843 0.0033 0.0139 0.7125 0.0867 0.0056 0.0937 
         H40  5 0.5949 0.0030 0.0446 0.0901 0.1776 0.0155 0.0742 
         H41  5 0.1003 0.0088 0.0263 0.6279 0.1530 0.0055 0.0781 
         H42  5 0.9026 0.0027 0.0049 0.0435 0.0172 0.0027 0.0264 
         H43  5 0.9063 0.0026 0.0044 0.0294 0.0126 0.0030 0.0417 
         H44  5 0.0493 0.2991 0.0276 0.3904 0.0923 0.0070 0.1344 
         H45  5 0.0350 0.0107 0.0047 0.7093 0.0729 0.0056 0.1619 
         H46  5 0.0045 0.9762 0.0038 0.0046 0.0025 0.0052 0.0032 
         H47  5 0.0043 0.9760 0.0038 0.0038 0.0030 0.0056 0.0035 
