         H01  1 0.0082 0.0144 0.0091 0.0039 0.0074 0.9519 0.0051 
         H02  1 0.0058 0.0094 0.0107 0.0045 0.0074 0.9582 0.0040 
         H03  1 0.0080 0.0057 0.0057 0.0044 0.0070 0.9647 0.0045 
         H04  1 0.0126 0.0105 0.0054 0.0047 0.0079 0.9527 0.0063 
         H05  1 0.0053 0.0047 0.0065 0.0045 0.0077 0.9637 0.0077 
         H06  1 0.1109 0.0203 0.1027 0.0049 0.0119 0.7397 0.0097 
         H07  1 0.0077 0.0101 0.0063 0.0048 0.0105 0.9542 0.0065 
         H08  1 0.0100 0.0149 0.0104 0.0079 0.0060 0.9449 0.0059 
         H09  1 0.0676 0.0225 0.0852 0.0079 0.0424 0.7605 0.0140 
         H10  1 0.0063 0.0103 0.0057 0.0075 0.0076 0.9574 0.0052 
         H11  1 0.0047 0.0137 0.0066 0.0039 0.0071 0.9595 0.0046 
         H12  1 0.0072 0.0072 0.0061 0.0042 0.0055 0.9633 0.0065 
         H13  1 0.0104 0.0072 0.0113 0.0150 0.0126 0.9372 0.0063 
         H14  2 0.4250 0.0459 0.4996 0.0045 0.0086 0.0108 0.0055 
         H15  2 0.3175 0.0162 0.4447 0.0093 0.0612 0.1426 0.0085 
         H16  2 0.3495 0.0094 0.4092 0.0083 0.0593 0.1565 0.0077 
         H17  2 0.0892 0.0121 0.0758 0.7575 0.0286 0.0163 0.0204 
         H18  2 0.0057 0.0046 0.0050 0.9685 0.0063 0.0060 0.0039 
         H19  2 0.0046 0.0052 0.0070 0.9679 0.0063 0.0054 0.0036 
         H20  2 0.0685 0.0268 0.0614 0.5426 0.2134 0.0648 0.0224 
         H21  2 0.0186 0.8913 0.0190 0.0048 0.0069 0.0104 0.0491 
         H22  2 0.0042 0.0072 0.0073 0.9649 0.0058 0.0066 0.0040 
         H23  2 0.0064 0.0112 0.0069 0.9596 0.0049 0.0066 0.0044 
         H24  2 0.0077 0.9009 0.0066 0.0057 0.0085 0.0054 0.0651 
         H25  2 0.0171 0.0088 0.0188 0.8820 0.0178 0.0069 0.0485 
         H26  2 0.0049 0.0055 0.0044 0.9683 0.0061 0.0071 0.0038 
         H27  2 0.0055 0.0066 0.0060 0.9635 0.0091 0.0047 0.0045 
         H28  2 0.0103 0.0049 0.0120 0.9490 0.0117 0.0069 0.0052 
         H29  2 0.0073 0.0043 0.0075 0.9590 0.0123 0.0049 0.0048 
         H30  2 0.0336 0.0175 0.0303 0.8625 0.0264 0.0207 0.0090 
         H31  3 0.5130 0.0391 0.3621 0.0043 0.0398 0.0359 0.0058 
         H32  3 0.4058 0.0438 0.4484 0.0066 0.0328 0.0509 0.0115 
         H33  4 0.3654 0.0460 0.2956 0.0848 0.1251 0.0083 0.0748 
         H34  4 0.0418 0.0201 0.0208 0.0309 0.8689 0.0056 0.0119 
         H35  4 0.0105 0.0082 0.0099 0.0036 0.8721 0.0060 0.0896 
         H36  4 0.1358 0.0354 0.0978 0.0261 0.6835 0.0089 0.0125 
         H37  4 0.0275 0.0318 0.0224 0.0155 0.8719 0.0097 0.0213 
         H38  4 0.0138 0.0063 0.0118 0.0036 0.8693 0.0064 0.0888 
         H39  5 0.4018 0.0318 0.4067 0.0111 0.0290 0.0067 0.1129 
         H40  5 0.2917 0.0254 0.3074 0.0261 0.0955 0.0059 0.2480 
         H41  5 0.2857 0.1332 0.3538 0.0070 0.0405 0.0107 0.1691 
         H42  5 0.0065 0.0063 0.0071 0.0045 0.0055 0.0034 0.9668 
         H43  5 0.0075 0.0049 0.0058 0.0051 0.0067 0.0056 0.9644 
         H44  5 0.3662 0.0380 0.2238 0.0053 0.0695 0.2917 0.0055 
         H45  5 0.4889 0.0200 0.4245 0.0046 0.0353 0.0194 0.0072 
         H46  5 0.0057 0.0057 0.0092 0.0051 0.0096 0.9597 0.0051 
         H47  5 0.0056 0.0068 0.0077 0.0075 0.0079 0.9557 0.0088 
