         H01  1 0.0024 0.0029 0.0028 0.0068 0.0056 0.9755 0.0040 
         H02  1 0.0027 0.0026 0.0026 0.0034 0.0022 0.9843 0.0022 
         H03  1 0.0022 0.0025 0.0024 0.0025 0.0022 0.9860 0.0023 
         H04  1 0.0023 0.0024 0.0024 0.0031 0.0025 0.9852 0.0021 
         H05  1 0.0025 0.0025 0.0025 0.0029 0.0025 0.9848 0.0023 
         H06  1 0.0048 0.0063 0.0107 0.1564 0.0480 0.7667 0.0071 
         H07  1 0.0033 0.0045 0.0026 0.0037 0.0034 0.9802 0.0022 
         H08  1 0.0066 0.0050 0.0062 0.0048 0.0042 0.9702 0.0030 
         H09  1 0.0097 0.0181 0.0095 0.0811 0.0346 0.8098 0.0371 
         H10  1 0.0039 0.0022 0.0057 0.0033 0.0040 0.9781 0.0029 
         H11  1 0.0022 0.0034 0.0022 0.0027 0.0029 0.9841 0.0025 
         H12  1 0.0021 0.0024 0.0022 0.0026 0.0025 0.9860 0.0023 
         H13  1 0.0100 0.0034 0.0055 0.0064 0.0041 0.9677 0.0030 
         H14  2 0.0088 0.0028 0.0061 0.7095 0.2466 0.0054 0.0209 
         H15  2 0.0085 0.0385 0.0082 0.5676 0.2064 0.1674 0.0033 
         H16  2 0.0081 0.0415 0.0040 0.5335 0.2107 0.1980 0.0042 
         H17  2 0.0090 0.0154 0.8949 0.0271 0.0234 0.0053 0.0250 
         H18  2 0.9661 0.0030 0.0126 0.0048 0.0059 0.0034 0.0042 
         H19  2 0.9646 0.0042 0.0053 0.0142 0.0038 0.0031 0.0048 
         H20  2 0.0124 0.0178 0.8200 0.0221 0.0222 0.0240 0.0815 
         H21  2 0.0028 0.9730 0.0038 0.0075 0.0028 0.0046 0.0055 
         H22  2 0.0143 0.0058 0.9491 0.0131 0.0043 0.0030 0.0103 
         H23  2 0.0235 0.0071 0.9235 0.0091 0.0159 0.0034 0.0177 
         H24  2 0.0027 0.9831 0.0035 0.0029 0.0024 0.0028 0.0026 
         H25  2 0.0203 0.0114 0.8961 0.0109 0.0393 0.0022 0.0199 
         H26  2 0.9660 0.0067 0.0066 0.0064 0.0067 0.0023 0.0052 
         H27  2 0.9602 0.0080 0.0092 0.0065 0.0055 0.0023 0.0082 
         H28  2 0.0175 0.0047 0.9184 0.0213 0.0194 0.0042 0.0145 
         H29  2 0.0249 0.0033 0.9198 0.0045 0.0216 0.0022 0.0236 
         H30  2 0.5189 0.0137 0.3503 0.0459 0.0316 0.0144 0.0252 
         H31  3 0.0046 0.0332 0.0066 0.6621 0.1981 0.0411 0.0543 
         H32  3 0.0097 0.0167 0.0110 0.6332 0.1966 0.1010 0.0318 
         H33  4 0.2629 0.0753 0.0166 0.2591 0.3369 0.0035 0.0457 
         H34  4 0.1737 0.0054 0.0057 0.0113 0.0060 0.0026 0.7953 
         H35  4 0.0087 0.0031 0.0198 0.0112 0.0139 0.0028 0.9406 
         H36  4 0.0118 0.0067 0.1122 0.1550 0.0984 0.0110 0.6049 
         H37  4 0.1187 0.0039 0.0042 0.0218 0.0044 0.0093 0.8378 
         H38  4 0.0109 0.0034 0.0150 0.0253 0.0097 0.0030 0.9327 
         H39  5 0.0089 0.0333 0.0544 0.3808 0.5129 0.0040 0.0057 
         H40  5 0.0112 0.0529 0.0821 0.3221 0.4070 0.0038 0.1208 
         H41  5 0.0063 0.1467 0.0071 0.3982 0.4057 0.0082 0.0279 
         H42  5 0.0040 0.0023 0.0391 0.1830 0.6634 0.0026 0.1056 
         H43  5 0.0027 0.0035 0.0355 0.2274 0.6171 0.0027 0.1111 
         H44  5 0.0066 0.0028 0.0253 0.5042 0.1373 0.2648 0.0590 
         H45  5 0.0081 0.0077 0.0127 0.6836 0.2286 0.0326 0.0265 
         H46  5 0.0049 0.0024 0.0034 0.0038 0.0038 0.9773 0.0044 
         H47  5 0.0060 0.0031 0.0042 0.0037 0.0040 0.9737 0.0053 
