         H01  1 0.0035 0.0207 0.0022 0.0020 0.0020 0.0043 0.9652 
         H02  1 0.0020 0.0039 0.0023 0.0019 0.0021 0.0022 0.9856 
         H03  1 0.0020 0.0027 0.0021 0.0020 0.0026 0.0027 0.9859 
         H04  1 0.0021 0.0023 0.0022 0.0022 0.0023 0.0026 0.9863 
         H05  1 0.0020 0.0027 0.0021 0.0020 0.0023 0.0023 0.9867 
         H06  1 0.0039 0.0274 0.0034 0.0030 0.0070 0.1630 0.7922 
         H07  1 0.0023 0.0048 0.0021 0.0034 0.0029 0.0031 0.9814 
         H08  1 0.0023 0.0072 0.0021 0.0066 0.0049 0.0045 0.9724 
         H09  1 0.0136 0.0768 0.0313 0.0068 0.0225 0.0632 0.7859 
         H10  1 0.0026 0.0061 0.0023 0.0042 0.0023 0.0032 0.9793 
         H11  1 0.0019 0.0034 0.0022 0.0022 0.0030 0.0029 0.9846 
         H12  1 0.0023 0.0034 0.0018 0.0019 0.0026 0.0025 0.9855 
         H13  1 0.0024 0.0167 0.0022 0.0086 0.0027 0.0063 0.9612 
         H14  2 0.0033 0.0436 0.0129 0.0023 0.0024 0.9317 0.0037 
         H15  2 0.0028 0.8344 0.0026 0.0050 0.0046 0.0953 0.0553 
         H16  2 0.0042 0.8246 0.0040 0.0039 0.0037 0.0831 0.0764 
         H17  2 0.0209 0.0371 0.0089 0.7990 0.0071 0.1162 0.0109 
         H18  2 0.0023 0.0050 0.0033 0.9726 0.0023 0.0105 0.0040 
         H19  2 0.0017 0.0029 0.0028 0.9820 0.0030 0.0031 0.0046 
         H20  2 0.0094 0.0635 0.2353 0.5711 0.0305 0.0447 0.0454 
         H21  2 0.0030 0.0083 0.0025 0.0023 0.9750 0.0029 0.0060 
         H22  2 0.0026 0.0038 0.0019 0.9794 0.0039 0.0037 0.0046 
         H23  2 0.0025 0.0059 0.0048 0.9678 0.0066 0.0070 0.0055 
         H24  2 0.0015 0.0022 0.0030 0.0021 0.9865 0.0022 0.0024 
         H25  2 0.0479 0.0100 0.0098 0.8631 0.0025 0.0641 0.0025 
         H26  2 0.0017 0.0035 0.0035 0.9825 0.0030 0.0028 0.0031 
         H27  2 0.0031 0.0029 0.0079 0.9762 0.0037 0.0038 0.0024 
         H28  2 0.0027 0.0081 0.0141 0.9599 0.0037 0.0069 0.0047 
         H29  2 0.0031 0.0029 0.0135 0.9724 0.0017 0.0045 0.0020 
         H30  2 0.0051 0.0343 0.0119 0.8972 0.0124 0.0221 0.0169 
         H31  3 0.0108 0.8632 0.0207 0.0034 0.0343 0.0533 0.0142 
         H32  3 0.0132 0.3833 0.0298 0.0043 0.0225 0.5000 0.0470 
         H33  4 0.0235 0.0608 0.0373 0.0411 0.0334 0.8006 0.0033 
         H34  4 0.0032 0.0030 0.9565 0.0265 0.0058 0.0027 0.0024 
         H35  4 0.0021 0.0039 0.9421 0.0033 0.0429 0.0033 0.0024 
         H36  4 0.0099 0.0516 0.7807 0.0243 0.0057 0.1215 0.0063 
         H37  4 0.0020 0.0026 0.9706 0.0042 0.0077 0.0052 0.0076 
         H38  4 0.0020 0.0033 0.9430 0.0025 0.0434 0.0039 0.0019 
         H39  5 0.0680 0.0915 0.0035 0.0074 0.0129 0.8133 0.0035 
         H40  5 0.2395 0.0494 0.1346 0.0224 0.0661 0.4849 0.0031 
         H41  5 0.1266 0.0169 0.0040 0.0046 0.1270 0.7164 0.0046 
         H42  5 0.9855 0.0025 0.0029 0.0023 0.0017 0.0031 0.0021 
         H43  5 0.9828 0.0049 0.0026 0.0025 0.0020 0.0028 0.0024 
         H44  5 0.0071 0.0532 0.0759 0.0072 0.0024 0.5419 0.3122 
         H45  5 0.0066 0.0221 0.0049 0.0029 0.0037 0.9426 0.0172 
         H46  5 0.0032 0.0036 0.0045 0.0033 0.0025 0.0040 0.9789 
         H47  5 0.0032 0.0029 0.0037 0.0040 0.0026 0.0040 0.9796 
