         H01  1 0.0027 0.9874 0.0055 0.0044 
         H02  1 0.0022 0.9913 0.0037 0.0029 
         H03  1 0.0023 0.9931 0.0022 0.0024 
         H04  1 0.0022 0.9925 0.0027 0.0027 
         H05  1 0.0028 0.9922 0.0026 0.0024 
         H06  1 0.0048 0.8045 0.1732 0.0175 
         H07  1 0.0040 0.9895 0.0039 0.0027 
         H08  1 0.0069 0.9851 0.0047 0.0033 
         H09  1 0.0100 0.8126 0.1243 0.0531 
         H10  1 0.0051 0.9882 0.0034 0.0033 
         H11  1 0.0021 0.9914 0.0033 0.0032 
         H12  1 0.0022 0.9917 0.0030 0.0032 
         H13  1 0.0101 0.9783 0.0077 0.0039 
         H14  2 0.0037 0.0048 0.9105 0.0809 
         H15  2 0.0070 0.1537 0.7832 0.0561 
         H16  2 0.0060 0.1897 0.7421 0.0621 
         H17  2 0.8929 0.0111 0.0750 0.0211 
         H18  2 0.9891 0.0039 0.0033 0.0037 
         H19  2 0.9876 0.0061 0.0032 0.0031 
         H20  2 0.7100 0.0572 0.0733 0.1596 
         H21  2 0.0044 0.0144 0.8744 0.1068 
         H22  2 0.9883 0.0047 0.0036 0.0034 
         H23  2 0.9840 0.0073 0.0045 0.0042 
         H24  2 0.0041 0.0053 0.8836 0.1070 
         H25  2 0.9493 0.0035 0.0207 0.0264 
         H26  2 0.9895 0.0040 0.0036 0.0029 
         H27  2 0.9876 0.0026 0.0031 0.0066 
         H28  2 0.9820 0.0055 0.0056 0.0069 
         H29  2 0.9862 0.0024 0.0039 0.0074 
         H30  2 0.9306 0.0227 0.0334 0.0133 
         H31  3 0.0034 0.0406 0.8700 0.0860 
         H32  3 0.0058 0.0523 0.8517 0.0902 
         H33  4 0.0992 0.0037 0.7304 0.1667 
         H34  4 0.1911 0.0026 0.0074 0.7989 
         H35  4 0.0833 0.0034 0.0411 0.8722 
         H36  4 0.1195 0.0086 0.0635 0.8085 
         H37  4 0.1642 0.0083 0.0082 0.8193 
         H38  4 0.0819 0.0034 0.0486 0.8661 
         H39  5 0.0062 0.0038 0.8619 0.1281 
         H40  5 0.0316 0.0044 0.1862 0.7777 
         H41  5 0.0051 0.0088 0.8764 0.1097 
         H42  5 0.0031 0.0038 0.1067 0.8864 
         H43  5 0.0025 0.0035 0.1011 0.8928 
         H44  5 0.0071 0.3374 0.5489 0.1066 
         H45  5 0.0038 0.0269 0.9092 0.0601 
         H46  5 0.0046 0.9878 0.0034 0.0042 
         H47  5 0.0044 0.9867 0.0041 0.0048 
