         H01  1 0.0019 0.0072 0.0023 0.0045 0.9840 
         H02  1 0.0024 0.0035 0.0027 0.0030 0.9885 
         H03  1 0.0020 0.0026 0.0019 0.0027 0.9907 
         H04  1 0.0027 0.0029 0.0021 0.0030 0.9893 
         H05  1 0.0027 0.0032 0.0026 0.0023 0.9893 
         H06  1 0.0064 0.1832 0.0039 0.0115 0.7949 
         H07  1 0.0021 0.0035 0.0035 0.0036 0.9873 
         H08  1 0.0027 0.0040 0.0070 0.0039 0.9823 
         H09  1 0.0383 0.1133 0.0074 0.0497 0.7913 
         H10  1 0.0031 0.0045 0.0059 0.0031 0.9834 
         H11  1 0.0025 0.0036 0.0024 0.0028 0.9887 
         H12  1 0.0022 0.0031 0.0019 0.0025 0.9904 
         H13  1 0.0029 0.0096 0.0104 0.0037 0.9733 
         H14  2 0.0056 0.9818 0.0037 0.0049 0.0041 
         H15  2 0.0031 0.8000 0.0075 0.0810 0.1084 
         H16  2 0.0023 0.8036 0.0042 0.0662 0.1236 
         H17  2 0.0124 0.0484 0.8848 0.0423 0.0121 
         H18  2 0.0037 0.0034 0.9865 0.0027 0.0038 
         H19  2 0.0032 0.0033 0.9865 0.0026 0.0044 
         H20  2 0.2676 0.0603 0.5956 0.0183 0.0581 
         H21  2 0.0257 0.0339 0.0052 0.9150 0.0202 
         H22  2 0.0026 0.0041 0.9854 0.0032 0.0047 
         H23  2 0.0031 0.0040 0.9842 0.0037 0.0050 
         H24  2 0.0193 0.0085 0.0029 0.9635 0.0058 
         H25  2 0.0127 0.0147 0.9292 0.0398 0.0036 
         H26  2 0.0043 0.0037 0.9855 0.0030 0.0035 
         H27  2 0.0100 0.0040 0.9788 0.0046 0.0027 
         H28  2 0.0129 0.0066 0.9701 0.0043 0.0061 
         H29  2 0.0225 0.0048 0.9657 0.0044 0.0026 
         H30  2 0.0093 0.0197 0.9371 0.0156 0.0183 
         H31  3 0.0278 0.9287 0.0031 0.0177 0.0227 
         H32  3 0.0066 0.7855 0.0059 0.1338 0.0682 
         H33  4 0.0893 0.2820 0.1226 0.5005 0.0057 
         H34  4 0.9772 0.0046 0.0122 0.0036 0.0025 
         H35  4 0.9888 0.0031 0.0028 0.0023 0.0030 
         H36  4 0.8522 0.0721 0.0268 0.0363 0.0126 
         H37  4 0.9804 0.0039 0.0046 0.0029 0.0081 
         H38  4 0.9884 0.0030 0.0025 0.0026 0.0035 
         H39  5 0.0078 0.2955 0.0133 0.6802 0.0033 
         H40  5 0.1747 0.1382 0.0226 0.6610 0.0034 
         H41  5 0.0043 0.0859 0.0065 0.8922 0.0110 
         H42  5 0.0031 0.0068 0.0027 0.9845 0.0030 
         H43  5 0.0034 0.0083 0.0031 0.9820 0.0032 
         H44  5 0.0672 0.6130 0.0062 0.0097 0.3038 
         H45  5 0.0044 0.9386 0.0038 0.0324 0.0208 
         H46  5 0.0052 0.0038 0.0044 0.0037 0.9828 
         H47  5 0.0044 0.0033 0.0052 0.0029 0.9842 
