         H01  1 0.9883 0.0085 0.0032 
         H02  1 0.9926 0.0040 0.0034 
         H03  1 0.9929 0.0043 0.0027 
         H04  1 0.9929 0.0038 0.0033 
         H05  1 0.9928 0.0034 0.0038 
         H06  1 0.7979 0.1981 0.0040 
         H07  1 0.9896 0.0052 0.0052 
         H08  1 0.9845 0.0072 0.0083 
         H09  1 0.8072 0.1707 0.0222 
         H10  1 0.9888 0.0050 0.0062 
         H11  1 0.9915 0.0043 0.0042 
         H12  1 0.9930 0.0039 0.0031 
         H13  1 0.9807 0.0072 0.0121 
         H14  2 0.0071 0.9884 0.0045 
         H15  2 0.3354 0.6523 0.0123 
         H16  2 0.3742 0.6166 0.0092 
         H17  2 0.0202 0.0864 0.8934 
         H18  2 0.0055 0.0050 0.9895 
         H19  2 0.0076 0.0043 0.9881 
         H20  2 0.1254 0.0767 0.7979 
         H21  2 0.0229 0.9696 0.0075 
         H22  2 0.0066 0.0055 0.9879 
         H23  2 0.0084 0.0075 0.9841 
         H24  2 0.0071 0.9867 0.0062 
         H25  2 0.0044 0.0228 0.9728 
         H26  2 0.0054 0.0049 0.9896 
         H27  2 0.0032 0.0051 0.9916 
         H28  2 0.0083 0.0104 0.9813 
         H29  2 0.0037 0.0056 0.9907 
         H30  2 0.0355 0.0325 0.9320 
         H31  3 0.0934 0.9002 0.0064 
         H32  3 0.1223 0.8686 0.0091 
         H33  4 0.0063 0.8243 0.1695 
         H34  4 0.0035 0.0906 0.9060 
         H35  4 0.0050 0.9480 0.0470 
         H36  4 0.0091 0.4052 0.5857 
         H37  4 0.0136 0.1471 0.8393 
         H38  4 0.0056 0.9522 0.0421 
         H39  5 0.0048 0.9832 0.0120 
         H40  5 0.0048 0.9154 0.0798 
         H41  5 0.0147 0.9776 0.0077 
         H42  5 0.0048 0.9911 0.0040 
         H43  5 0.0046 0.9912 0.0043 
         H44  5 0.3799 0.6062 0.0139 
         H45  5 0.0362 0.9577 0.0061 
         H46  5 0.9875 0.0060 0.0065 
         H47  5 0.9893 0.0047 0.0060 
