         H01  1 0.0021 0.0024 0.0058 0.9823 0.0074 
         H02  1 0.0028 0.0025 0.0029 0.9887 0.0031 
         H03  1 0.0018 0.0024 0.0024 0.9905 0.0028 
         H04  1 0.0024 0.0028 0.0027 0.9893 0.0029 
         H05  1 0.0030 0.0029 0.0027 0.9887 0.0028 
         H06  1 0.0029 0.0069 0.1585 0.8098 0.0220 
         H07  1 0.0032 0.0028 0.0036 0.9861 0.0043 
         H08  1 0.0085 0.0027 0.0039 0.9783 0.0066 
         H09  1 0.0108 0.0322 0.0800 0.8075 0.0694 
         H10  1 0.0057 0.0028 0.0040 0.9845 0.0031 
         H11  1 0.0020 0.0024 0.0030 0.9895 0.0031 
         H12  1 0.0019 0.0024 0.0025 0.9906 0.0025 
         H13  1 0.0080 0.0029 0.0059 0.9788 0.0045 
         H14  2 0.0228 0.0053 0.9214 0.0049 0.0456 
         H15  2 0.0170 0.0044 0.0956 0.3358 0.5472 
         H16  2 0.0081 0.0060 0.0739 0.3635 0.5485 
         H17  2 0.8791 0.0114 0.0498 0.0113 0.0485 
         H18  2 0.9746 0.0066 0.0100 0.0039 0.0049 
         H19  2 0.9734 0.0040 0.0091 0.0058 0.0077 
         H20  2 0.6122 0.2311 0.0346 0.0688 0.0533 
         H21  2 0.0121 0.0202 0.0550 0.0113 0.9012 
         H22  2 0.9733 0.0034 0.0070 0.0053 0.0110 
         H23  2 0.9738 0.0033 0.0114 0.0057 0.0058 
         H24  2 0.0058 0.0166 0.0607 0.0034 0.9135 
         H25  2 0.9169 0.0144 0.0293 0.0035 0.0359 
         H26  2 0.9622 0.0051 0.0111 0.0031 0.0186 
         H27  2 0.9520 0.0098 0.0225 0.0025 0.0132 
         H28  2 0.9264 0.0171 0.0161 0.0065 0.0338 
         H29  2 0.9452 0.0134 0.0194 0.0027 0.0193 
         H30  2 0.8682 0.0153 0.0426 0.0214 0.0524 
         H31  3 0.0165 0.0296 0.5667 0.0505 0.3367 
         H32  3 0.0206 0.0117 0.5071 0.1221 0.3385 
         H33  4 0.1435 0.1120 0.4829 0.0057 0.2560 
         H34  4 0.0393 0.9238 0.0231 0.0029 0.0108 
         H35  4 0.0128 0.9609 0.0059 0.0025 0.0180 
         H36  4 0.0381 0.7812 0.1076 0.0115 0.0617 
         H37  4 0.0205 0.9384 0.0244 0.0074 0.0093 
         H38  4 0.0038 0.9704 0.0168 0.0029 0.0061 
         H39  5 0.0170 0.0068 0.8308 0.0037 0.1417 
         H40  5 0.0279 0.2129 0.5588 0.0030 0.1974 
         H41  5 0.0161 0.0151 0.7489 0.0103 0.2096 
         H42  5 0.0024 0.0798 0.9103 0.0034 0.0041 
         H43  5 0.0034 0.0767 0.9104 0.0034 0.0060 
         H44  5 0.0139 0.0746 0.5500 0.3457 0.0158 
         H45  5 0.0098 0.0101 0.9221 0.0227 0.0354 
         H46  5 0.0042 0.0058 0.0036 0.9833 0.0031 
         H47  5 0.0040 0.0049 0.0040 0.9838 0.0033 
