         H01  1 0.0035 0.0042 0.0052 0.0051 0.9627 0.0122 0.0071 
         H02  1 0.0036 0.0036 0.0042 0.0032 0.9775 0.0040 0.0040 
         H03  1 0.0031 0.0034 0.0040 0.0038 0.9780 0.0044 0.0035 
         H04  1 0.0035 0.0030 0.0036 0.0032 0.9790 0.0035 0.0042 
         H05  1 0.0030 0.0038 0.0037 0.0036 0.9783 0.0042 0.0034 
         H06  1 0.0077 0.0051 0.0143 0.0047 0.7382 0.1347 0.0952 
         H07  1 0.0037 0.0043 0.0056 0.0035 0.9732 0.0045 0.0052 
         H08  1 0.0044 0.0079 0.0076 0.0036 0.9644 0.0058 0.0062 
         H09  1 0.0348 0.0076 0.0242 0.0108 0.7639 0.0746 0.0841 
         H10  1 0.0043 0.0065 0.0043 0.0046 0.9691 0.0049 0.0064 
         H11  1 0.0040 0.0043 0.0044 0.0035 0.9738 0.0054 0.0045 
         H12  1 0.0031 0.0032 0.0041 0.0040 0.9776 0.0040 0.0040 
         H13  1 0.0035 0.0112 0.0050 0.0043 0.9588 0.0082 0.0092 
         H14  2 0.0068 0.0042 0.0151 0.0051 0.0048 0.5278 0.4362 
         H15  2 0.0065 0.0097 0.1236 0.0097 0.1490 0.3451 0.3564 
         H16  2 0.0061 0.0057 0.1250 0.0084 0.1695 0.3414 0.3439 
         H17  2 0.0114 0.7143 0.0078 0.0188 0.0118 0.1164 0.1196 
         H18  2 0.0053 0.9682 0.0046 0.0038 0.0054 0.0066 0.0062 
         H19  2 0.0055 0.9659 0.0061 0.0047 0.0068 0.0051 0.0059 
         H20  2 0.2101 0.5254 0.0261 0.0104 0.0594 0.0764 0.0922 
         H21  2 0.0077 0.0045 0.9511 0.0064 0.0066 0.0156 0.0081 
         H22  2 0.0042 0.9698 0.0066 0.0043 0.0052 0.0045 0.0054 
         H23  2 0.0050 0.9618 0.0089 0.0046 0.0070 0.0063 0.0064 
         H24  2 0.0044 0.0041 0.9560 0.0088 0.0035 0.0080 0.0154 
         H25  2 0.0154 0.8716 0.0059 0.0434 0.0046 0.0390 0.0201 
         H26  2 0.0056 0.9688 0.0055 0.0041 0.0040 0.0055 0.0064 
         H27  2 0.0101 0.9604 0.0073 0.0052 0.0034 0.0065 0.0071 
         H28  2 0.0134 0.9540 0.0058 0.0045 0.0057 0.0090 0.0077 
         H29  2 0.0158 0.9596 0.0034 0.0060 0.0036 0.0057 0.0059 
         H30  2 0.0110 0.8848 0.0186 0.0076 0.0167 0.0275 0.0339 
         H31  3 0.0180 0.0053 0.0880 0.0067 0.0227 0.4557 0.4035 
         H32  3 0.0101 0.0064 0.1182 0.0074 0.0678 0.3190 0.4710 
         H33  4 0.1094 0.0660 0.0571 0.0100 0.0050 0.3696 0.3829 
         H34  4 0.9510 0.0135 0.0109 0.0063 0.0034 0.0074 0.0075 
         H35  4 0.9494 0.0047 0.0253 0.0049 0.0037 0.0060 0.0060 
         H36  4 0.7323 0.0184 0.0230 0.0066 0.0094 0.0923 0.1180 
         H37  4 0.9591 0.0077 0.0058 0.0050 0.0086 0.0064 0.0073 
         H38  4 0.9510 0.0056 0.0244 0.0046 0.0039 0.0052 0.0052 
         H39  5 0.0084 0.0099 0.0350 0.0997 0.0043 0.4262 0.4166 
         H40  5 0.1482 0.0261 0.0787 0.3231 0.0047 0.1838 0.2353 
         H41  5 0.0079 0.0066 0.1095 0.0693 0.0102 0.2714 0.5251 
         H42  5 0.0038 0.0039 0.0054 0.9729 0.0031 0.0057 0.0052 
         H43  5 0.0042 0.0036 0.0053 0.9717 0.0035 0.0063 0.0054 
         H44  5 0.0326 0.0065 0.0124 0.0140 0.2157 0.3820 0.3368 
         H45  5 0.0183 0.0046 0.0079 0.0074 0.0129 0.4689 0.4800 
         H46  5 0.0068 0.0054 0.0042 0.0043 0.9685 0.0052 0.0056 
         H47  5 0.0086 0.0054 0.0040 0.0043 0.9675 0.0051 0.0052 
