         H01  1 0.0030 0.9862 0.0026 0.0083 
         H02  1 0.0027 0.9910 0.0033 0.0030 
         H03  1 0.0024 0.9923 0.0025 0.0028 
         H04  1 0.0033 0.9908 0.0030 0.0029 
         H05  1 0.0026 0.9915 0.0028 0.0032 
         H06  1 0.0090 0.8264 0.0029 0.1617 
         H07  1 0.0028 0.9895 0.0039 0.0037 
         H08  1 0.0055 0.9824 0.0065 0.0057 
         H09  1 0.0373 0.8181 0.0154 0.1292 
         H10  1 0.0050 0.9870 0.0044 0.0037 
         H11  1 0.0030 0.9911 0.0028 0.0031 
         H12  1 0.0024 0.9922 0.0025 0.0029 
         H13  1 0.0047 0.9801 0.0102 0.0051 
         H14  2 0.0051 0.0063 0.0035 0.9851 
         H15  2 0.0057 0.3508 0.0509 0.5926 
         H16  2 0.0071 0.4005 0.0444 0.5479 
         H17  2 0.8523 0.0097 0.0817 0.0562 
         H18  2 0.0052 0.0041 0.9876 0.0032 
         H19  2 0.0038 0.0046 0.9882 0.0034 
         H20  2 0.9014 0.0422 0.0497 0.0067 
         H21  2 0.0135 0.0185 0.1452 0.8228 
         H22  2 0.8208 0.0055 0.1667 0.0071 
         H23  2 0.8136 0.0065 0.1705 0.0094 
         H24  2 0.0039 0.0051 0.1586 0.8324 
         H25  2 0.8653 0.0036 0.1102 0.0209 
         H26  2 0.0046 0.0035 0.9885 0.0034 
         H27  2 0.0071 0.0028 0.9852 0.0050 
         H28  2 0.8954 0.0036 0.0965 0.0045 
         H29  2 0.8834 0.0031 0.1074 0.0061 
         H30  2 0.3804 0.0245 0.5626 0.0325 
         H31  3 0.0267 0.0738 0.0038 0.8957 
         H32  3 0.0090 0.0867 0.0053 0.8991 
         H33  4 0.0368 0.0043 0.3440 0.6148 
         H34  4 0.6614 0.0031 0.3180 0.0175 
         H35  4 0.9862 0.0032 0.0052 0.0055 
         H36  4 0.8672 0.0107 0.0393 0.0827 
         H37  4 0.7336 0.0122 0.2435 0.0107 
         H38  4 0.9862 0.0037 0.0039 0.0062 
         H39  5 0.0222 0.0043 0.0057 0.9677 
         H40  5 0.2219 0.0043 0.0631 0.7107 
         H41  5 0.0060 0.0103 0.0121 0.9716 
         H42  5 0.0058 0.0037 0.0030 0.9876 
         H43  5 0.0050 0.0036 0.0028 0.9887 
         H44  5 0.1204 0.4410 0.0057 0.4329 
         H45  5 0.0052 0.0395 0.0048 0.9505 
         H46  5 0.0049 0.9847 0.0065 0.0039 
         H47  5 0.0061 0.9829 0.0066 0.0044 
