         H01  1 0.0049 0.0021 0.9866 0.0037 0.0026 
         H02  1 0.0035 0.0022 0.9893 0.0029 0.0021 
         H03  1 0.0025 0.0021 0.9902 0.0027 0.0025 
         H04  1 0.0028 0.0026 0.9892 0.0030 0.0024 
         H05  1 0.0021 0.0023 0.9902 0.0027 0.0026 
         H06  1 0.0155 0.0034 0.8151 0.1604 0.0056 
         H07  1 0.0039 0.0028 0.9878 0.0034 0.0022 
         H08  1 0.0049 0.0069 0.9814 0.0042 0.0026 
         H09  1 0.0483 0.0063 0.8067 0.0827 0.0560 
         H10  1 0.0027 0.0050 0.9863 0.0033 0.0027 
         H11  1 0.0037 0.0018 0.9894 0.0029 0.0022 
         H12  1 0.0023 0.0023 0.9901 0.0029 0.0025 
         H13  1 0.0050 0.0103 0.9772 0.0047 0.0028 
         H14  2 0.0095 0.0028 0.0038 0.9549 0.0289 
         H15  2 0.2908 0.0099 0.2361 0.4530 0.0102 
         H16  2 0.2896 0.0052 0.2436 0.4521 0.0096 
         H17  2 0.0142 0.9082 0.0114 0.0492 0.0170 
         H18  2 0.0024 0.9866 0.0039 0.0038 0.0032 
         H19  2 0.0034 0.9859 0.0042 0.0034 0.0032 
         H20  2 0.0238 0.6814 0.0666 0.0344 0.1938 
         H21  2 0.9829 0.0028 0.0075 0.0036 0.0032 
         H22  2 0.0034 0.9855 0.0043 0.0039 0.0029 
         H23  2 0.0073 0.9786 0.0060 0.0046 0.0035 
         H24  2 0.9864 0.0024 0.0028 0.0052 0.0031 
         H25  2 0.0057 0.9441 0.0027 0.0220 0.0256 
         H26  2 0.0030 0.9857 0.0039 0.0036 0.0038 
         H27  2 0.0033 0.9826 0.0024 0.0033 0.0084 
         H28  2 0.0038 0.9733 0.0051 0.0058 0.0119 
         H29  2 0.0024 0.9806 0.0024 0.0041 0.0106 
         H30  2 0.0237 0.9163 0.0244 0.0226 0.0131 
         H31  3 0.2377 0.0048 0.0469 0.6954 0.0151 
         H32  3 0.1677 0.0056 0.0770 0.7373 0.0124 
         H33  4 0.1696 0.0944 0.0036 0.6773 0.0551 
         H34  4 0.0065 0.0351 0.0028 0.0070 0.9485 
         H35  4 0.0113 0.0040 0.0031 0.1532 0.8283 
         H36  4 0.0226 0.0283 0.0087 0.1073 0.8330 
         H37  4 0.0090 0.0222 0.0063 0.0043 0.9582 
         H38  4 0.0040 0.0035 0.0027 0.1560 0.8337 
         H39  5 0.1202 0.0093 0.0035 0.8364 0.0306 
         H40  5 0.0630 0.0176 0.0041 0.4946 0.4207 
         H41  5 0.2009 0.0051 0.0091 0.7774 0.0076 
         H42  5 0.0029 0.0025 0.0024 0.4671 0.5250 
         H43  5 0.0036 0.0025 0.0034 0.4655 0.5251 
         H44  5 0.0156 0.0055 0.3226 0.5941 0.0622 
         H45  5 0.0063 0.0029 0.0206 0.9522 0.0179 
         H46  5 0.0030 0.0042 0.9834 0.0040 0.0054 
         H47  5 0.0025 0.0047 0.9845 0.0034 0.0049 
