         H01  1 0.0023 0.0036 0.0025 0.0085 0.0021 0.9810 
         H02  1 0.0025 0.0023 0.0024 0.0030 0.0021 0.9877 
         H03  1 0.0018 0.0026 0.0022 0.0026 0.0024 0.9885 
         H04  1 0.0023 0.0024 0.0024 0.0027 0.0021 0.9882 
         H05  1 0.0026 0.0024 0.0023 0.0026 0.0020 0.9882 
         H06  1 0.0023 0.0048 0.0180 0.1700 0.0037 0.8013 
         H07  1 0.0037 0.0032 0.0027 0.0041 0.0024 0.9838 
         H08  1 0.0072 0.0042 0.0060 0.0042 0.0025 0.9758 
         H09  1 0.0107 0.0497 0.0074 0.1026 0.0271 0.8025 
         H10  1 0.0045 0.0027 0.0049 0.0033 0.0022 0.9824 
         H11  1 0.0019 0.0032 0.0024 0.0024 0.0022 0.9880 
         H12  1 0.0020 0.0021 0.0021 0.0026 0.0019 0.9893 
         H13  1 0.0100 0.0032 0.0059 0.0079 0.0024 0.9705 
         H14  2 0.0027 0.0041 0.0038 0.9713 0.0148 0.0033 
         H15  2 0.0253 0.0294 0.0039 0.8369 0.0031 0.1014 
         H16  2 0.0177 0.0337 0.0031 0.8200 0.0028 0.1227 
         H17  2 0.0059 0.0067 0.9583 0.0179 0.0044 0.0067 
         H18  2 0.9721 0.0019 0.0159 0.0026 0.0046 0.0029 
         H19  2 0.9815 0.0021 0.0083 0.0025 0.0022 0.0034 
         H20  2 0.0028 0.0132 0.8808 0.0115 0.0683 0.0234 
         H21  2 0.0032 0.9565 0.0051 0.0101 0.0060 0.0191 
         H22  2 0.0066 0.0021 0.9812 0.0032 0.0027 0.0041 
         H23  2 0.0123 0.0042 0.9719 0.0044 0.0038 0.0034 
         H24  2 0.0034 0.9819 0.0027 0.0041 0.0032 0.0047 
         H25  2 0.0135 0.0185 0.9437 0.0152 0.0067 0.0025 
         H26  2 0.9870 0.0020 0.0029 0.0025 0.0033 0.0023 
         H27  2 0.9780 0.0050 0.0064 0.0034 0.0050 0.0023 
         H28  2 0.0067 0.0034 0.9747 0.0053 0.0063 0.0037 
         H29  2 0.0196 0.0026 0.9615 0.0044 0.0094 0.0025 
         H30  2 0.5535 0.0125 0.3679 0.0415 0.0107 0.0140 
         H31  3 0.0029 0.0053 0.0045 0.9318 0.0291 0.0264 
         H32  3 0.0035 0.0798 0.0051 0.8373 0.0075 0.0668 
         H33  4 0.4028 0.4166 0.0064 0.1401 0.0303 0.0038 
         H34  4 0.0392 0.0029 0.0043 0.0035 0.9478 0.0023 
         H35  4 0.0024 0.0025 0.0028 0.0080 0.9817 0.0026 
         H36  4 0.0059 0.0137 0.0380 0.0944 0.8333 0.0147 
         H37  4 0.0175 0.0033 0.0033 0.0037 0.9627 0.0094 
         H38  4 0.0022 0.0029 0.0028 0.0081 0.9817 0.0024 
         H39  5 0.0111 0.5075 0.0188 0.4532 0.0058 0.0036 
         H40  5 0.0125 0.6671 0.0257 0.0776 0.2138 0.0032 
         H41  5 0.0047 0.8942 0.0049 0.0817 0.0031 0.0114 
         H42  5 0.0020 0.9832 0.0034 0.0049 0.0034 0.0031 
         H43  5 0.0022 0.9824 0.0030 0.0059 0.0035 0.0031 
         H44  5 0.0042 0.0069 0.0059 0.6060 0.0749 0.3021 
         H45  5 0.0042 0.0075 0.0029 0.9672 0.0049 0.0132 
         H46  5 0.0045 0.0034 0.0036 0.0033 0.0049 0.9802 
         H47  5 0.0050 0.0028 0.0031 0.0036 0.0046 0.9810 
