         H01  1 0.9902 0.0035 0.0064 
         H02  1 0.9918 0.0038 0.0044 
         H03  1 0.9933 0.0033 0.0035 
         H04  1 0.9923 0.0035 0.0042 
         H05  1 0.9927 0.0034 0.0040 
         H06  1 0.7915 0.0063 0.2022 
         H07  1 0.9908 0.0046 0.0046 
         H08  1 0.9861 0.0075 0.0064 
         H09  1 0.8187 0.0237 0.1576 
         H10  1 0.9892 0.0060 0.0048 
         H11  1 0.9928 0.0032 0.0040 
         H12  1 0.9932 0.0030 0.0037 
         H13  1 0.9791 0.0113 0.0096 
         H14  2 0.0065 0.0055 0.9881 
         H15  2 0.3257 0.0095 0.6648 
         H16  2 0.3491 0.0068 0.6441 
         H17  2 0.0196 0.9138 0.0666 
         H18  2 0.0065 0.9882 0.0053 
         H19  2 0.0084 0.9865 0.0052 
         H20  2 0.1211 0.7795 0.0994 
         H21  2 0.0278 0.0064 0.9659 
         H22  2 0.0073 0.9873 0.0053 
         H23  2 0.0079 0.9848 0.0073 
         H24  2 0.0073 0.0064 0.9864 
         H25  2 0.0049 0.9758 0.0193 
         H26  2 0.0056 0.9890 0.0054 
         H27  2 0.0036 0.9893 0.0071 
         H28  2 0.0083 0.9816 0.0101 
         H29  2 0.0036 0.9917 0.0047 
         H30  2 0.0364 0.9346 0.0290 
         H31  3 0.0936 0.0052 0.9013 
         H32  3 0.1416 0.0084 0.8500 
         H33  4 0.0066 0.1271 0.8663 
         H34  4 0.0042 0.8778 0.1180 
         H35  4 0.0052 0.0150 0.9799 
         H36  4 0.0079 0.5676 0.4244 
         H37  4 0.0139 0.8033 0.1828 
         H38  4 0.0048 0.0179 0.9774 
         H39  5 0.0054 0.0115 0.9831 
         H40  5 0.0054 0.0885 0.9062 
         H41  5 0.0147 0.0074 0.9779 
         H42  5 0.0055 0.0038 0.9907 
         H43  5 0.0044 0.0037 0.9919 
         H44  5 0.3784 0.0138 0.6077 
         H45  5 0.0351 0.0054 0.9594 
         H46  5 0.9870 0.0079 0.0052 
         H47  5 0.9867 0.0086 0.0047 
