         H01  1 0.0089 0.0101 0.0090 0.0064 0.9655 
         H02  1 0.0062 0.0060 0.0071 0.0062 0.9744 
         H03  1 0.0062 0.0069 0.0069 0.0048 0.9751 
         H04  1 0.0058 0.0069 0.0060 0.0057 0.9757 
         H05  1 0.0050 0.0059 0.0061 0.0067 0.9763 
         H06  1 0.0643 0.1453 0.0374 0.0082 0.7448 
         H07  1 0.0068 0.0085 0.0062 0.0084 0.9701 
         H08  1 0.0089 0.0089 0.0076 0.0100 0.9646 
         H09  1 0.0702 0.0876 0.0360 0.0216 0.7846 
         H10  1 0.0075 0.0078 0.0076 0.0087 0.9684 
         H11  1 0.0065 0.0057 0.0063 0.0064 0.9751 
         H12  1 0.0063 0.0062 0.0064 0.0057 0.9753 
         H13  1 0.0085 0.0102 0.0087 0.0134 0.9592 
         H14  2 0.2725 0.6211 0.0903 0.0075 0.0086 
         H15  2 0.1495 0.5219 0.1027 0.0154 0.2105 
         H16  2 0.1351 0.4795 0.0894 0.0084 0.2876 
         H17  2 0.1342 0.1442 0.1563 0.5525 0.0128 
         H18  2 0.0219 0.0143 0.0134 0.9418 0.0086 
         H19  2 0.0188 0.0108 0.0234 0.9382 0.0088 
         H20  2 0.2323 0.1449 0.1996 0.3828 0.0404 
         H21  2 0.1771 0.6009 0.1742 0.0321 0.0157 
         H22  2 0.1105 0.1106 0.1259 0.6439 0.0091 
         H23  2 0.1255 0.0771 0.1449 0.6444 0.0081 
         H24  2 0.1760 0.5987 0.1940 0.0230 0.0082 
         H25  2 0.0959 0.1480 0.1376 0.6104 0.0081 
         H26  2 0.0147 0.0092 0.0095 0.9597 0.0069 
         H27  2 0.0223 0.0145 0.0128 0.9445 0.0059 
         H28  2 0.1098 0.1281 0.0886 0.6656 0.0078 
         H29  2 0.0976 0.0903 0.1442 0.6626 0.0053 
         H30  2 0.0577 0.0410 0.0594 0.8221 0.0198 
         H31  3 0.2409 0.6258 0.0745 0.0197 0.0390 
         H32  3 0.1971 0.5485 0.1327 0.0113 0.1104 
         H33  4 0.2356 0.4960 0.1385 0.1202 0.0097 
         H34  4 0.4450 0.0674 0.0164 0.4643 0.0070 
         H35  4 0.5492 0.2390 0.0989 0.1062 0.0067 
         H36  4 0.5639 0.2227 0.1037 0.1006 0.0091 
         H37  4 0.4736 0.0618 0.0359 0.4152 0.0135 
         H38  4 0.5774 0.2269 0.0876 0.1015 0.0066 
         H39  5 0.2256 0.5456 0.1994 0.0218 0.0077 
         H40  5 0.2400 0.2759 0.4403 0.0373 0.0065 
         H41  5 0.2262 0.5895 0.1562 0.0160 0.0121 
         H42  5 0.1166 0.1592 0.7030 0.0156 0.0056 
         H43  5 0.1223 0.1513 0.7128 0.0087 0.0049 
         H44  5 0.1698 0.3759 0.0815 0.0193 0.3535 
         H45  5 0.2913 0.5426 0.1186 0.0210 0.0264 
         H46  5 0.0092 0.0066 0.0069 0.0072 0.9701 
         H47  5 0.0076 0.0084 0.0065 0.0075 0.9700 
