         H01  1 0.9906 0.0066 0.0028 
         H02  1 0.9928 0.0040 0.0031 
         H03  1 0.9940 0.0032 0.0029 
         H04  1 0.9931 0.0033 0.0035 
         H05  1 0.9930 0.0035 0.0035 
         H06  1 0.8313 0.1645 0.0042 
         H07  1 0.9914 0.0049 0.0037 
         H08  1 0.9858 0.0062 0.0080 
         H09  1 0.8202 0.1540 0.0258 
         H10  1 0.9896 0.0044 0.0060 
         H11  1 0.9936 0.0034 0.0030 
         H12  1 0.9937 0.0037 0.0026 
         H13  1 0.9829 0.0073 0.0098 
         H14  2 0.0078 0.9872 0.0050 
         H15  2 0.3280 0.6638 0.0082 
         H16  2 0.3738 0.6194 0.0068 
         H17  2 0.0132 0.1342 0.8526 
         H18  2 0.0064 0.0109 0.9827 
         H19  2 0.0083 0.0118 0.9800 
         H20  2 0.0975 0.0731 0.8294 
         H21  2 0.0251 0.9676 0.0072 
         H22  2 0.0057 0.0055 0.9888 
         H23  2 0.0074 0.0067 0.9860 
         H24  2 0.0063 0.9889 0.0049 
         H25  2 0.0041 0.0541 0.9417 
         H26  2 0.0049 0.0130 0.9821 
         H27  2 0.0031 0.0114 0.9856 
         H28  2 0.0059 0.0080 0.9861 
         H29  2 0.0032 0.0043 0.9925 
         H30  2 0.0320 0.0277 0.9402 
         H31  3 0.0846 0.9101 0.0053 
         H32  3 0.1187 0.8739 0.0073 
         H33  4 0.0062 0.8446 0.1493 
         H34  4 0.0037 0.1035 0.8928 
         H35  4 0.0049 0.5803 0.4148 
         H36  4 0.0070 0.3595 0.6335 
         H37  4 0.0139 0.1363 0.8498 
         H38  4 0.0044 0.5801 0.4155 
         H39  5 0.0056 0.9840 0.0104 
         H40  5 0.0046 0.9161 0.0793 
         H41  5 0.0105 0.9818 0.0077 
         H42  5 0.0043 0.9915 0.0042 
         H43  5 0.0045 0.9916 0.0039 
         H44  5 0.4252 0.5589 0.0159 
         H45  5 0.0335 0.9609 0.0056 
         H46  5 0.9902 0.0038 0.0060 
         H47  5 0.9888 0.0051 0.0060 
