         H01  1 0.0100 0.0113 0.0143 0.0096 0.9547 
         H02  1 0.0083 0.0092 0.0088 0.0104 0.9633 
         H03  1 0.0103 0.0074 0.0100 0.0095 0.9628 
         H04  1 0.0095 0.0094 0.0105 0.0094 0.9612 
         H05  1 0.0092 0.0084 0.0106 0.0077 0.9640 
         H06  1 0.0110 0.0163 0.1852 0.0109 0.7766 
         H07  1 0.0094 0.0110 0.0105 0.0112 0.9580 
         H08  1 0.0096 0.0126 0.0119 0.0143 0.9517 
         H09  1 0.0436 0.0802 0.0856 0.0135 0.7772 
         H10  1 0.0083 0.0111 0.0093 0.0124 0.9588 
         H11  1 0.0092 0.0102 0.0099 0.0094 0.9612 
         H12  1 0.0089 0.0082 0.0094 0.0097 0.9637 
         H13  1 0.0105 0.0108 0.0101 0.0153 0.9533 
         H14  2 0.0191 0.0149 0.9444 0.0082 0.0134 
         H15  2 0.0325 0.3429 0.2378 0.0184 0.3683 
         H16  2 0.0305 0.3323 0.2312 0.0122 0.3938 
         H17  2 0.0154 0.0396 0.0774 0.8486 0.0190 
         H18  2 0.0164 0.0105 0.0100 0.9523 0.0108 
         H19  2 0.0128 0.0096 0.0096 0.9561 0.0120 
         H20  2 0.2608 0.0299 0.0388 0.5931 0.0774 
         H21  2 0.0132 0.9450 0.0157 0.0106 0.0154 
         H22  2 0.0097 0.0103 0.0094 0.9579 0.0127 
         H23  2 0.0102 0.0139 0.0108 0.9526 0.0125 
         H24  2 0.0110 0.9488 0.0202 0.0103 0.0098 
         H25  2 0.0235 0.0243 0.0297 0.9138 0.0087 
         H26  2 0.0126 0.0101 0.0110 0.9581 0.0082 
         H27  2 0.0200 0.0124 0.0115 0.9464 0.0096 
         H28  2 0.0200 0.0103 0.0126 0.9437 0.0134 
         H29  2 0.0221 0.0092 0.0104 0.9486 0.0098 
         H30  2 0.0188 0.0364 0.0350 0.8793 0.0306 
         H31  3 0.0448 0.0435 0.8363 0.0102 0.0651 
         H32  3 0.0154 0.1887 0.6825 0.0129 0.1004 
         H33  4 0.1743 0.3619 0.3408 0.1119 0.0112 
         H34  4 0.9491 0.0104 0.0137 0.0194 0.0074 
         H35  4 0.9568 0.0132 0.0099 0.0119 0.0082 
         H36  4 0.8044 0.0421 0.1046 0.0313 0.0175 
         H37  4 0.9482 0.0107 0.0132 0.0139 0.0140 
         H38  4 0.9556 0.0128 0.0105 0.0115 0.0097 
         H39  5 0.0117 0.1762 0.7816 0.0195 0.0110 
         H40  5 0.1360 0.2532 0.5651 0.0354 0.0103 
         H41  5 0.0144 0.3320 0.6256 0.0111 0.0169 
         H42  5 0.0141 0.0129 0.9546 0.0098 0.0086 
         H43  5 0.0124 0.0117 0.9573 0.0083 0.0102 
         H44  5 0.0870 0.0205 0.5842 0.0117 0.2966 
         H45  5 0.0290 0.0276 0.9125 0.0092 0.0216 
         H46  5 0.0109 0.0090 0.0109 0.0132 0.9561 
         H47  5 0.0135 0.0101 0.0121 0.0101 0.9542 
