         H01  1 0.0027 0.9831 0.0080 0.0040 0.0022 
         H02  1 0.0022 0.9897 0.0029 0.0026 0.0027 
         H03  1 0.0021 0.9908 0.0022 0.0028 0.0020 
         H04  1 0.0026 0.9895 0.0027 0.0026 0.0027 
         H05  1 0.0027 0.9898 0.0031 0.0021 0.0022 
         H06  1 0.0041 0.7823 0.1931 0.0170 0.0035 
         H07  1 0.0029 0.9877 0.0031 0.0026 0.0036 
         H08  1 0.0032 0.9809 0.0054 0.0036 0.0070 
         H09  1 0.0533 0.7952 0.1275 0.0140 0.0100 
         H10  1 0.0032 0.9834 0.0039 0.0031 0.0065 
         H11  1 0.0023 0.9895 0.0036 0.0026 0.0021 
         H12  1 0.0024 0.9907 0.0024 0.0023 0.0021 
         H13  1 0.0032 0.9769 0.0074 0.0033 0.0091 
         H14  2 0.0049 0.0038 0.9582 0.0301 0.0031 
         H15  2 0.0198 0.1728 0.7750 0.0257 0.0067 
         H16  2 0.0184 0.1651 0.7888 0.0215 0.0061 
         H17  2 0.0098 0.0139 0.0524 0.0174 0.9065 
         H18  2 0.0046 0.0035 0.0036 0.0029 0.9853 
         H19  2 0.0028 0.0048 0.0040 0.0023 0.9861 
         H20  2 0.3106 0.0444 0.0504 0.0052 0.5893 
         H21  2 0.7339 0.0340 0.2233 0.0037 0.0051 
         H22  2 0.0030 0.0056 0.0041 0.0035 0.9838 
         H23  2 0.0045 0.0060 0.0057 0.0032 0.9805 
         H24  2 0.7571 0.0049 0.2269 0.0069 0.0043 
         H25  2 0.0116 0.0032 0.0145 0.0316 0.9391 
         H26  2 0.0037 0.0035 0.0043 0.0020 0.9864 
         H27  2 0.0080 0.0031 0.0037 0.0031 0.9821 
         H28  2 0.0110 0.0060 0.0057 0.0037 0.9735 
         H29  2 0.0105 0.0023 0.0041 0.0042 0.9789 
         H30  2 0.0286 0.0204 0.0281 0.0082 0.9146 
         H31  3 0.0156 0.0354 0.9327 0.0129 0.0034 
         H32  3 0.0248 0.0709 0.8649 0.0347 0.0046 
         H33  4 0.2662 0.0042 0.5764 0.0689 0.0843 
         H34  4 0.9421 0.0029 0.0125 0.0098 0.0328 
         H35  4 0.9865 0.0031 0.0045 0.0031 0.0028 
         H36  4 0.8652 0.0082 0.0738 0.0189 0.0338 
         H37  4 0.9614 0.0069 0.0165 0.0031 0.0120 
         H38  4 0.9871 0.0029 0.0034 0.0029 0.0036 
         H39  5 0.0134 0.0041 0.9034 0.0712 0.0078 
         H40  5 0.4497 0.0044 0.0839 0.4250 0.0370 
         H41  5 0.0175 0.0065 0.8123 0.1553 0.0084 
         H42  5 0.0026 0.0027 0.0453 0.9472 0.0022 
         H43  5 0.0028 0.0022 0.0481 0.9448 0.0021 
         H44  5 0.0426 0.2222 0.7164 0.0140 0.0048 
         H45  5 0.0052 0.0156 0.9291 0.0468 0.0033 
         H46  5 0.0050 0.9837 0.0035 0.0037 0.0041 
         H47  5 0.0046 0.9844 0.0036 0.0032 0.0043 
