         H01  1 0.9873 0.0071 0.0029 0.0027 
         H02  1 0.9911 0.0033 0.0031 0.0026 
         H03  1 0.9925 0.0027 0.0022 0.0025 
         H04  1 0.9917 0.0029 0.0027 0.0027 
         H05  1 0.9915 0.0032 0.0026 0.0026 
         H06  1 0.8125 0.1787 0.0035 0.0053 
         H07  1 0.9897 0.0043 0.0032 0.0028 
         H08  1 0.9846 0.0053 0.0069 0.0032 
         H09  1 0.8112 0.1464 0.0089 0.0335 
         H10  1 0.9880 0.0033 0.0052 0.0035 
         H11  1 0.9912 0.0036 0.0025 0.0027 
         H12  1 0.9924 0.0029 0.0025 0.0022 
         H13  1 0.9761 0.0086 0.0127 0.0027 
         H14  2 0.0052 0.9858 0.0035 0.0055 
         H15  2 0.2111 0.7762 0.0098 0.0029 
         H16  2 0.3206 0.6699 0.0051 0.0044 
         H17  2 0.0140 0.0720 0.9020 0.0120 
         H18  2 0.0042 0.0038 0.9869 0.0051 
         H19  2 0.0046 0.0033 0.9882 0.0038 
         H20  2 0.0772 0.0348 0.6245 0.2635 
         H21  2 0.0140 0.9695 0.0057 0.0108 
         H22  2 0.0063 0.0037 0.9873 0.0027 
         H23  2 0.0071 0.0046 0.9851 0.0032 
         H24  2 0.0048 0.9879 0.0036 0.0037 
         H25  2 0.0036 0.0207 0.9616 0.0142 
         H26  2 0.0043 0.0036 0.9879 0.0042 
         H27  2 0.0031 0.0039 0.9839 0.0091 
         H28  2 0.0063 0.0071 0.9754 0.0112 
         H29  2 0.0027 0.0044 0.9771 0.0158 
         H30  2 0.0273 0.0396 0.9184 0.0147 
         H31  3 0.0557 0.9266 0.0043 0.0134 
         H32  3 0.0682 0.9159 0.0058 0.0101 
         H33  4 0.0049 0.8205 0.1100 0.0645 
         H34  4 0.0030 0.0049 0.0151 0.9770 
         H35  4 0.0028 0.0032 0.0032 0.9908 
         H36  4 0.0122 0.1322 0.0370 0.8186 
         H37  4 0.0082 0.0054 0.0054 0.9811 
         H38  4 0.0030 0.0034 0.0030 0.9906 
         H39  5 0.0042 0.9819 0.0090 0.0049 
         H40  5 0.0037 0.8501 0.0319 0.1142 
         H41  5 0.0089 0.9797 0.0068 0.0047 
         H42  5 0.0031 0.9905 0.0027 0.0037 
         H43  5 0.0034 0.9897 0.0028 0.0041 
         H44  5 0.3881 0.4915 0.0062 0.1142 
         H45  5 0.0292 0.9614 0.0044 0.0050 
         H46  5 0.9858 0.0046 0.0044 0.0052 
         H47  5 0.9851 0.0035 0.0048 0.0066 
