         H01  1 0.9863 0.0072 0.0027 0.0037 
         H02  1 0.9910 0.0030 0.0027 0.0034 
         H03  1 0.9918 0.0027 0.0030 0.0025 
         H04  1 0.9909 0.0028 0.0034 0.0028 
         H05  1 0.9913 0.0030 0.0029 0.0027 
         H06  1 0.8201 0.1562 0.0158 0.0079 
         H07  1 0.9888 0.0043 0.0031 0.0039 
         H08  1 0.9822 0.0047 0.0045 0.0085 
         H09  1 0.8045 0.1249 0.0599 0.0107 
         H10  1 0.9861 0.0045 0.0037 0.0057 
         H11  1 0.9910 0.0033 0.0028 0.0029 
         H12  1 0.9917 0.0031 0.0024 0.0029 
         H13  1 0.9753 0.0071 0.0048 0.0128 
         H14  2 0.0065 0.9375 0.0504 0.0056 
         H15  2 0.2096 0.7445 0.0332 0.0127 
         H16  2 0.2597 0.6964 0.0358 0.0082 
         H17  2 0.0147 0.0466 0.0273 0.9115 
         H18  2 0.0049 0.0054 0.0194 0.9703 
         H19  2 0.0047 0.0084 0.0072 0.9797 
         H20  2 0.0786 0.0376 0.2209 0.6629 
         H21  2 0.0169 0.8607 0.1143 0.0082 
         H22  2 0.0061 0.0124 0.0094 0.9721 
         H23  2 0.0076 0.0105 0.0063 0.9757 
         H24  2 0.0044 0.8920 0.0947 0.0089 
         H25  2 0.0042 0.0269 0.0171 0.9518 
         H26  2 0.0046 0.0075 0.0149 0.9731 
         H27  2 0.0032 0.0106 0.0276 0.9587 
         H28  2 0.0054 0.0196 0.0225 0.9524 
         H29  2 0.0028 0.0160 0.0171 0.9641 
         H30  2 0.0274 0.0334 0.0334 0.9058 
         H31  3 0.0666 0.8262 0.0978 0.0094 
         H32  3 0.0970 0.8401 0.0545 0.0084 
         H33  4 0.0043 0.8021 0.1334 0.0603 
         H34  4 0.0028 0.0342 0.9380 0.0250 
         H35  4 0.0033 0.0197 0.9686 0.0084 
         H36  4 0.0146 0.1702 0.7720 0.0431 
         H37  4 0.0100 0.0423 0.9319 0.0157 
         H38  4 0.0030 0.0350 0.9537 0.0083 
         H39  5 0.0040 0.9263 0.0476 0.0222 
         H40  5 0.0036 0.8108 0.1508 0.0348 
         H41  5 0.0081 0.9231 0.0537 0.0151 
         H42  5 0.0040 0.9509 0.0133 0.0318 
         H43  5 0.0043 0.9282 0.0367 0.0308 
         H44  5 0.4078 0.4320 0.1389 0.0212 
         H45  5 0.0332 0.9010 0.0452 0.0207 
         H46  5 0.9841 0.0043 0.0064 0.0052 
         H47  5 0.9852 0.0039 0.0053 0.0056 
