         H01  1 0.0058 0.0050 0.0036 0.0036 0.0293 0.0025 0.9503 
         H02  1 0.0041 0.0026 0.0021 0.0030 0.0039 0.0030 0.9814 
         H03  1 0.0034 0.0027 0.0024 0.0027 0.0034 0.0023 0.9831 
         H04  1 0.0032 0.0027 0.0026 0.0029 0.0031 0.0030 0.9825 
         H05  1 0.0026 0.0030 0.0029 0.0030 0.0035 0.0029 0.9821 
         H06  1 0.1207 0.0118 0.0044 0.0115 0.0491 0.0038 0.7988 
         H07  1 0.0046 0.0031 0.0029 0.0049 0.0055 0.0042 0.9747 
         H08  1 0.0054 0.0035 0.0033 0.0058 0.0075 0.0068 0.9677 
         H09  1 0.0791 0.0131 0.0254 0.0294 0.0906 0.0082 0.7542 
         H10  1 0.0041 0.0036 0.0033 0.0027 0.0061 0.0049 0.9754 
         H11  1 0.0031 0.0030 0.0027 0.0037 0.0044 0.0026 0.9804 
         H12  1 0.0034 0.0029 0.0029 0.0024 0.0038 0.0025 0.9821 
         H13  1 0.0069 0.0034 0.0032 0.0047 0.0159 0.0087 0.9573 
         H14  2 0.9101 0.0068 0.0061 0.0089 0.0597 0.0038 0.0047 
         H15  2 0.0424 0.0137 0.0036 0.1076 0.7511 0.0078 0.0739 
         H16  2 0.0378 0.0122 0.0052 0.1104 0.7429 0.0043 0.0871 
         H17  2 0.0914 0.0188 0.0131 0.0157 0.0402 0.8082 0.0127 
         H18  2 0.0045 0.0030 0.0085 0.0042 0.0051 0.9703 0.0044 
         H19  2 0.0064 0.0052 0.0060 0.0079 0.0048 0.9644 0.0053 
         H20  2 0.0366 0.0161 0.2288 0.0517 0.0417 0.5749 0.0502 
         H21  2 0.0148 0.0052 0.0052 0.9594 0.0044 0.0040 0.0070 
         H22  2 0.0045 0.0053 0.0044 0.0059 0.0092 0.9655 0.0052 
         H23  2 0.0059 0.0077 0.0056 0.0082 0.0105 0.9562 0.0059 
         H24  2 0.0071 0.0043 0.0037 0.9677 0.0100 0.0044 0.0029 
         H25  2 0.0351 0.0388 0.0164 0.0054 0.0263 0.8746 0.0033 
         H26  2 0.0051 0.0059 0.0047 0.0057 0.0039 0.9704 0.0043 
         H27  2 0.0072 0.0032 0.0119 0.0055 0.0047 0.9649 0.0027 
         H28  2 0.0170 0.0053 0.0159 0.0060 0.0090 0.9424 0.0044 
         H29  2 0.0245 0.0054 0.0136 0.0100 0.0104 0.9338 0.0023 
         H30  2 0.0201 0.0062 0.0188 0.0197 0.0398 0.8750 0.0205 
         H31  3 0.1199 0.0106 0.0224 0.0548 0.7680 0.0062 0.0182 
         H32  3 0.2293 0.0359 0.0135 0.0713 0.5723 0.0083 0.0694 
         H33  4 0.5370 0.0387 0.0782 0.0901 0.1581 0.0935 0.0044 
         H34  4 0.0052 0.0054 0.9624 0.0044 0.0070 0.0126 0.0030 
         H35  4 0.0042 0.0041 0.9704 0.0098 0.0044 0.0043 0.0029 
         H36  4 0.0761 0.0309 0.7850 0.0287 0.0571 0.0131 0.0092 
         H37  4 0.0056 0.0036 0.9608 0.0034 0.0061 0.0071 0.0134 
         H38  4 0.0055 0.0032 0.9699 0.0079 0.0055 0.0052 0.0028 
         H39  5 0.6658 0.1212 0.0063 0.1122 0.0798 0.0109 0.0037 
         H40  5 0.0946 0.4405 0.2186 0.0870 0.1007 0.0537 0.0049 
         H41  5 0.5316 0.1473 0.0113 0.1477 0.1484 0.0062 0.0075 
         H42  5 0.0063 0.9740 0.0037 0.0048 0.0058 0.0032 0.0023 
         H43  5 0.0059 0.9698 0.0051 0.0044 0.0096 0.0027 0.0024 
         H44  5 0.4754 0.0094 0.0648 0.0094 0.1083 0.0060 0.3266 
         H45  5 0.9070 0.0087 0.0060 0.0242 0.0353 0.0034 0.0155 
         H46  5 0.0038 0.0034 0.0048 0.0029 0.0043 0.0048 0.9759 
         H47  5 0.0037 0.0040 0.0058 0.0025 0.0032 0.0039 0.9770 
