         H01  1 0.0032 0.9890 0.0079 
         H02  1 0.0033 0.9931 0.0036 
         H03  1 0.0030 0.9934 0.0035 
         H04  1 0.0040 0.9923 0.0037 
         H05  1 0.0037 0.9925 0.0038 
         H06  1 0.0057 0.8087 0.1857 
         H07  1 0.0045 0.9904 0.0051 
         H08  1 0.0069 0.9849 0.0082 
         H09  1 0.0235 0.8127 0.1638 
         H10  1 0.0057 0.9894 0.0050 
         H11  1 0.0035 0.9927 0.0037 
         H12  1 0.0034 0.9925 0.0041 
         H13  1 0.0142 0.9770 0.0088 
         H14  2 0.0050 0.0075 0.9875 
         H15  2 0.0114 0.2944 0.6942 
         H16  2 0.0074 0.3521 0.6405 
         H17  2 0.8996 0.0189 0.0816 
         H18  2 0.9886 0.0065 0.0049 
         H19  2 0.9870 0.0083 0.0047 
         H20  2 0.8054 0.1260 0.0686 
         H21  2 0.0071 0.0304 0.9625 
         H22  2 0.9887 0.0064 0.0048 
         H23  2 0.9854 0.0078 0.0067 
         H24  2 0.0063 0.0076 0.9861 
         H25  2 0.9766 0.0052 0.0183 
         H26  2 0.9902 0.0050 0.0048 
         H27  2 0.9906 0.0034 0.0060 
         H28  2 0.9834 0.0078 0.0088 
         H29  2 0.9922 0.0033 0.0045 
         H30  2 0.9332 0.0325 0.0343 
         H31  3 0.0048 0.0653 0.9299 
         H32  3 0.0080 0.1154 0.8766 
         H33  4 0.1502 0.0064 0.8434 
         H34  4 0.8923 0.0036 0.1041 
         H35  4 0.0160 0.0046 0.9794 
         H36  4 0.5583 0.0071 0.4345 
         H37  4 0.8078 0.0162 0.1760 
         H38  4 0.0194 0.0048 0.9758 
         H39  5 0.0131 0.0059 0.9810 
         H40  5 0.0577 0.0052 0.9371 
         H41  5 0.0099 0.0152 0.9749 
         H42  5 0.0043 0.0047 0.9910 
         H43  5 0.0042 0.0044 0.9914 
         H44  5 0.0192 0.3814 0.5995 
         H45  5 0.0059 0.0386 0.9555 
         H46  5 0.0062 0.9887 0.0051 
         H47  5 0.0064 0.9884 0.0052 
