         H01  1 0.0030 0.0057 0.0023 0.9864 0.0026 
         H02  1 0.0027 0.0027 0.0023 0.9899 0.0024 
         H03  1 0.0023 0.0028 0.0021 0.9909 0.0019 
         H04  1 0.0029 0.0023 0.0021 0.9902 0.0025 
         H05  1 0.0027 0.0027 0.0022 0.9898 0.0026 
         H06  1 0.0083 0.1764 0.0084 0.8031 0.0038 
         H07  1 0.0042 0.0039 0.0025 0.9855 0.0039 
         H08  1 0.0050 0.0043 0.0028 0.9799 0.0080 
         H09  1 0.0367 0.1078 0.0447 0.8026 0.0082 
         H10  1 0.0025 0.0039 0.0028 0.9854 0.0054 
         H11  1 0.0030 0.0029 0.0024 0.9890 0.0027 
         H12  1 0.0027 0.0035 0.0023 0.9892 0.0024 
         H13  1 0.0036 0.0076 0.0033 0.9754 0.0102 
         H14  2 0.0026 0.9857 0.0042 0.0046 0.0028 
         H15  2 0.0094 0.8051 0.0038 0.1736 0.0082 
         H16  2 0.0137 0.7527 0.0036 0.2255 0.0044 
         H17  2 0.0095 0.0717 0.0124 0.0132 0.8932 
         H18  2 0.0027 0.0034 0.0039 0.0038 0.9861 
         H19  2 0.0041 0.0035 0.0031 0.0046 0.9847 
         H20  2 0.0384 0.0206 0.2579 0.0506 0.6325 
         H21  2 0.9852 0.0025 0.0030 0.0067 0.0025 
         H22  2 0.0060 0.0033 0.0028 0.0060 0.9819 
         H23  2 0.0102 0.0047 0.0030 0.0061 0.9761 
         H24  2 0.9890 0.0032 0.0024 0.0033 0.0021 
         H25  2 0.0066 0.0143 0.0177 0.0037 0.9578 
         H26  2 0.0030 0.0031 0.0037 0.0041 0.9861 
         H27  2 0.0041 0.0034 0.0091 0.0028 0.9807 
         H28  2 0.0035 0.0060 0.0106 0.0068 0.9731 
         H29  2 0.0022 0.0044 0.0135 0.0024 0.9775 
         H30  2 0.0166 0.0277 0.0122 0.0187 0.9248 
         H31  3 0.0063 0.9101 0.0306 0.0497 0.0032 
         H32  3 0.0806 0.8424 0.0144 0.0586 0.0040 
         H33  4 0.1671 0.5688 0.1008 0.0048 0.1585 
         H34  4 0.0053 0.0044 0.9637 0.0027 0.0238 
         H35  4 0.0039 0.0045 0.9856 0.0030 0.0030 
         H36  4 0.0343 0.0904 0.8320 0.0105 0.0329 
         H37  4 0.0089 0.0041 0.9679 0.0074 0.0117 
         H38  4 0.0026 0.0037 0.9881 0.0030 0.0026 
         H39  5 0.1063 0.8724 0.0093 0.0036 0.0083 
         H40  5 0.1325 0.5446 0.2814 0.0043 0.0372 
         H41  5 0.2880 0.6828 0.0156 0.0079 0.0057 
         H42  5 0.0030 0.7736 0.2179 0.0026 0.0029 
         H43  5 0.0029 0.7777 0.2134 0.0030 0.0029 
         H44  5 0.0032 0.5808 0.0918 0.3175 0.0067 
         H45  5 0.0052 0.9616 0.0147 0.0155 0.0031 
         H46  5 0.0023 0.0046 0.0041 0.9853 0.0037 
         H47  5 0.0025 0.0034 0.0040 0.9852 0.0049 
