         H01  1 0.0074 0.9250 0.0125 0.0220 0.0084 0.0156 0.0090 
         H02  1 0.0070 0.9544 0.0066 0.0087 0.0077 0.0078 0.0078 
         H03  1 0.0075 0.9533 0.0083 0.0079 0.0074 0.0081 0.0074 
         H04  1 0.0071 0.9570 0.0058 0.0075 0.0072 0.0084 0.0070 
         H05  1 0.0072 0.9576 0.0069 0.0076 0.0069 0.0070 0.0067 
         H06  1 0.0104 0.7623 0.0158 0.0388 0.0084 0.1556 0.0088 
         H07  1 0.0104 0.9442 0.0081 0.0106 0.0089 0.0087 0.0092 
         H08  1 0.0085 0.9416 0.0085 0.0131 0.0117 0.0091 0.0075 
         H09  1 0.0213 0.7521 0.0218 0.0660 0.0124 0.0964 0.0299 
         H10  1 0.0068 0.9480 0.0079 0.0113 0.0090 0.0086 0.0083 
         H11  1 0.0086 0.9512 0.0077 0.0100 0.0073 0.0080 0.0072 
         H12  1 0.0073 0.9548 0.0078 0.0075 0.0072 0.0075 0.0078 
         H13  1 0.0084 0.9356 0.0084 0.0147 0.0152 0.0112 0.0064 
         H14  2 0.0094 0.0087 0.0130 0.0489 0.0072 0.9026 0.0103 
         H15  2 0.0268 0.0427 0.0103 0.7643 0.0111 0.1349 0.0099 
         H16  2 0.0233 0.0641 0.0150 0.7542 0.0077 0.1258 0.0099 
         H17  2 0.0143 0.0149 0.0289 0.0452 0.8334 0.0497 0.0135 
         H18  2 0.0080 0.0070 0.0087 0.0087 0.9492 0.0095 0.0089 
         H19  2 0.0077 0.0089 0.0084 0.0078 0.9505 0.0085 0.0081 
         H20  2 0.0266 0.0502 0.0193 0.0569 0.5734 0.0366 0.2370 
         H21  2 0.9414 0.0119 0.0090 0.0079 0.0074 0.0102 0.0121 
         H22  2 0.0091 0.0084 0.0093 0.0091 0.9478 0.0085 0.0077 
         H23  2 0.0121 0.0092 0.0114 0.0093 0.9407 0.0087 0.0087 
         H24  2 0.9437 0.0072 0.0104 0.0089 0.0084 0.0118 0.0097 
         H25  2 0.0120 0.0081 0.0320 0.0127 0.8964 0.0228 0.0160 
         H26  2 0.0075 0.0071 0.0083 0.0091 0.9511 0.0089 0.0080 
         H27  2 0.0083 0.0069 0.0086 0.0083 0.9471 0.0098 0.0109 
         H28  2 0.0086 0.0091 0.0094 0.0108 0.9364 0.0116 0.0141 
         H29  2 0.0080 0.0066 0.0094 0.0086 0.9426 0.0099 0.0150 
         H30  2 0.0208 0.0212 0.0110 0.0396 0.8708 0.0204 0.0164 
         H31  3 0.0111 0.0225 0.0509 0.7104 0.0080 0.1793 0.0178 
         H32  3 0.0141 0.0519 0.0679 0.4774 0.0103 0.3613 0.0172 
         H33  4 0.0507 0.0091 0.0435 0.1439 0.0907 0.5649 0.0972 
         H34  4 0.0088 0.0071 0.0090 0.0089 0.0221 0.0093 0.9348 
         H35  4 0.0081 0.0069 0.0098 0.0096 0.0080 0.0095 0.9481 
         H36  4 0.0097 0.0110 0.0158 0.0792 0.0321 0.0804 0.7717 
         H37  4 0.0086 0.0109 0.0105 0.0093 0.0168 0.0100 0.9339 
         H38  4 0.0107 0.0071 0.0116 0.0102 0.0079 0.0102 0.9422 
         H39  5 0.0235 0.0073 0.1658 0.1432 0.0130 0.6276 0.0197 
         H40  5 0.0692 0.0080 0.4296 0.1821 0.0271 0.1337 0.1501 
         H41  5 0.1658 0.0093 0.1753 0.1042 0.0104 0.5251 0.0099 
         H42  5 0.0128 0.0062 0.9262 0.0237 0.0062 0.0139 0.0111 
         H43  5 0.0170 0.0066 0.9262 0.0111 0.0064 0.0213 0.0114 
         H44  5 0.0119 0.2168 0.0197 0.1454 0.0100 0.5521 0.0441 
         H45  5 0.0163 0.0169 0.0148 0.1698 0.0085 0.7631 0.0106 
         H46  5 0.0071 0.9496 0.0074 0.0084 0.0089 0.0084 0.0102 
         H47  5 0.0070 0.9513 0.0074 0.0076 0.0091 0.0087 0.0089 
