         H01  1 0.2742 0.0026 0.0029 0.7153 0.0050 
         H02  1 0.0314 0.0027 0.0028 0.9594 0.0037 
         H03  1 0.1877 0.0019 0.0020 0.8055 0.0029 
         H04  1 0.0033 0.0031 0.0023 0.9882 0.0031 
         H05  1 0.0037 0.0020 0.0025 0.9891 0.0027 
         H06  1 0.1230 0.0038 0.0288 0.8078 0.0366 
         H07  1 0.1911 0.0041 0.0022 0.7991 0.0035 
         H08  1 0.0526 0.0075 0.0029 0.9322 0.0047 
         H09  1 0.3239 0.0054 0.0319 0.5887 0.0500 
         H10  1 0.0190 0.0053 0.0037 0.9678 0.0041 
         H11  1 0.1944 0.0022 0.0023 0.7980 0.0031 
         H12  1 0.1905 0.0019 0.0024 0.8027 0.0025 
         H13  1 0.0156 0.0089 0.0036 0.9679 0.0040 
         H14  2 0.5564 0.0040 0.2319 0.0056 0.2022 
         H15  2 0.8265 0.0089 0.0197 0.0931 0.0518 
         H16  2 0.8308 0.0052 0.0192 0.0941 0.0507 
         H17  2 0.0399 0.9022 0.0185 0.0126 0.0268 
         H18  2 0.0034 0.9851 0.0040 0.0049 0.0026 
         H19  2 0.0042 0.9856 0.0028 0.0050 0.0024 
         H20  2 0.0309 0.6395 0.2464 0.0567 0.0265 
         H21  2 0.0079 0.0048 0.0077 0.0391 0.9404 
         H22  2 0.0040 0.9849 0.0027 0.0053 0.0030 
         H23  2 0.0039 0.9834 0.0028 0.0050 0.0048 
         H24  2 0.0078 0.0030 0.0038 0.0161 0.9692 
         H25  2 0.0090 0.9312 0.0131 0.0025 0.0441 
         H26  2 0.0038 0.9857 0.0037 0.0039 0.0030 
         H27  2 0.0036 0.9821 0.0071 0.0028 0.0044 
         H28  2 0.0073 0.9730 0.0097 0.0059 0.0041 
         H29  2 0.0041 0.9740 0.0163 0.0024 0.0033 
         H30  2 0.0231 0.9248 0.0153 0.0227 0.0140 
         H31  3 0.8033 0.0034 0.1210 0.0235 0.0488 
         H32  3 0.7762 0.0056 0.0326 0.0429 0.1426 
         H33  4 0.1782 0.0974 0.0883 0.0047 0.6314 
         H34  4 0.0033 0.0584 0.9307 0.0029 0.0047 
         H35  4 0.0033 0.0032 0.9865 0.0030 0.0040 
         H36  4 0.0514 0.0270 0.8298 0.0087 0.0832 
         H37  4 0.0044 0.0371 0.9436 0.0077 0.0071 
         H38  4 0.0026 0.0033 0.9887 0.0026 0.0027 
         H39  5 0.1463 0.0124 0.0443 0.0034 0.7936 
         H40  5 0.0385 0.0297 0.1378 0.0030 0.7910 
         H41  5 0.0909 0.0064 0.0248 0.0063 0.8716 
         H42  5 0.0048 0.0031 0.0040 0.0030 0.9850 
         H43  5 0.0063 0.0021 0.0056 0.0027 0.9832 
         H44  5 0.5291 0.0060 0.2138 0.2337 0.0174 
         H45  5 0.6730 0.0037 0.1724 0.0162 0.1347 
         H46  5 0.0035 0.0039 0.0040 0.9854 0.0031 
         H47  5 0.0033 0.0035 0.0060 0.9842 0.0030 
