         H01  1 0.0025 0.0035 0.0047 0.9893 
         H02  1 0.0025 0.0022 0.0028 0.9925 
         H03  1 0.0023 0.0026 0.0030 0.9920 
         H04  1 0.0025 0.0027 0.0027 0.9922 
         H05  1 0.0025 0.0025 0.0027 0.9923 
         H06  1 0.0043 0.0225 0.1626 0.8105 
         H07  1 0.0029 0.0025 0.0039 0.9906 
         H08  1 0.0071 0.0035 0.0051 0.9843 
         H09  1 0.0125 0.0597 0.1158 0.8120 
         H10  1 0.0048 0.0030 0.0042 0.9880 
         H11  1 0.0025 0.0026 0.0031 0.9918 
         H12  1 0.0020 0.0025 0.0030 0.9925 
         H13  1 0.0104 0.0041 0.0081 0.9774 
         H14  2 0.0037 0.0425 0.9485 0.0053 
         H15  2 0.0125 0.0589 0.7370 0.1916 
         H16  2 0.0112 0.0492 0.7178 0.2218 
         H17  2 0.8116 0.0479 0.1283 0.0122 
         H18  2 0.9789 0.0082 0.0085 0.0045 
         H19  2 0.9793 0.0078 0.0080 0.0049 
         H20  2 0.6553 0.1927 0.0836 0.0685 
         H21  2 0.0051 0.0915 0.8884 0.0150 
         H22  2 0.9593 0.0107 0.0241 0.0058 
         H23  2 0.9541 0.0118 0.0277 0.0064 
         H24  2 0.0038 0.1119 0.8803 0.0040 
         H25  2 0.8989 0.0332 0.0646 0.0034 
         H26  2 0.9806 0.0050 0.0101 0.0043 
         H27  2 0.9824 0.0079 0.0072 0.0025 
         H28  2 0.9631 0.0105 0.0205 0.0059 
         H29  2 0.9613 0.0166 0.0196 0.0025 
         H30  2 0.9219 0.0212 0.0340 0.0229 
         H31  3 0.0046 0.1077 0.8424 0.0453 
         H32  3 0.0135 0.0629 0.8617 0.0619 
         H33  4 0.0900 0.2246 0.6813 0.0041 
         H34  4 0.2423 0.7426 0.0121 0.0030 
         H35  4 0.0933 0.8858 0.0174 0.0035 
         H36  4 0.1341 0.7541 0.1046 0.0072 
         H37  4 0.2176 0.7592 0.0143 0.0089 
         H38  4 0.0930 0.8931 0.0104 0.0035 
         H39  5 0.0071 0.1216 0.8669 0.0043 
         H40  5 0.0232 0.4654 0.5076 0.0038 
         H41  5 0.0062 0.0916 0.8933 0.0088 
         H42  5 0.0161 0.4977 0.4829 0.0032 
         H43  5 0.0076 0.5012 0.4876 0.0036 
         H44  5 0.0058 0.1300 0.4637 0.4005 
         H45  5 0.0040 0.0903 0.8741 0.0316 
         H46  5 0.0047 0.0052 0.0047 0.9854 
         H47  5 0.0043 0.0048 0.0038 0.9871 
