         H01  1 0.0039 0.9864 0.0024 0.0072 
         H02  1 0.0032 0.9910 0.0029 0.0029 
         H03  1 0.0027 0.9922 0.0021 0.0030 
         H04  1 0.0030 0.9905 0.0033 0.0032 
         H05  1 0.0027 0.9912 0.0033 0.0028 
         H06  1 0.0080 0.7909 0.0043 0.1968 
         H07  1 0.0056 0.9866 0.0034 0.0045 
         H08  1 0.0069 0.9818 0.0064 0.0049 
         H09  1 0.0959 0.7858 0.0148 0.1035 
         H10  1 0.0037 0.9872 0.0055 0.0037 
         H11  1 0.0036 0.9898 0.0032 0.0034 
         H12  1 0.0037 0.9902 0.0029 0.0033 
         H13  1 0.0053 0.9830 0.0074 0.0043 
         H14  2 0.0048 0.0063 0.0039 0.9850 
         H15  2 0.5409 0.4387 0.0086 0.0118 
         H16  2 0.5077 0.4760 0.0056 0.0107 
         H17  2 0.0193 0.0129 0.8308 0.1371 
         H18  2 0.0035 0.0046 0.9874 0.0045 
         H19  2 0.0053 0.0067 0.9836 0.0045 
         H20  2 0.0362 0.0848 0.7570 0.1220 
         H21  2 0.9776 0.0123 0.0047 0.0054 
         H22  2 0.0039 0.0077 0.9030 0.0854 
         H23  2 0.0077 0.0070 0.8995 0.0857 
         H24  2 0.9896 0.0039 0.0029 0.0036 
         H25  2 0.0072 0.0040 0.9066 0.0822 
         H26  2 0.0043 0.0041 0.9873 0.0043 
         H27  2 0.0070 0.0030 0.9850 0.0051 
         H28  2 0.0060 0.0060 0.9300 0.0580 
         H29  2 0.0028 0.0028 0.9204 0.0740 
         H30  2 0.0346 0.0256 0.9128 0.0270 
         H31  3 0.1216 0.0678 0.0076 0.8031 
         H32  3 0.1874 0.1239 0.0069 0.6818 
         H33  4 0.3971 0.0058 0.3494 0.2477 
         H34  4 0.0053 0.0027 0.6844 0.3075 
         H35  4 0.0091 0.0041 0.4500 0.5368 
         H36  4 0.0194 0.0069 0.4933 0.4804 
         H37  4 0.0055 0.0100 0.6321 0.3524 
         H38  4 0.0084 0.0037 0.4486 0.5393 
         H39  5 0.0973 0.0044 0.0106 0.8877 
         H40  5 0.1468 0.0040 0.1543 0.6949 
         H41  5 0.4877 0.0108 0.0114 0.4901 
         H42  5 0.0040 0.0037 0.0038 0.9885 
         H43  5 0.0059 0.0036 0.0031 0.9874 
         H44  5 0.0063 0.3429 0.0156 0.6352 
         H45  5 0.0075 0.0326 0.0043 0.9556 
         H46  5 0.0042 0.9860 0.0054 0.0044 
         H47  5 0.0042 0.9828 0.0075 0.0055 
