         H01  1 0.0032 0.9904 0.0064 
         H02  1 0.0031 0.9927 0.0043 
         H03  1 0.0032 0.9932 0.0035 
         H04  1 0.0034 0.9925 0.0040 
         H05  1 0.0039 0.9929 0.0032 
         H06  1 0.0117 0.8063 0.1820 
         H07  1 0.0043 0.9913 0.0044 
         H08  1 0.0081 0.9854 0.0065 
         H09  1 0.0343 0.8270 0.1388 
         H10  1 0.0062 0.9890 0.0048 
         H11  1 0.0033 0.9926 0.0040 
         H12  1 0.0029 0.9935 0.0036 
         H13  1 0.0127 0.9794 0.0078 
         H14  2 0.0465 0.0073 0.9462 
         H15  2 0.0283 0.2762 0.6955 
         H16  2 0.0275 0.3572 0.6153 
         H17  2 0.8808 0.0173 0.1019 
         H18  2 0.9428 0.0059 0.0513 
         H19  2 0.9295 0.0081 0.0623 
         H20  2 0.8336 0.0998 0.0666 
         H21  2 0.0616 0.0256 0.9128 
         H22  2 0.9272 0.0062 0.0667 
         H23  2 0.9255 0.0078 0.0667 
         H24  2 0.0609 0.0077 0.9313 
         H25  2 0.9430 0.0052 0.0518 
         H26  2 0.9412 0.0044 0.0545 
         H27  2 0.9470 0.0040 0.0490 
         H28  2 0.9454 0.0083 0.0463 
         H29  2 0.9567 0.0037 0.0396 
         H30  2 0.8853 0.0308 0.0839 
         H31  3 0.0419 0.0801 0.8781 
         H32  3 0.0489 0.1450 0.8061 
         H33  4 0.2192 0.0061 0.7747 
         H34  4 0.8959 0.0036 0.1005 
         H35  4 0.1260 0.0050 0.8689 
         H36  4 0.6399 0.0076 0.3526 
         H37  4 0.8826 0.0142 0.1032 
         H38  4 0.1376 0.0042 0.8583 
         H39  5 0.0662 0.0060 0.9278 
         H40  5 0.1046 0.0048 0.8906 
         H41  5 0.0486 0.0147 0.9367 
         H42  5 0.0335 0.0041 0.9624 
         H43  5 0.0389 0.0039 0.9572 
         H44  5 0.0663 0.3895 0.5442 
         H45  5 0.0439 0.0505 0.9056 
         H46  5 0.0054 0.9894 0.0052 
         H47  5 0.0060 0.9879 0.0062 
