         H01  1 0.9807 0.0132 0.0061 
         H02  1 0.9874 0.0068 0.0058 
         H03  1 0.9892 0.0057 0.0051 
         H04  1 0.9876 0.0059 0.0065 
         H05  1 0.9874 0.0064 0.0062 
         H06  1 0.8046 0.1837 0.0117 
         H07  1 0.9839 0.0088 0.0073 
         H08  1 0.9793 0.0093 0.0114 
         H09  1 0.8057 0.1707 0.0236 
         H10  1 0.9832 0.0070 0.0098 
         H11  1 0.9874 0.0065 0.0060 
         H12  1 0.9865 0.0070 0.0065 
         H13  1 0.9717 0.0115 0.0168 
         H14  2 0.0096 0.9795 0.0108 
         H15  2 0.3348 0.6468 0.0183 
         H16  2 0.3601 0.6244 0.0154 
         H17  2 0.0202 0.1472 0.8326 
         H18  2 0.0089 0.0211 0.9700 
         H19  2 0.0128 0.0138 0.9735 
         H20  2 0.1143 0.1542 0.7315 
         H21  2 0.0323 0.9329 0.0347 
         H22  2 0.0095 0.0445 0.9459 
         H23  2 0.0119 0.0483 0.9398 
         H24  2 0.0101 0.9545 0.0354 
         H25  2 0.0081 0.0455 0.9464 
         H26  2 0.0095 0.0165 0.9739 
         H27  2 0.0068 0.0143 0.9789 
         H28  2 0.0122 0.0386 0.9491 
         H29  2 0.0071 0.0384 0.9545 
         H30  2 0.0352 0.0410 0.9237 
         H31  3 0.0913 0.8848 0.0239 
         H32  3 0.1364 0.8308 0.0328 
         H33  4 0.0081 0.8284 0.1635 
         H34  4 0.0057 0.1753 0.8190 
         H35  4 0.0073 0.9575 0.0352 
         H36  4 0.0089 0.5433 0.4478 
         H37  4 0.0148 0.2619 0.7233 
         H38  4 0.0076 0.9568 0.0356 
         H39  5 0.0074 0.9687 0.0239 
         H40  5 0.0071 0.9095 0.0834 
         H41  5 0.0149 0.9521 0.0330 
         H42  5 0.0072 0.9555 0.0373 
         H43  5 0.0062 0.9563 0.0376 
         H44  5 0.3643 0.6161 0.0197 
         H45  5 0.0399 0.9381 0.0220 
         H46  5 0.9821 0.0070 0.0110 
         H47  5 0.9830 0.0081 0.0089 
