         H01  1 0.9893 0.0020 0.0027 0.0059 
         H02  1 0.9924 0.0021 0.0022 0.0033 
         H03  1 0.9929 0.0020 0.0023 0.0028 
         H04  1 0.9919 0.0026 0.0031 0.0024 
         H05  1 0.9918 0.0027 0.0025 0.0030 
         H06  1 0.8031 0.0040 0.0057 0.1872 
         H07  1 0.9900 0.0038 0.0023 0.0039 
         H08  1 0.9837 0.0083 0.0027 0.0052 
         H09  1 0.8213 0.0084 0.0562 0.1141 
         H10  1 0.9886 0.0051 0.0031 0.0031 
         H11  1 0.9909 0.0030 0.0024 0.0037 
         H12  1 0.9928 0.0022 0.0021 0.0029 
         H13  1 0.9809 0.0096 0.0035 0.0060 
         H14  2 0.0059 0.0032 0.0070 0.9839 
         H15  2 0.1849 0.0086 0.0043 0.8022 
         H16  2 0.2507 0.0053 0.0048 0.7392 
         H17  2 0.0112 0.9265 0.0120 0.0504 
         H18  2 0.0035 0.9897 0.0036 0.0032 
         H19  2 0.0050 0.9893 0.0022 0.0034 
         H20  2 0.0702 0.6729 0.1802 0.0768 
         H21  2 0.0105 0.0061 0.0150 0.9683 
         H22  2 0.0051 0.9885 0.0028 0.0036 
         H23  2 0.0053 0.9867 0.0034 0.0046 
         H24  2 0.0046 0.0075 0.0044 0.9835 
         H25  2 0.0034 0.9648 0.0224 0.0094 
         H26  2 0.0040 0.9888 0.0034 0.0038 
         H27  2 0.0026 0.9853 0.0083 0.0039 
         H28  2 0.0063 0.9762 0.0098 0.0077 
         H29  2 0.0025 0.9819 0.0108 0.0047 
         H30  2 0.0238 0.9297 0.0131 0.0334 
         H31  3 0.0365 0.0043 0.0236 0.9357 
         H32  3 0.0715 0.0047 0.0143 0.9095 
         H33  4 0.0045 0.0919 0.1016 0.8019 
         H34  4 0.0028 0.0320 0.9603 0.0049 
         H35  4 0.0027 0.0033 0.9897 0.0042 
         H36  4 0.0100 0.0383 0.8464 0.1053 
         H37  4 0.0094 0.0182 0.9680 0.0044 
         H38  4 0.0035 0.0037 0.9879 0.0049 
         H39  5 0.0043 0.0095 0.0078 0.9783 
         H40  5 0.0042 0.0299 0.4814 0.4846 
         H41  5 0.0074 0.0061 0.0436 0.9430 
         H42  5 0.0042 0.0036 0.5654 0.4268 
         H43  5 0.0036 0.0028 0.5627 0.4309 
         H44  5 0.4099 0.0054 0.1395 0.4451 
         H45  5 0.0200 0.0037 0.0511 0.9253 
         H46  5 0.9860 0.0059 0.0046 0.0035 
         H47  5 0.9863 0.0049 0.0051 0.0038 
