         H01  1 0.0031 0.9880 0.0088 
         H02  1 0.0034 0.9923 0.0042 
         H03  1 0.0029 0.9937 0.0034 
         H04  1 0.0032 0.9931 0.0037 
         H05  1 0.0031 0.9931 0.0038 
         H06  1 0.0044 0.7906 0.2050 
         H07  1 0.0045 0.9913 0.0043 
         H08  1 0.0078 0.9861 0.0061 
         H09  1 0.0184 0.8165 0.1651 
         H10  1 0.0061 0.9892 0.0047 
         H11  1 0.0033 0.9930 0.0037 
         H12  1 0.0029 0.9937 0.0034 
         H13  1 0.0116 0.9801 0.0083 
         H14  2 0.0047 0.0062 0.9892 
         H15  2 0.0103 0.3514 0.6383 
         H16  2 0.0083 0.3809 0.6108 
         H17  2 0.8920 0.0149 0.0931 
         H18  2 0.9883 0.0068 0.0049 
         H19  2 0.9887 0.0068 0.0045 
         H20  2 0.8295 0.1098 0.0607 
         H21  2 0.0074 0.0237 0.9689 
         H22  2 0.9885 0.0064 0.0051 
         H23  2 0.9845 0.0086 0.0069 
         H24  2 0.0052 0.0071 0.9877 
         H25  2 0.9725 0.0049 0.0227 
         H26  2 0.9893 0.0058 0.0049 
         H27  2 0.9905 0.0031 0.0064 
         H28  2 0.9848 0.0078 0.0073 
         H29  2 0.9917 0.0033 0.0049 
         H30  2 0.9369 0.0347 0.0284 
         H31  3 0.0054 0.0814 0.9132 
         H32  3 0.0073 0.1248 0.8679 
         H33  4 0.1301 0.0062 0.8637 
         H34  4 0.6971 0.0038 0.2992 
         H35  4 0.2815 0.0049 0.7136 
         H36  4 0.5016 0.0078 0.4906 
         H37  4 0.6349 0.0104 0.3547 
         H38  4 0.2850 0.0043 0.7107 
         H39  5 0.0100 0.0046 0.9854 
         H40  5 0.0681 0.0040 0.9279 
         H41  5 0.0086 0.0130 0.9784 
         H42  5 0.0037 0.0052 0.9911 
         H43  5 0.0038 0.0040 0.9921 
         H44  5 0.0207 0.3608 0.6185 
         H45  5 0.0056 0.0369 0.9575 
         H46  5 0.0064 0.9885 0.0051 
         H47  5 0.0066 0.9887 0.0047 
