         H01  1 0.0035 0.0022 0.9833 0.0081 0.0030 
         H02  1 0.0027 0.0023 0.9893 0.0032 0.0025 
         H03  1 0.0026 0.0023 0.9907 0.0024 0.0021 
         H04  1 0.0020 0.0025 0.9903 0.0031 0.0021 
         H05  1 0.0024 0.0024 0.9899 0.0027 0.0026 
         H06  1 0.0165 0.0033 0.7788 0.1977 0.0036 
         H07  1 0.0043 0.0024 0.9859 0.0041 0.0033 
         H08  1 0.0050 0.0028 0.9806 0.0042 0.0075 
         H09  1 0.0327 0.0326 0.8088 0.1183 0.0076 
         H10  1 0.0024 0.0027 0.9868 0.0042 0.0040 
         H11  1 0.0031 0.0023 0.9896 0.0030 0.0020 
         H12  1 0.0028 0.0026 0.9900 0.0026 0.0020 
         H13  1 0.0030 0.0023 0.9802 0.0056 0.0089 
         H14  2 0.0075 0.0052 0.0044 0.9798 0.0032 
         H15  2 0.0330 0.0059 0.1116 0.8440 0.0055 
         H16  2 0.0333 0.0034 0.1643 0.7942 0.0047 
         H17  2 0.0096 0.0111 0.0109 0.0514 0.9170 
         H18  2 0.0027 0.0034 0.0041 0.0036 0.9862 
         H19  2 0.0033 0.0025 0.0037 0.0038 0.9868 
         H20  2 0.0273 0.1821 0.0682 0.0339 0.6884 
         H21  2 0.9595 0.0028 0.0076 0.0280 0.0021 
         H22  2 0.0043 0.0025 0.0043 0.0041 0.9849 
         H23  2 0.0079 0.0027 0.0051 0.0050 0.9794 
         H24  2 0.9732 0.0024 0.0030 0.0194 0.0020 
         H25  2 0.0050 0.0184 0.0033 0.0162 0.9571 
         H26  2 0.0021 0.0032 0.0034 0.0033 0.9879 
         H27  2 0.0038 0.0059 0.0022 0.0037 0.9844 
         H28  2 0.0031 0.0073 0.0061 0.0062 0.9774 
         H29  2 0.0020 0.0120 0.0022 0.0043 0.9795 
         H30  2 0.0125 0.0078 0.0183 0.0346 0.9268 
         H31  3 0.0331 0.0113 0.0280 0.9245 0.0031 
         H32  3 0.0449 0.0257 0.0725 0.8525 0.0045 
         H33  4 0.0615 0.0957 0.0034 0.7783 0.0611 
         H34  4 0.0034 0.8702 0.0026 0.1082 0.0155 
         H35  4 0.0030 0.9865 0.0032 0.0045 0.0028 
         H36  4 0.0273 0.7590 0.0076 0.1776 0.0284 
         H37  4 0.0029 0.8879 0.0074 0.0913 0.0105 
         H38  4 0.0030 0.9860 0.0032 0.0039 0.0039 
         H39  5 0.0370 0.0213 0.0036 0.9283 0.0098 
         H40  5 0.0670 0.4245 0.0034 0.4826 0.0225 
         H41  5 0.1423 0.0127 0.0057 0.8338 0.0055 
         H42  5 0.0026 0.5069 0.0026 0.4855 0.0023 
         H43  5 0.0025 0.4995 0.0029 0.4925 0.0025 
         H44  5 0.0031 0.0398 0.2915 0.6597 0.0059 
         H45  5 0.0377 0.0186 0.0231 0.9174 0.0033 
         H46  5 0.0024 0.0053 0.9844 0.0037 0.0041 
         H47  5 0.0024 0.0044 0.9854 0.0035 0.0043 
