         H01  1 0.0023 0.0023 0.0074 0.9857 0.0023 
         H02  1 0.0031 0.0022 0.0029 0.9892 0.0026 
         H03  1 0.0027 0.0022 0.0027 0.9903 0.0021 
         H04  1 0.0026 0.0030 0.0024 0.9895 0.0025 
         H05  1 0.0029 0.0029 0.0032 0.9884 0.0026 
         H06  1 0.0084 0.0042 0.1781 0.8055 0.0038 
         H07  1 0.0041 0.0023 0.0039 0.9858 0.0039 
         H08  1 0.0053 0.0032 0.0037 0.9821 0.0058 
         H09  1 0.0268 0.0485 0.0838 0.8332 0.0078 
         H10  1 0.0031 0.0027 0.0032 0.9862 0.0047 
         H11  1 0.0034 0.0025 0.0031 0.9886 0.0024 
         H12  1 0.0025 0.0021 0.0030 0.9903 0.0021 
         H13  1 0.0044 0.0030 0.0064 0.9764 0.0098 
         H14  2 0.0030 0.0043 0.9845 0.0052 0.0031 
         H15  2 0.0716 0.0122 0.6346 0.2720 0.0097 
         H16  2 0.0711 0.0141 0.6029 0.3066 0.0052 
         H17  2 0.0122 0.0106 0.1048 0.0149 0.8574 
         H18  2 0.0022 0.0049 0.0032 0.0050 0.9847 
         H19  2 0.0073 0.0039 0.0058 0.0039 0.9791 
         H20  2 0.0251 0.2703 0.0272 0.0712 0.6062 
         H21  2 0.9834 0.0049 0.0032 0.0058 0.0026 
         H22  2 0.0118 0.0034 0.0115 0.0051 0.9681 
         H23  2 0.0145 0.0039 0.0047 0.0066 0.9702 
         H24  2 0.9875 0.0026 0.0044 0.0034 0.0022 
         H25  2 0.0070 0.0118 0.0295 0.0034 0.9484 
         H26  2 0.0039 0.0041 0.0034 0.0030 0.9856 
         H27  2 0.0033 0.0071 0.0037 0.0025 0.9834 
         H28  2 0.0040 0.0152 0.0077 0.0065 0.9665 
         H29  2 0.0024 0.0157 0.0054 0.0029 0.9735 
         H30  2 0.0155 0.0246 0.0193 0.0232 0.9174 
         H31  3 0.0098 0.0340 0.8813 0.0710 0.0039 
         H32  3 0.0315 0.0129 0.8737 0.0773 0.0046 
         H33  4 0.1040 0.0939 0.7147 0.0038 0.0836 
         H34  4 0.0090 0.9704 0.0042 0.0029 0.0134 
         H35  4 0.0032 0.9879 0.0033 0.0027 0.0028 
         H36  4 0.0101 0.8403 0.1125 0.0127 0.0245 
         H37  4 0.0036 0.9775 0.0045 0.0078 0.0065 
         H38  4 0.0026 0.9876 0.0034 0.0030 0.0033 
         H39  5 0.0464 0.0057 0.9364 0.0037 0.0079 
         H40  5 0.0719 0.1468 0.7403 0.0037 0.0374 
         H41  5 0.1570 0.0038 0.8249 0.0090 0.0053 
         H42  5 0.0079 0.0040 0.9817 0.0031 0.0032 
         H43  5 0.0048 0.0046 0.9845 0.0033 0.0028 
         H44  5 0.0142 0.0965 0.5218 0.3603 0.0072 
         H45  5 0.0373 0.0049 0.9291 0.0250 0.0037 
         H46  5 0.0028 0.0060 0.0037 0.9832 0.0043 
         H47  5 0.0024 0.0054 0.0033 0.9840 0.0049 
