         H01  1 0.0062 0.0025 0.9880 0.0033 
         H02  1 0.0040 0.0030 0.9898 0.0031 
         H03  1 0.0030 0.0027 0.9914 0.0029 
         H04  1 0.0028 0.0030 0.9916 0.0026 
         H05  1 0.0027 0.0028 0.9916 0.0029 
         H06  1 0.1212 0.0051 0.8231 0.0507 
         H07  1 0.0039 0.0034 0.9895 0.0032 
         H08  1 0.0047 0.0072 0.9842 0.0038 
         H09  1 0.0928 0.0125 0.8313 0.0635 
         H10  1 0.0035 0.0049 0.9884 0.0033 
         H11  1 0.0038 0.0025 0.9910 0.0027 
         H12  1 0.0030 0.0023 0.9921 0.0026 
         H13  1 0.0055 0.0128 0.9769 0.0048 
         H14  2 0.7140 0.0036 0.0059 0.2765 
         H15  2 0.5214 0.0094 0.2675 0.2016 
         H16  2 0.4847 0.0056 0.3040 0.2057 
         H17  2 0.0426 0.9053 0.0163 0.0358 
         H18  2 0.0039 0.9867 0.0048 0.0046 
         H19  2 0.0033 0.9880 0.0057 0.0030 
         H20  2 0.0230 0.6468 0.0940 0.2363 
         H21  2 0.9571 0.0050 0.0236 0.0144 
         H22  2 0.0043 0.9844 0.0074 0.0040 
         H23  2 0.0053 0.9843 0.0065 0.0039 
         H24  2 0.9784 0.0048 0.0067 0.0101 
         H25  2 0.0213 0.9630 0.0036 0.0121 
         H26  2 0.0037 0.9875 0.0046 0.0043 
         H27  2 0.0039 0.9853 0.0028 0.0080 
         H28  2 0.0068 0.9738 0.0065 0.0128 
         H29  2 0.0037 0.9802 0.0024 0.0137 
         H30  2 0.0190 0.9434 0.0225 0.0151 
         H31  3 0.5744 0.0038 0.0788 0.3430 
         H32  3 0.6522 0.0062 0.1002 0.2415 
         H33  4 0.7630 0.1115 0.0052 0.1203 
         H34  4 0.0116 0.2533 0.0030 0.7322 
         H35  4 0.0119 0.0055 0.0034 0.9792 
         H36  4 0.0963 0.1373 0.0148 0.7516 
         H37  4 0.0173 0.2254 0.0097 0.7476 
         H38  4 0.0052 0.0039 0.0033 0.9876 
         H39  5 0.8986 0.0095 0.0050 0.0869 
         H40  5 0.8006 0.0299 0.0043 0.1651 
         H41  5 0.9638 0.0073 0.0093 0.0196 
         H42  5 0.9836 0.0038 0.0034 0.0092 
         H43  5 0.9833 0.0026 0.0034 0.0107 
         H44  5 0.2805 0.0059 0.4288 0.2848 
         H45  5 0.7259 0.0044 0.0246 0.2451 
         H46  5 0.0040 0.0062 0.9832 0.0067 
         H47  5 0.0039 0.0059 0.9858 0.0044 
