         H01  1 0.0028 0.0072 0.0082 0.0025 0.9772 0.0021 
         H02  1 0.0023 0.0029 0.0023 0.0026 0.9876 0.0023 
         H03  1 0.0025 0.0035 0.0027 0.0020 0.9872 0.0021 
         H04  1 0.0020 0.0029 0.0023 0.0026 0.9878 0.0025 
         H05  1 0.0026 0.0031 0.0028 0.0025 0.9865 0.0025 
         H06  1 0.0075 0.1306 0.0441 0.0051 0.8089 0.0037 
         H07  1 0.0045 0.0047 0.0026 0.0022 0.9829 0.0033 
         H08  1 0.0053 0.0064 0.0030 0.0030 0.9754 0.0070 
         H09  1 0.0267 0.1048 0.0274 0.0420 0.7934 0.0057 
         H10  1 0.0027 0.0042 0.0032 0.0031 0.9815 0.0053 
         H11  1 0.0033 0.0031 0.0027 0.0025 0.9860 0.0024 
         H12  1 0.0024 0.0025 0.0023 0.0021 0.9885 0.0022 
         H13  1 0.0037 0.0070 0.0036 0.0028 0.9719 0.0109 
         H14  2 0.0030 0.7267 0.2583 0.0043 0.0043 0.0034 
         H15  2 0.0642 0.7932 0.0212 0.0038 0.1101 0.0076 
         H16  2 0.0647 0.7531 0.0153 0.0028 0.1603 0.0038 
         H17  2 0.0072 0.0807 0.0332 0.0177 0.0104 0.8507 
         H18  2 0.0024 0.0034 0.0031 0.0037 0.0048 0.9827 
         H19  2 0.0035 0.0031 0.0025 0.0033 0.0041 0.9835 
         H20  2 0.0312 0.0429 0.0324 0.2618 0.0468 0.5848 
         H21  2 0.9823 0.0028 0.0026 0.0034 0.0060 0.0029 
         H22  2 0.0043 0.0033 0.0032 0.0024 0.0050 0.9818 
         H23  2 0.0076 0.0055 0.0045 0.0028 0.0046 0.9750 
         H24  2 0.9889 0.0024 0.0022 0.0019 0.0025 0.0021 
         H25  2 0.0044 0.0251 0.0451 0.0244 0.0030 0.8980 
         H26  2 0.0029 0.0038 0.0025 0.0038 0.0034 0.9836 
         H27  2 0.0034 0.0036 0.0037 0.0069 0.0026 0.9799 
         H28  2 0.0041 0.0073 0.0073 0.0215 0.0067 0.9530 
         H29  2 0.0022 0.0038 0.0041 0.0258 0.0023 0.9618 
         H30  2 0.0156 0.0355 0.0112 0.0198 0.0186 0.8994 
         H31  3 0.0124 0.9292 0.0061 0.0122 0.0310 0.0090 
         H32  3 0.0482 0.7578 0.0915 0.0085 0.0888 0.0052 
         H33  4 0.1130 0.4607 0.2155 0.1092 0.0049 0.0966 
         H34  4 0.0029 0.0051 0.0037 0.9749 0.0028 0.0106 
         H35  4 0.0022 0.0030 0.0077 0.9819 0.0029 0.0023 
         H36  4 0.0118 0.0633 0.0691 0.8229 0.0108 0.0220 
         H37  4 0.0028 0.0076 0.0022 0.9730 0.0077 0.0068 
         H38  4 0.0020 0.0027 0.0092 0.9811 0.0025 0.0024 
         H39  5 0.0593 0.5075 0.4111 0.0059 0.0034 0.0128 
         H40  5 0.0669 0.2309 0.5225 0.1385 0.0033 0.0380 
         H41  5 0.2274 0.3128 0.4397 0.0041 0.0102 0.0058 
         H42  5 0.0023 0.0056 0.9839 0.0032 0.0025 0.0025 
         H43  5 0.0021 0.0049 0.9849 0.0029 0.0027 0.0024 
         H44  5 0.0040 0.4377 0.1303 0.0900 0.3316 0.0063 
         H45  5 0.0059 0.6658 0.3015 0.0049 0.0184 0.0036 
         H46  5 0.0024 0.0040 0.0033 0.0051 0.9809 0.0043 
         H47  5 0.0028 0.0038 0.0031 0.0050 0.9820 0.0033 
