         H01  1 0.0024 0.0055 0.9890 0.0031 
         H02  1 0.0027 0.0025 0.9924 0.0024 
         H03  1 0.0026 0.0028 0.9923 0.0023 
         H04  1 0.0025 0.0027 0.9923 0.0025 
         H05  1 0.0029 0.0030 0.9917 0.0024 
         H06  1 0.0035 0.2143 0.7778 0.0044 
         H07  1 0.0032 0.0040 0.9903 0.0025 
         H08  1 0.0072 0.0048 0.9853 0.0028 
         H09  1 0.0101 0.1259 0.8033 0.0607 
         H10  1 0.0050 0.0043 0.9876 0.0031 
         H11  1 0.0029 0.0030 0.9917 0.0025 
         H12  1 0.0023 0.0030 0.9923 0.0024 
         H13  1 0.0105 0.0085 0.9778 0.0032 
         H14  2 0.0026 0.9885 0.0047 0.0042 
         H15  2 0.0072 0.7745 0.1844 0.0339 
         H16  2 0.0048 0.7220 0.2385 0.0347 
         H17  2 0.8891 0.0858 0.0158 0.0094 
         H18  2 0.9875 0.0037 0.0045 0.0043 
         H19  2 0.9881 0.0030 0.0049 0.0040 
         H20  2 0.6415 0.0312 0.0536 0.2737 
         H21  2 0.0051 0.3929 0.0266 0.5753 
         H22  2 0.9874 0.0038 0.0050 0.0038 
         H23  2 0.9846 0.0049 0.0067 0.0037 
         H24  2 0.0049 0.3941 0.0049 0.5961 
         H25  2 0.9642 0.0180 0.0031 0.0146 
         H26  2 0.9889 0.0039 0.0038 0.0034 
         H27  2 0.9831 0.0045 0.0027 0.0097 
         H28  2 0.9739 0.0066 0.0066 0.0129 
         H29  2 0.9838 0.0044 0.0023 0.0096 
         H30  2 0.9258 0.0295 0.0235 0.0212 
         H31  3 0.0054 0.9312 0.0481 0.0153 
         H32  3 0.0051 0.9099 0.0704 0.0145 
         H33  4 0.0595 0.6214 0.0051 0.3140 
         H34  4 0.1346 0.0070 0.0027 0.8557 
         H35  4 0.0038 0.1178 0.0032 0.8753 
         H36  4 0.0850 0.1207 0.0084 0.7859 
         H37  4 0.1087 0.0149 0.0088 0.8676 
         H38  4 0.0055 0.1161 0.0030 0.8754 
         H39  5 0.0100 0.9412 0.0040 0.0448 
         H40  5 0.0310 0.4888 0.0031 0.4770 
         H41  5 0.0070 0.8383 0.0060 0.1488 
         H42  5 0.0034 0.8591 0.0033 0.1342 
         H43  5 0.0027 0.8603 0.0032 0.1337 
         H44  5 0.0075 0.5993 0.3133 0.0799 
         H45  5 0.0041 0.9720 0.0181 0.0058 
         H46  5 0.0051 0.0044 0.9865 0.0040 
         H47  5 0.0054 0.0039 0.9846 0.0060 
