         H01  1 0.9802 0.0083 0.0115 
         H02  1 0.9821 0.0087 0.0092 
         H03  1 0.9835 0.0077 0.0088 
         H04  1 0.9815 0.0090 0.0096 
         H05  1 0.9825 0.0086 0.0089 
         H06  1 0.7874 0.0114 0.2012 
         H07  1 0.9777 0.0110 0.0113 
         H08  1 0.9719 0.0167 0.0114 
         H09  1 0.8064 0.0235 0.1702 
         H10  1 0.9756 0.0130 0.0114 
         H11  1 0.9813 0.0084 0.0103 
         H12  1 0.9834 0.0084 0.0082 
         H13  1 0.9690 0.0174 0.0136 
         H14  2 0.0120 0.0124 0.9756 
         H15  2 0.3791 0.0251 0.5958 
         H16  2 0.4098 0.0187 0.5715 
         H17  2 0.0265 0.8765 0.0970 
         H18  2 0.0131 0.9749 0.0120 
         H19  2 0.0132 0.9760 0.0108 
         H20  2 0.1358 0.7797 0.0845 
         H21  2 0.0352 0.0145 0.9503 
         H22  2 0.0120 0.9736 0.0143 
         H23  2 0.0154 0.9712 0.0135 
         H24  2 0.0140 0.0131 0.9728 
         H25  2 0.0117 0.9622 0.0260 
         H26  2 0.0128 0.9770 0.0102 
         H27  2 0.0098 0.9768 0.0134 
         H28  2 0.0145 0.9673 0.0182 
         H29  2 0.0096 0.9790 0.0113 
         H30  2 0.0405 0.9164 0.0431 
         H31  3 0.1247 0.0109 0.8644 
         H32  3 0.1759 0.0133 0.8108 
         H33  4 0.0110 0.1393 0.8497 
         H34  4 0.0091 0.7327 0.2581 
         H35  4 0.0128 0.0236 0.9636 
         H36  4 0.0140 0.4197 0.5662 
         H37  4 0.0174 0.6484 0.3341 
         H38  4 0.0109 0.0266 0.9625 
         H39  5 0.0112 0.0224 0.9663 
         H40  5 0.0104 0.0935 0.8961 
         H41  5 0.0193 0.0161 0.9646 
         H42  5 0.0105 0.0121 0.9774 
         H43  5 0.0113 0.0102 0.9785 
         H44  5 0.3861 0.0206 0.5933 
         H45  5 0.0394 0.0118 0.9488 
         H46  5 0.9734 0.0155 0.0111 
         H47  5 0.9744 0.0146 0.0110 
