         H01  1 0.0028 0.9814 0.0069 0.0061 0.0028 
         H02  1 0.0027 0.9882 0.0034 0.0029 0.0027 
         H03  1 0.0028 0.9895 0.0029 0.0024 0.0025 
         H04  1 0.0029 0.9893 0.0026 0.0030 0.0022 
         H05  1 0.0025 0.9891 0.0030 0.0028 0.0027 
         H06  1 0.0067 0.7713 0.0958 0.1227 0.0036 
         H07  1 0.0028 0.9846 0.0037 0.0044 0.0045 
         H08  1 0.0031 0.9779 0.0061 0.0053 0.0076 
         H09  1 0.0460 0.7692 0.0986 0.0772 0.0091 
         H10  1 0.0033 0.9816 0.0042 0.0045 0.0063 
         H11  1 0.0029 0.9881 0.0031 0.0031 0.0027 
         H12  1 0.0024 0.9897 0.0031 0.0026 0.0023 
         H13  1 0.0030 0.9714 0.0056 0.0065 0.0135 
         H14  2 0.0070 0.0057 0.4851 0.4990 0.0033 
         H15  2 0.0433 0.2405 0.3984 0.3063 0.0115 
         H16  2 0.0372 0.2823 0.3763 0.2961 0.0081 
         H17  2 0.0152 0.0142 0.1543 0.0880 0.7282 
         H18  2 0.0051 0.0039 0.0042 0.0036 0.9833 
         H19  2 0.0033 0.0053 0.0031 0.0038 0.9845 
         H20  2 0.2627 0.0700 0.0658 0.0735 0.5280 
         H21  2 0.1776 0.0232 0.3935 0.4007 0.0049 
         H22  2 0.0032 0.0052 0.0582 0.0608 0.8727 
         H23  2 0.0071 0.0060 0.0841 0.0287 0.8740 
         H24  2 0.1800 0.0052 0.3422 0.4688 0.0037 
         H25  2 0.0212 0.0041 0.0849 0.0682 0.8216 
         H26  2 0.0049 0.0033 0.0037 0.0040 0.9840 
         H27  2 0.0128 0.0025 0.0054 0.0047 0.9745 
         H28  2 0.0243 0.0069 0.0572 0.0571 0.8546 
         H29  2 0.0189 0.0029 0.0737 0.0470 0.8575 
         H30  2 0.0196 0.0210 0.0527 0.0330 0.8737 
         H31  3 0.0897 0.0579 0.5039 0.3450 0.0036 
         H32  3 0.0172 0.0952 0.4074 0.4760 0.0043 
         H33  4 0.1560 0.0048 0.2943 0.4598 0.0850 
         H34  4 0.8793 0.0026 0.0045 0.0076 0.1060 
         H35  4 0.9679 0.0029 0.0041 0.0058 0.0194 
         H36  4 0.6792 0.0121 0.1255 0.1492 0.0341 
         H37  4 0.8970 0.0091 0.0058 0.0053 0.0829 
         H38  4 0.9714 0.0032 0.0047 0.0036 0.0172 
         H39  5 0.0192 0.0047 0.4323 0.5343 0.0094 
         H40  5 0.1065 0.0039 0.4242 0.4429 0.0225 
         H41  5 0.0284 0.0086 0.4901 0.4667 0.0061 
         H42  5 0.0045 0.0037 0.4515 0.5369 0.0035 
         H43  5 0.0043 0.0035 0.4566 0.5322 0.0034 
         H44  5 0.0753 0.3542 0.2493 0.3157 0.0055 
         H45  5 0.0079 0.0244 0.4695 0.4940 0.0042 
         H46  5 0.0066 0.9797 0.0037 0.0041 0.0058 
         H47  5 0.0063 0.9798 0.0037 0.0038 0.0064 
