         H01  1 0.0029 0.0293 0.9553 0.0071 0.0027 0.0027 
         H02  1 0.0032 0.0039 0.9847 0.0031 0.0028 0.0024 
         H03  1 0.0020 0.0029 0.9877 0.0024 0.0027 0.0023 
         H04  1 0.0027 0.0029 0.9869 0.0024 0.0025 0.0026 
         H05  1 0.0026 0.0030 0.9864 0.0028 0.0024 0.0028 
         H06  1 0.0083 0.0692 0.7746 0.1330 0.0115 0.0035 
         H07  1 0.0045 0.0050 0.9815 0.0039 0.0022 0.0029 
         H08  1 0.0054 0.0081 0.9703 0.0052 0.0030 0.0080 
         H09  1 0.0163 0.0874 0.7756 0.0768 0.0359 0.0078 
         H10  1 0.0031 0.0063 0.9787 0.0043 0.0031 0.0044 
         H11  1 0.0036 0.0039 0.9847 0.0032 0.0023 0.0024 
         H12  1 0.0028 0.0033 0.9858 0.0035 0.0024 0.0022 
         H13  1 0.0044 0.0150 0.9597 0.0052 0.0042 0.0116 
         H14  2 0.0033 0.0878 0.0041 0.8928 0.0089 0.0031 
         H15  2 0.0064 0.8450 0.0710 0.0578 0.0133 0.0065 
         H16  2 0.0124 0.8436 0.0788 0.0533 0.0081 0.0036 
         H17  2 0.0118 0.0685 0.0121 0.0647 0.0144 0.8285 
         H18  2 0.0037 0.0038 0.0039 0.0035 0.0050 0.9802 
         H19  2 0.0038 0.0038 0.0049 0.0039 0.0036 0.9799 
         H20  2 0.0327 0.0840 0.0603 0.0313 0.2230 0.5687 
         H21  2 0.9708 0.0088 0.0092 0.0048 0.0037 0.0028 
         H22  2 0.0047 0.0037 0.0052 0.0043 0.0035 0.9787 
         H23  2 0.0066 0.0045 0.0061 0.0041 0.0045 0.9742 
         H24  2 0.9770 0.0072 0.0030 0.0049 0.0051 0.0028 
         H25  2 0.0067 0.0219 0.0036 0.0335 0.0249 0.9093 
         H26  2 0.0033 0.0035 0.0037 0.0040 0.0042 0.9812 
         H27  2 0.0040 0.0045 0.0026 0.0035 0.0078 0.9774 
         H28  2 0.0040 0.0088 0.0055 0.0061 0.0112 0.9644 
         H29  2 0.0026 0.0049 0.0026 0.0045 0.0140 0.9714 
         H30  2 0.0159 0.0305 0.0241 0.0225 0.0120 0.8949 
         H31  3 0.0068 0.8724 0.0186 0.0700 0.0282 0.0040 
         H32  3 0.0198 0.6061 0.0606 0.2607 0.0456 0.0072 
         H33  4 0.0814 0.0917 0.0038 0.6784 0.0684 0.0762 
         H34  4 0.0044 0.0062 0.0031 0.0358 0.9177 0.0329 
         H35  4 0.0152 0.0123 0.0028 0.0268 0.9395 0.0033 
         H36  4 0.0177 0.0838 0.0104 0.0953 0.7723 0.0205 
         H37  4 0.0042 0.0169 0.0065 0.0156 0.9372 0.0197 
         H38  4 0.0144 0.0236 0.0025 0.0233 0.9324 0.0039 
         H39  5 0.0618 0.1180 0.0036 0.7917 0.0153 0.0096 
         H40  5 0.1247 0.1110 0.0031 0.5529 0.1901 0.0182 
         H41  5 0.1590 0.0554 0.0053 0.7687 0.0045 0.0069 
         H42  5 0.0831 0.0074 0.0027 0.8966 0.0073 0.0030 
         H43  5 0.0792 0.0145 0.0030 0.8921 0.0080 0.0031 
         H44  5 0.0034 0.1698 0.1788 0.6166 0.0251 0.0062 
         H45  5 0.0060 0.0660 0.0176 0.8692 0.0369 0.0043 
         H46  5 0.0036 0.0040 0.9791 0.0035 0.0044 0.0055 
         H47  5 0.0031 0.0039 0.9786 0.0039 0.0052 0.0053 
