         H01  1 0.0089 0.0037 0.0075 0.9418 0.0226 0.0087 0.0068 
         H02  1 0.0055 0.0047 0.0068 0.9589 0.0112 0.0075 0.0053 
         H03  1 0.0055 0.0035 0.0054 0.9651 0.0109 0.0044 0.0052 
         H04  1 0.0043 0.0043 0.0057 0.9608 0.0128 0.0056 0.0066 
         H05  1 0.0040 0.0049 0.0043 0.9644 0.0121 0.0047 0.0056 
         H06  1 0.0172 0.0048 0.1611 0.7551 0.0388 0.0163 0.0068 
         H07  1 0.0063 0.0046 0.0092 0.9592 0.0074 0.0082 0.0051 
         H08  1 0.0064 0.0100 0.0066 0.9442 0.0214 0.0066 0.0048 
         H09  1 0.0109 0.0087 0.1171 0.7219 0.0782 0.0346 0.0286 
         H10  1 0.0077 0.0074 0.0062 0.9544 0.0134 0.0060 0.0049 
         H11  1 0.0048 0.0045 0.0056 0.9584 0.0164 0.0051 0.0052 
         H12  1 0.0072 0.0040 0.0063 0.9651 0.0063 0.0054 0.0057 
         H13  1 0.0068 0.0118 0.0089 0.9445 0.0143 0.0075 0.0062 
         H14  2 0.0447 0.0044 0.8860 0.0061 0.0455 0.0064 0.0069 
         H15  2 0.0206 0.0078 0.0884 0.0430 0.8245 0.0078 0.0079 
         H16  2 0.0175 0.0052 0.0959 0.0434 0.8192 0.0105 0.0082 
         H17  2 0.0236 0.8228 0.0845 0.0160 0.0219 0.0154 0.0159 
         H18  2 0.0053 0.9671 0.0061 0.0065 0.0052 0.0042 0.0057 
         H19  2 0.0043 0.9667 0.0050 0.0063 0.0055 0.0062 0.0060 
         H20  2 0.0173 0.5576 0.0581 0.0456 0.0308 0.0258 0.2647 
         H21  2 0.0050 0.0046 0.0102 0.0111 0.0049 0.9445 0.0197 
         H22  2 0.0053 0.9653 0.0061 0.0062 0.0060 0.0073 0.0038 
         H23  2 0.0046 0.9620 0.0066 0.0063 0.0056 0.0101 0.0049 
         H24  2 0.0134 0.0041 0.0098 0.0086 0.0057 0.9436 0.0149 
         H25  2 0.0527 0.9019 0.0172 0.0053 0.0070 0.0053 0.0106 
         H26  2 0.0057 0.9683 0.0055 0.0051 0.0049 0.0048 0.0056 
         H27  2 0.0048 0.9618 0.0072 0.0046 0.0057 0.0053 0.0107 
         H28  2 0.0041 0.9531 0.0112 0.0072 0.0092 0.0051 0.0102 
         H29  2 0.0068 0.9578 0.0074 0.0043 0.0052 0.0049 0.0137 
         H30  2 0.0067 0.8764 0.0289 0.0238 0.0374 0.0142 0.0127 
         H31  3 0.0232 0.0046 0.2159 0.0179 0.7037 0.0161 0.0185 
         H32  3 0.0425 0.0074 0.3647 0.0812 0.3984 0.0939 0.0118 
         H33  4 0.0998 0.1250 0.4880 0.0058 0.1458 0.0637 0.0720 
         H34  4 0.0100 0.0177 0.0055 0.0058 0.0048 0.0059 0.9502 
         H35  4 0.0138 0.0062 0.0057 0.0050 0.0059 0.0105 0.9529 
         H36  4 0.0175 0.0155 0.0682 0.0117 0.0338 0.0132 0.8400 
         H37  4 0.0095 0.0099 0.0069 0.0100 0.0082 0.0049 0.9506 
         H38  4 0.0110 0.0062 0.0070 0.0067 0.0051 0.0080 0.9560 
         H39  5 0.1509 0.0117 0.6713 0.0073 0.0615 0.0901 0.0071 
         H40  5 0.3496 0.0212 0.2256 0.0068 0.1009 0.0617 0.2341 
         H41  5 0.2198 0.0099 0.5513 0.0101 0.0855 0.1152 0.0081 
         H42  5 0.8956 0.0036 0.0759 0.0042 0.0123 0.0046 0.0039 
         H43  5 0.9108 0.0033 0.0634 0.0042 0.0090 0.0044 0.0049 
         H44  5 0.0218 0.0072 0.6823 0.1730 0.0734 0.0203 0.0220 
         H45  5 0.0171 0.0048 0.8956 0.0160 0.0483 0.0100 0.0082 
         H46  5 0.0055 0.0058 0.0063 0.9588 0.0086 0.0058 0.0091 
         H47  5 0.0054 0.0070 0.0063 0.9526 0.0133 0.0057 0.0097 
