         H01  1 0.9831 0.0115 0.0030 0.0024 
         H02  1 0.9920 0.0029 0.0026 0.0025 
         H03  1 0.9924 0.0028 0.0024 0.0024 
         H04  1 0.9916 0.0030 0.0026 0.0027 
         H05  1 0.9917 0.0031 0.0027 0.0025 
         H06  1 0.7987 0.1867 0.0103 0.0044 
         H07  1 0.9886 0.0039 0.0040 0.0034 
         H08  1 0.9840 0.0059 0.0043 0.0058 
         H09  1 0.7773 0.1266 0.0722 0.0239 
         H10  1 0.9877 0.0044 0.0038 0.0041 
         H11  1 0.9908 0.0031 0.0037 0.0025 
         H12  1 0.9919 0.0032 0.0027 0.0022 
         H13  1 0.9783 0.0095 0.0043 0.0079 
         H14  2 0.0040 0.9878 0.0045 0.0036 
         H15  2 0.1160 0.8419 0.0357 0.0064 
         H16  2 0.1297 0.8292 0.0366 0.0045 
         H17  2 0.0092 0.0770 0.0239 0.8899 
         H18  2 0.0055 0.0033 0.0030 0.9883 
         H19  2 0.0067 0.0039 0.0036 0.9858 
         H20  2 0.0599 0.0389 0.0089 0.8924 
         H21  2 0.0203 0.0085 0.9651 0.0061 
         H22  2 0.0072 0.0047 0.0038 0.9843 
         H23  2 0.0066 0.0065 0.0056 0.9813 
         H24  2 0.0049 0.0056 0.9861 0.0034 
         H25  2 0.0031 0.0085 0.0338 0.9547 
         H26  2 0.0043 0.0035 0.0036 0.9887 
         H27  2 0.0025 0.0042 0.0047 0.9885 
         H28  2 0.0032 0.0064 0.0034 0.9870 
         H29  2 0.0026 0.0035 0.0030 0.9909 
         H30  2 0.0200 0.0248 0.0147 0.9405 
         H31  3 0.0270 0.9390 0.0280 0.0059 
         H32  3 0.0758 0.6819 0.2369 0.0055 
         H33  4 0.0068 0.0766 0.5960 0.3207 
         H34  4 0.0026 0.0780 0.0034 0.9159 
         H35  4 0.0036 0.1542 0.0046 0.8377 
         H36  4 0.0058 0.1775 0.0235 0.7932 
         H37  4 0.0090 0.0979 0.0083 0.8848 
         H38  4 0.0033 0.1541 0.0064 0.8362 
         H39  5 0.0044 0.1208 0.8636 0.0113 
         H40  5 0.0029 0.0965 0.6604 0.2402 
         H41  5 0.0096 0.0843 0.8994 0.0067 
         H42  5 0.0025 0.0057 0.9889 0.0029 
         H43  5 0.0031 0.0052 0.9883 0.0033 
         H44  5 0.2033 0.7677 0.0062 0.0227 
         H45  5 0.0184 0.9667 0.0103 0.0046 
         H46  5 0.9872 0.0048 0.0037 0.0043 
         H47  5 0.9868 0.0044 0.0033 0.0055 
