         H01  1 0.9906 0.0032 0.0062 
         H02  1 0.9924 0.0036 0.0040 
         H03  1 0.9931 0.0032 0.0038 
         H04  1 0.9933 0.0033 0.0034 
         H05  1 0.9929 0.0036 0.0034 
         H06  1 0.7885 0.0047 0.2068 
         H07  1 0.9914 0.0040 0.0046 
         H08  1 0.9852 0.0080 0.0067 
         H09  1 0.8175 0.0207 0.1619 
         H10  1 0.9890 0.0062 0.0048 
         H11  1 0.9919 0.0036 0.0044 
         H12  1 0.9937 0.0027 0.0036 
         H13  1 0.9790 0.0133 0.0077 
         H14  2 0.0074 0.0050 0.9876 
         H15  2 0.2984 0.0099 0.6917 
         H16  2 0.3329 0.0064 0.6606 
         H17  2 0.0192 0.8791 0.1017 
         H18  2 0.0056 0.9889 0.0056 
         H19  2 0.0067 0.9880 0.0054 
         H20  2 0.1356 0.8025 0.0619 
         H21  2 0.0213 0.0074 0.9713 
         H22  2 0.0073 0.9879 0.0048 
         H23  2 0.0080 0.9849 0.0071 
         H24  2 0.0062 0.0063 0.9874 
         H25  2 0.0043 0.9690 0.0267 
         H26  2 0.0052 0.9900 0.0048 
         H27  2 0.0036 0.9901 0.0063 
         H28  2 0.0084 0.9837 0.0079 
         H29  2 0.0033 0.9915 0.0052 
         H30  2 0.0321 0.9337 0.0342 
         H31  3 0.0712 0.0051 0.9237 
         H32  3 0.1142 0.0088 0.8770 
         H33  4 0.0062 0.1487 0.8451 
         H34  4 0.0038 0.8934 0.1027 
         H35  4 0.0054 0.0584 0.9362 
         H36  4 0.0091 0.5735 0.4175 
         H37  4 0.0121 0.8271 0.1608 
         H38  4 0.0058 0.0575 0.9368 
         H39  5 0.0049 0.0109 0.9841 
         H40  5 0.0048 0.0664 0.9289 
         H41  5 0.0121 0.0078 0.9800 
         H42  5 0.0048 0.0044 0.9908 
         H43  5 0.0047 0.0039 0.9914 
         H44  5 0.3488 0.0107 0.6405 
         H45  5 0.0262 0.0058 0.9680 
         H46  5 0.9869 0.0079 0.0052 
         H47  5 0.9872 0.0074 0.0054 
