         H01  1 0.0022 0.0022 0.0047 0.0094 0.9814 
         H02  1 0.0024 0.0026 0.0023 0.0033 0.9894 
         H03  1 0.0023 0.0022 0.0024 0.0026 0.9906 
         H04  1 0.0028 0.0022 0.0022 0.0025 0.9903 
         H05  1 0.0022 0.0027 0.0027 0.0026 0.9898 
         H06  1 0.0055 0.0032 0.0118 0.1803 0.7992 
         H07  1 0.0025 0.0030 0.0032 0.0042 0.9870 
         H08  1 0.0026 0.0061 0.0031 0.0048 0.9834 
         H09  1 0.0539 0.0074 0.0189 0.1351 0.7847 
         H10  1 0.0032 0.0047 0.0023 0.0033 0.9866 
         H11  1 0.0022 0.0021 0.0025 0.0030 0.9903 
         H12  1 0.0021 0.0020 0.0023 0.0027 0.9909 
         H13  1 0.0027 0.0088 0.0035 0.0059 0.9791 
         H14  2 0.0035 0.0032 0.0030 0.9864 0.0039 
         H15  2 0.0094 0.0076 0.0954 0.7280 0.1595 
         H16  2 0.0042 0.0049 0.0860 0.7087 0.1961 
         H17  2 0.0121 0.9083 0.0097 0.0521 0.0179 
         H18  2 0.0034 0.9865 0.0024 0.0034 0.0042 
         H19  2 0.0031 0.9857 0.0021 0.0030 0.0061 
         H20  2 0.3277 0.5891 0.0064 0.0248 0.0521 
         H21  2 0.6639 0.0043 0.0037 0.2973 0.0308 
         H22  2 0.0035 0.9849 0.0026 0.0036 0.0054 
         H23  2 0.0037 0.9842 0.0030 0.0037 0.0053 
         H24  2 0.6813 0.0033 0.0083 0.3026 0.0045 
         H25  2 0.0121 0.9400 0.0305 0.0146 0.0028 
         H26  2 0.0033 0.9868 0.0027 0.0032 0.0040 
         H27  2 0.0087 0.9816 0.0025 0.0044 0.0028 
         H28  2 0.0104 0.9723 0.0035 0.0077 0.0061 
         H29  2 0.0138 0.9757 0.0034 0.0049 0.0023 
         H30  2 0.0192 0.9215 0.0112 0.0255 0.0226 
         H31  3 0.0140 0.0036 0.0522 0.8884 0.0417 
         H32  3 0.0085 0.0052 0.0353 0.8821 0.0688 
         H33  4 0.4512 0.0611 0.0571 0.4265 0.0041 
         H34  4 0.9565 0.0294 0.0039 0.0078 0.0024 
         H35  4 0.9628 0.0031 0.0137 0.0178 0.0026 
         H36  4 0.9145 0.0256 0.0093 0.0412 0.0094 
         H37  4 0.9736 0.0092 0.0030 0.0043 0.0099 
         H38  4 0.9586 0.0032 0.0237 0.0119 0.0027 
         H39  5 0.0095 0.0095 0.1804 0.7974 0.0032 
         H40  5 0.5326 0.0251 0.3220 0.1162 0.0040 
         H41  5 0.0355 0.0068 0.1795 0.7672 0.0109 
         H42  5 0.0023 0.0022 0.9814 0.0121 0.0021 
         H43  5 0.0024 0.0021 0.9784 0.0144 0.0027 
         H44  5 0.0273 0.0049 0.0173 0.6738 0.2767 
         H45  5 0.0049 0.0036 0.0201 0.9582 0.0131 
         H46  5 0.0049 0.0042 0.0031 0.0035 0.9843 
         H47  5 0.0043 0.0048 0.0037 0.0035 0.9837 
