         H01  1 0.0026 0.0055 0.9896 0.0023 
         H02  1 0.0024 0.0032 0.9917 0.0028 
         H03  1 0.0024 0.0029 0.9926 0.0021 
         H04  1 0.0028 0.0029 0.9915 0.0028 
         H05  1 0.0029 0.0031 0.9913 0.0027 
         H06  1 0.0079 0.1624 0.8240 0.0057 
         H07  1 0.0023 0.0046 0.9896 0.0035 
         H08  1 0.0030 0.0049 0.9838 0.0083 
         H09  1 0.0423 0.1261 0.8232 0.0084 
         H10  1 0.0031 0.0037 0.9881 0.0051 
         H11  1 0.0025 0.0036 0.9908 0.0031 
         H12  1 0.0026 0.0027 0.9924 0.0023 
         H13  1 0.0032 0.0044 0.9831 0.0093 
         H14  2 0.0211 0.9689 0.0064 0.0036 
         H15  2 0.0032 0.6673 0.3200 0.0095 
         H16  2 0.0034 0.6123 0.3769 0.0074 
         H17  2 0.0102 0.0583 0.0146 0.9168 
         H18  2 0.0042 0.0034 0.0043 0.9881 
         H19  2 0.0039 0.0033 0.0054 0.9874 
         H20  2 0.2460 0.0350 0.0803 0.6388 
         H21  2 0.0099 0.9673 0.0187 0.0041 
         H22  2 0.0029 0.0041 0.0058 0.9872 
         H23  2 0.0029 0.0060 0.0065 0.9846 
         H24  2 0.0036 0.9865 0.0062 0.0038 
         H25  2 0.0109 0.0120 0.0031 0.9740 
         H26  2 0.0041 0.0035 0.0043 0.9881 
         H27  2 0.0083 0.0039 0.0027 0.9851 
         H28  2 0.0145 0.0073 0.0075 0.9706 
         H29  2 0.0168 0.0044 0.0025 0.9763 
         H30  2 0.0170 0.0310 0.0268 0.9251 
         H31  3 0.0540 0.8649 0.0772 0.0039 
         H32  3 0.0071 0.8815 0.1068 0.0047 
         H33  4 0.0644 0.8343 0.0050 0.0962 
         H34  4 0.9776 0.0052 0.0030 0.0141 
         H35  4 0.9915 0.0031 0.0026 0.0028 
         H36  4 0.8254 0.1339 0.0175 0.0231 
         H37  4 0.9819 0.0031 0.0108 0.0041 
         H38  4 0.9910 0.0035 0.0028 0.0028 
         H39  5 0.0059 0.9816 0.0046 0.0079 
         H40  5 0.0928 0.8833 0.0033 0.0206 
         H41  5 0.0048 0.9807 0.0092 0.0054 
         H42  5 0.0042 0.9890 0.0038 0.0030 
         H43  5 0.0046 0.9881 0.0038 0.0035 
         H44  5 0.1173 0.4265 0.4489 0.0074 
         H45  5 0.0066 0.9324 0.0562 0.0049 
         H46  5 0.0052 0.0044 0.9860 0.0044 
         H47  5 0.0064 0.0045 0.9835 0.0056 
