         H01  1 0.9894 0.0079 0.0028 
         H02  1 0.9922 0.0046 0.0032 
         H03  1 0.9934 0.0037 0.0028 
         H04  1 0.9938 0.0029 0.0033 
         H05  1 0.9928 0.0040 0.0033 
         H06  1 0.8072 0.1879 0.0049 
         H07  1 0.9896 0.0061 0.0043 
         H08  1 0.9852 0.0064 0.0084 
         H09  1 0.8122 0.1578 0.0300 
         H10  1 0.9892 0.0050 0.0058 
         H11  1 0.9926 0.0042 0.0032 
         H12  1 0.9941 0.0032 0.0027 
         H13  1 0.9811 0.0079 0.0110 
         H14  2 0.0079 0.9864 0.0057 
         H15  2 0.3054 0.6857 0.0089 
         H16  2 0.3446 0.6488 0.0066 
         H17  2 0.0176 0.1065 0.8758 
         H18  2 0.0076 0.0048 0.9876 
         H19  2 0.0088 0.0050 0.9862 
         H20  2 0.1026 0.0455 0.8519 
         H21  2 0.0257 0.9660 0.0083 
         H22  2 0.0082 0.0055 0.9863 
         H23  2 0.0078 0.0073 0.9848 
         H24  2 0.0081 0.9862 0.0057 
         H25  2 0.0042 0.0289 0.9669 
         H26  2 0.0050 0.0050 0.9900 
         H27  2 0.0034 0.0049 0.9916 
         H28  2 0.0064 0.0072 0.9864 
         H29  2 0.0029 0.0045 0.9926 
         H30  2 0.0373 0.0266 0.9360 
         H31  3 0.1011 0.8930 0.0059 
         H32  3 0.1275 0.8650 0.0076 
         H33  4 0.0066 0.7921 0.2013 
         H34  4 0.0034 0.0143 0.9823 
         H35  4 0.0055 0.5031 0.4914 
         H36  4 0.0074 0.2971 0.6954 
         H37  4 0.0154 0.0430 0.9417 
         H38  4 0.0049 0.4993 0.4959 
         H39  5 0.0053 0.9828 0.0119 
         H40  5 0.0036 0.8834 0.1130 
         H41  5 0.0105 0.9815 0.0080 
         H42  5 0.0043 0.9908 0.0049 
         H43  5 0.0042 0.9913 0.0045 
         H44  5 0.3784 0.5959 0.0257 
         H45  5 0.0358 0.9581 0.0061 
         H46  5 0.9880 0.0048 0.0072 
         H47  5 0.9876 0.0054 0.0070 
