         H01  1 0.0021 0.0080 0.0025 0.0020 0.9853 
         H02  1 0.0025 0.0035 0.0025 0.0021 0.9894 
         H03  1 0.0020 0.0023 0.0022 0.0021 0.9914 
         H04  1 0.0025 0.0024 0.0024 0.0024 0.9903 
         H05  1 0.0027 0.0026 0.0020 0.0022 0.9905 
         H06  1 0.0042 0.1604 0.0070 0.0064 0.8219 
         H07  1 0.0034 0.0029 0.0041 0.0021 0.9875 
         H08  1 0.0082 0.0046 0.0066 0.0023 0.9783 
         H09  1 0.0082 0.0999 0.0404 0.0374 0.8140 
         H10  1 0.0052 0.0036 0.0027 0.0024 0.9862 
         H11  1 0.0022 0.0030 0.0032 0.0020 0.9896 
         H12  1 0.0018 0.0027 0.0023 0.0024 0.9909 
         H13  1 0.0100 0.0065 0.0032 0.0027 0.9775 
         H14  2 0.0024 0.9731 0.0030 0.0176 0.0039 
         H15  2 0.0063 0.8369 0.0085 0.0028 0.1456 
         H16  2 0.0043 0.7772 0.0071 0.0031 0.2083 
         H17  2 0.8991 0.0591 0.0153 0.0112 0.0153 
         H18  2 0.9860 0.0029 0.0032 0.0041 0.0038 
         H19  2 0.9867 0.0035 0.0033 0.0026 0.0039 
         H20  2 0.6002 0.0771 0.0304 0.2158 0.0764 
         H21  2 0.0023 0.0047 0.9783 0.0067 0.0078 
         H22  2 0.9638 0.0036 0.0254 0.0025 0.0047 
         H23  2 0.9599 0.0052 0.0263 0.0030 0.0055 
         H24  2 0.0017 0.0060 0.9801 0.0091 0.0032 
         H25  2 0.9652 0.0151 0.0064 0.0101 0.0033 
         H26  2 0.9868 0.0032 0.0032 0.0036 0.0032 
         H27  2 0.9812 0.0030 0.0037 0.0093 0.0028 
         H28  2 0.9733 0.0062 0.0041 0.0107 0.0057 
         H29  2 0.9757 0.0038 0.0021 0.0162 0.0023 
         H30  2 0.9279 0.0256 0.0153 0.0130 0.0181 
         H31  3 0.0044 0.9112 0.0222 0.0150 0.0471 
         H32  3 0.0044 0.7960 0.0967 0.0082 0.0947 
         H33  4 0.1814 0.5611 0.1721 0.0812 0.0041 
         H34  4 0.0334 0.0063 0.0029 0.9549 0.0025 
         H35  4 0.0036 0.0028 0.0030 0.9878 0.0028 
         H36  4 0.0580 0.1708 0.0090 0.7521 0.0101 
         H37  4 0.0224 0.0034 0.0030 0.9629 0.0082 
         H38  4 0.0026 0.0034 0.0021 0.9892 0.0027 
         H39  5 0.0095 0.8486 0.1327 0.0044 0.0048 
         H40  5 0.0273 0.7774 0.0882 0.1046 0.0025 
         H41  5 0.0084 0.6767 0.2975 0.0065 0.0110 
         H42  5 0.0031 0.9875 0.0031 0.0033 0.0030 
         H43  5 0.0032 0.9860 0.0035 0.0041 0.0031 
         H44  5 0.0059 0.6039 0.0069 0.0694 0.3140 
         H45  5 0.0046 0.9445 0.0047 0.0246 0.0216 
         H46  5 0.0046 0.0036 0.0020 0.0062 0.9836 
         H47  5 0.0051 0.0031 0.0023 0.0044 0.9851 
