         H01  1 0.0025 0.0047 0.0020 0.0069 0.0035 0.9805 
         H02  1 0.0021 0.0023 0.0022 0.0028 0.0027 0.9879 
         H03  1 0.0020 0.0021 0.0018 0.0024 0.0021 0.9896 
         H04  1 0.0026 0.0022 0.0028 0.0023 0.0024 0.9877 
         H05  1 0.0022 0.0026 0.0026 0.0026 0.0022 0.9878 
         H06  1 0.0049 0.0253 0.0024 0.1845 0.0051 0.7778 
         H07  1 0.0026 0.0030 0.0023 0.0041 0.0037 0.9844 
         H08  1 0.0071 0.0031 0.0048 0.0042 0.0046 0.9761 
         H09  1 0.0060 0.0258 0.0395 0.1058 0.0252 0.7977 
         H10  1 0.0048 0.0033 0.0037 0.0031 0.0026 0.9825 
         H11  1 0.0022 0.0030 0.0022 0.0031 0.0028 0.9866 
         H12  1 0.0021 0.0029 0.0022 0.0028 0.0024 0.9876 
         H13  1 0.0060 0.0036 0.0047 0.0058 0.0035 0.9764 
         H14  2 0.0034 0.1061 0.0031 0.8789 0.0047 0.0038 
         H15  2 0.0053 0.0504 0.0070 0.7539 0.0344 0.1489 
         H16  2 0.0033 0.0367 0.0038 0.7243 0.0335 0.1985 
         H17  2 0.9544 0.0065 0.0049 0.0220 0.0064 0.0058 
         H18  2 0.1160 0.0035 0.8679 0.0046 0.0027 0.0054 
         H19  2 0.0790 0.0038 0.8991 0.0046 0.0076 0.0059 
         H20  2 0.9111 0.0126 0.0181 0.0136 0.0228 0.0217 
         H21  2 0.0030 0.0123 0.0026 0.0394 0.9356 0.0071 
         H22  2 0.9850 0.0023 0.0028 0.0032 0.0035 0.0031 
         H23  2 0.9727 0.0031 0.0088 0.0052 0.0064 0.0039 
         H24  2 0.0021 0.0139 0.0021 0.0287 0.9506 0.0026 
         H25  2 0.9465 0.0186 0.0173 0.0088 0.0060 0.0028 
         H26  2 0.0057 0.0028 0.9811 0.0039 0.0038 0.0026 
         H27  2 0.0087 0.0032 0.9742 0.0044 0.0073 0.0022 
         H28  2 0.9657 0.0036 0.0180 0.0050 0.0028 0.0048 
         H29  2 0.9578 0.0036 0.0297 0.0042 0.0025 0.0021 
         H30  2 0.2224 0.0193 0.6685 0.0567 0.0154 0.0177 
         H31  3 0.0036 0.1025 0.0059 0.8227 0.0281 0.0373 
         H32  3 0.0064 0.0786 0.0058 0.7639 0.0735 0.0719 
         H33  4 0.0067 0.0985 0.3187 0.4654 0.1071 0.0035 
         H34  4 0.0033 0.0028 0.9839 0.0044 0.0028 0.0027 
         H35  4 0.0049 0.0036 0.9754 0.0088 0.0040 0.0033 
         H36  4 0.1451 0.0532 0.4140 0.3745 0.0075 0.0057 
         H37  4 0.0033 0.0035 0.9747 0.0045 0.0033 0.0107 
         H38  4 0.0031 0.0035 0.9789 0.0068 0.0040 0.0037 
         H39  5 0.0117 0.1157 0.0068 0.7731 0.0888 0.0039 
         H40  5 0.0568 0.3377 0.0733 0.4471 0.0818 0.0033 
         H41  5 0.0062 0.2904 0.0064 0.5558 0.1343 0.0069 
         H42  5 0.0032 0.9261 0.0025 0.0460 0.0197 0.0025 
         H43  5 0.0029 0.9267 0.0027 0.0547 0.0102 0.0028 
         H44  5 0.0061 0.0474 0.0290 0.6375 0.0024 0.2775 
         H45  5 0.0028 0.0848 0.0045 0.8876 0.0058 0.0146 
         H46  5 0.0040 0.0036 0.0060 0.0036 0.0026 0.9803 
         H47  5 0.0028 0.0036 0.0058 0.0037 0.0024 0.9817 
