         H01  1 0.0037 0.9865 0.0022 0.0076 
         H02  1 0.0030 0.9911 0.0031 0.0028 
         H03  1 0.0028 0.9912 0.0026 0.0034 
         H04  1 0.0031 0.9907 0.0030 0.0032 
         H05  1 0.0029 0.9911 0.0027 0.0034 
         H06  1 0.0096 0.7851 0.0043 0.2010 
         H07  1 0.0036 0.9888 0.0038 0.0039 
         H08  1 0.0076 0.9824 0.0049 0.0051 
         H09  1 0.0207 0.8245 0.0542 0.1005 
         H10  1 0.0054 0.9863 0.0041 0.0041 
         H11  1 0.0032 0.9907 0.0028 0.0032 
         H12  1 0.0030 0.9910 0.0027 0.0033 
         H13  1 0.0073 0.9767 0.0088 0.0072 
         H14  2 0.0099 0.0057 0.0127 0.9717 
         H15  2 0.0415 0.2430 0.0098 0.7057 
         H16  2 0.0404 0.3085 0.0121 0.6390 
         H17  2 0.9191 0.0071 0.0149 0.0589 
         H18  2 0.0855 0.0054 0.9003 0.0088 
         H19  2 0.0577 0.0073 0.9280 0.0069 
         H20  2 0.8535 0.0466 0.0178 0.0821 
         H21  2 0.0206 0.0254 0.1923 0.7616 
         H22  2 0.9479 0.0049 0.0201 0.0272 
         H23  2 0.9302 0.0047 0.0185 0.0466 
         H24  2 0.0167 0.0061 0.1981 0.7791 
         H25  2 0.9090 0.0031 0.0254 0.0625 
         H26  2 0.0080 0.0044 0.9836 0.0040 
         H27  2 0.0106 0.0028 0.9784 0.0082 
         H28  2 0.9232 0.0050 0.0173 0.0546 
         H29  2 0.8831 0.0027 0.0350 0.0792 
         H30  2 0.2737 0.0191 0.6357 0.0714 
         H31  3 0.0569 0.0655 0.0084 0.8691 
         H32  3 0.0537 0.1189 0.0073 0.8201 
         H33  4 0.0262 0.0039 0.4774 0.4926 
         H34  4 0.0075 0.0037 0.9759 0.0128 
         H35  4 0.0157 0.0044 0.5231 0.4568 
         H36  4 0.2473 0.0078 0.3207 0.4243 
         H37  4 0.0113 0.0124 0.9573 0.0189 
         H38  4 0.0255 0.0040 0.5246 0.4459 
         H39  5 0.1172 0.0044 0.0095 0.8689 
         H40  5 0.1625 0.0045 0.0751 0.7579 
         H41  5 0.0589 0.0154 0.0135 0.9121 
         H42  5 0.1642 0.0039 0.0085 0.8235 
         H43  5 0.1817 0.0039 0.0084 0.8061 
         H44  5 0.0324 0.3459 0.0280 0.5937 
         H45  5 0.0435 0.0249 0.0144 0.9172 
         H46  5 0.0048 0.9839 0.0065 0.0048 
         H47  5 0.0048 0.9837 0.0078 0.0038 
