         H01  1 0.0029 0.0026 0.9879 0.0066 
         H02  1 0.0022 0.0029 0.9922 0.0026 
         H03  1 0.0028 0.0024 0.9921 0.0027 
         H04  1 0.0028 0.0026 0.9918 0.0028 
         H05  1 0.0030 0.0029 0.9911 0.0030 
         H06  1 0.0114 0.0037 0.8287 0.1562 
         H07  1 0.0025 0.0033 0.9908 0.0035 
         H08  1 0.0030 0.0068 0.9854 0.0049 
         H09  1 0.0473 0.0095 0.8159 0.1273 
         H10  1 0.0034 0.0054 0.9880 0.0032 
         H11  1 0.0021 0.0029 0.9913 0.0036 
         H12  1 0.0027 0.0025 0.9921 0.0027 
         H13  1 0.0031 0.0118 0.9793 0.0058 
         H14  2 0.0178 0.0032 0.0060 0.9729 
         H15  2 0.0033 0.0111 0.2363 0.7493 
         H16  2 0.0031 0.0047 0.2810 0.7112 
         H17  2 0.0109 0.9109 0.0145 0.0638 
         H18  2 0.0041 0.9883 0.0041 0.0035 
         H19  2 0.0031 0.9896 0.0039 0.0033 
         H20  2 0.2618 0.6191 0.0816 0.0376 
         H21  2 0.0084 0.0051 0.0188 0.9677 
         H22  2 0.0028 0.9873 0.0054 0.0045 
         H23  2 0.0034 0.9872 0.0052 0.0043 
         H24  2 0.0037 0.0045 0.0059 0.9859 
         H25  2 0.0134 0.9679 0.0043 0.0143 
         H26  2 0.0037 0.9884 0.0041 0.0038 
         H27  2 0.0104 0.9829 0.0028 0.0038 
         H28  2 0.0167 0.9696 0.0066 0.0070 
         H29  2 0.0154 0.9783 0.0024 0.0039 
         H30  2 0.0220 0.9253 0.0283 0.0244 
         H31  3 0.0151 0.0037 0.0625 0.9187 
         H32  3 0.0066 0.0052 0.0904 0.8977 
         H33  4 0.0825 0.0746 0.0042 0.8388 
         H34  4 0.9760 0.0151 0.0028 0.0061 
         H35  4 0.9905 0.0030 0.0030 0.0036 
         H36  4 0.7983 0.0324 0.0136 0.1558 
         H37  4 0.9847 0.0041 0.0069 0.0043 
         H38  4 0.9907 0.0029 0.0034 0.0031 
         H39  5 0.0064 0.0097 0.0049 0.9790 
         H40  5 0.0785 0.0160 0.0035 0.9020 
         H41  5 0.0116 0.0056 0.0080 0.9749 
         H42  5 0.0051 0.0033 0.0034 0.9882 
         H43  5 0.0050 0.0028 0.0033 0.9889 
         H44  5 0.1333 0.0056 0.4249 0.4362 
         H45  5 0.0211 0.0036 0.0250 0.9502 
         H46  5 0.0068 0.0050 0.9842 0.0040 
         H47  5 0.0050 0.0046 0.9867 0.0037 
