         H01  1 0.0045 0.0068 0.0020 0.0068 0.0023 0.9776 
         H02  1 0.0069 0.0038 0.0033 0.0037 0.0032 0.9791 
         H03  1 0.0025 0.0028 0.0031 0.0028 0.0026 0.9862 
         H04  1 0.0043 0.0027 0.0024 0.0042 0.0043 0.9822 
         H05  1 0.0029 0.0050 0.0028 0.0043 0.0034 0.9816 
         H06  1 0.0217 0.0085 0.0022 0.1889 0.0069 0.7718 
         H07  1 0.0049 0.0035 0.0028 0.0040 0.0034 0.9813 
         H08  1 0.0060 0.0032 0.0047 0.0086 0.0091 0.9684 
         H09  1 0.0486 0.0099 0.0407 0.0991 0.0066 0.7951 
         H10  1 0.0026 0.0052 0.0037 0.0048 0.0058 0.9779 
         H11  1 0.0032 0.0048 0.0029 0.0080 0.0039 0.9773 
         H12  1 0.0036 0.0024 0.0027 0.0032 0.0040 0.9842 
         H13  1 0.0048 0.0045 0.0061 0.0064 0.0072 0.9710 
         H14  2 0.1385 0.0037 0.0042 0.8444 0.0034 0.0057 
         H15  2 0.1547 0.0070 0.0068 0.6686 0.0068 0.1562 
         H16  2 0.1175 0.0087 0.0052 0.6360 0.0050 0.2277 
         H17  2 0.0127 0.0050 0.0052 0.0310 0.9386 0.0075 
         H18  2 0.0040 0.0026 0.8946 0.0060 0.0883 0.0046 
         H19  2 0.0058 0.0021 0.9266 0.0060 0.0527 0.0066 
         H20  2 0.0165 0.0075 0.0149 0.0139 0.9129 0.0343 
         H21  2 0.8545 0.0173 0.0091 0.1082 0.0035 0.0075 
         H22  2 0.0062 0.0025 0.0041 0.0036 0.9800 0.0037 
         H23  2 0.0057 0.0035 0.0068 0.0060 0.9729 0.0051 
         H24  2 0.8779 0.0245 0.0083 0.0831 0.0029 0.0032 
         H25  2 0.0100 0.0193 0.0151 0.0218 0.9307 0.0031 
         H26  2 0.0040 0.0023 0.9800 0.0055 0.0050 0.0030 
         H27  2 0.0076 0.0025 0.9723 0.0069 0.0083 0.0024 
         H28  2 0.0042 0.0038 0.0105 0.0064 0.9698 0.0052 
         H29  2 0.0054 0.0033 0.0196 0.0053 0.9642 0.0022 
         H30  2 0.0215 0.0041 0.6847 0.0462 0.2269 0.0167 
         H31  3 0.1441 0.0214 0.0076 0.7861 0.0046 0.0362 
         H32  3 0.1842 0.0156 0.0060 0.7252 0.0082 0.0609 
         H33  4 0.1332 0.0189 0.4071 0.4282 0.0081 0.0045 
         H34  4 0.0039 0.0027 0.9804 0.0063 0.0039 0.0028 
         H35  4 0.0042 0.0024 0.9785 0.0055 0.0054 0.0040 
         H36  4 0.0584 0.0392 0.3705 0.3158 0.2108 0.0053 
         H37  4 0.0036 0.0024 0.9765 0.0058 0.0035 0.0082 
         H38  4 0.0033 0.0035 0.9781 0.0072 0.0043 0.0037 
         H39  5 0.1436 0.0233 0.0047 0.8055 0.0123 0.0106 
         H40  5 0.0950 0.4130 0.0495 0.4011 0.0377 0.0038 
         H41  5 0.3089 0.1184 0.0066 0.5523 0.0041 0.0096 
         H42  5 0.0028 0.9842 0.0025 0.0050 0.0030 0.0026 
         H43  5 0.0030 0.9847 0.0026 0.0044 0.0026 0.0027 
         H44  5 0.1157 0.0074 0.0116 0.6170 0.0072 0.2411 
         H45  5 0.1180 0.0058 0.0043 0.8491 0.0031 0.0196 
         H46  5 0.0041 0.0053 0.0062 0.0049 0.0063 0.9732 
         H47  5 0.0042 0.0067 0.0074 0.0036 0.0049 0.9731 
