         H01  1 0.0038 0.0026 0.0212 0.0024 0.0056 0.0028 0.9616 
         H02  1 0.0020 0.0020 0.0039 0.0026 0.0028 0.0019 0.9848 
         H03  1 0.0027 0.0021 0.0034 0.0017 0.0026 0.0021 0.9854 
         H04  1 0.0023 0.0024 0.0027 0.0025 0.0024 0.0022 0.9855 
         H05  1 0.0020 0.0025 0.0027 0.0025 0.0020 0.0022 0.9860 
         H06  1 0.0031 0.0142 0.0323 0.0023 0.1819 0.0048 0.7614 
         H07  1 0.0029 0.0023 0.0047 0.0034 0.0031 0.0030 0.9805 
         H08  1 0.0033 0.0027 0.0104 0.0082 0.0039 0.0071 0.9644 
         H09  1 0.0450 0.0337 0.0712 0.0081 0.0602 0.0062 0.7756 
         H10  1 0.0030 0.0029 0.0056 0.0036 0.0037 0.0054 0.9759 
         H11  1 0.0029 0.0022 0.0029 0.0026 0.0031 0.0022 0.9841 
         H12  1 0.0023 0.0018 0.0026 0.0017 0.0023 0.0022 0.9871 
         H13  1 0.0030 0.0033 0.0100 0.0097 0.0063 0.0071 0.9606 
         H14  2 0.0036 0.0232 0.0727 0.0025 0.8906 0.0030 0.0044 
         H15  2 0.0059 0.0184 0.7901 0.0165 0.0754 0.0040 0.0896 
         H16  2 0.0122 0.0073 0.7650 0.0097 0.0785 0.0023 0.1251 
         H17  2 0.0066 0.0059 0.0108 0.0091 0.0169 0.9463 0.0044 
         H18  2 0.0021 0.0025 0.0040 0.9807 0.0027 0.0054 0.0026 
         H19  2 0.0021 0.0023 0.0028 0.9820 0.0023 0.0049 0.0035 
         H20  2 0.0085 0.0480 0.0136 0.0023 0.0154 0.8826 0.0295 
         H21  2 0.8791 0.0137 0.0121 0.0029 0.0666 0.0046 0.0211 
         H22  2 0.0022 0.0023 0.0028 0.0049 0.0025 0.9831 0.0023 
         H23  2 0.0042 0.0044 0.0041 0.0081 0.0053 0.9700 0.0038 
         H24  2 0.9139 0.0032 0.0058 0.0030 0.0650 0.0034 0.0056 
         H25  2 0.0166 0.0064 0.0040 0.0180 0.0155 0.9370 0.0024 
         H26  2 0.0021 0.0029 0.0027 0.9836 0.0025 0.0037 0.0024 
         H27  2 0.0042 0.0058 0.0034 0.9751 0.0040 0.0057 0.0019 
         H28  2 0.0029 0.0059 0.0068 0.0068 0.0058 0.9683 0.0035 
         H29  2 0.0032 0.0062 0.0028 0.0133 0.0052 0.9672 0.0022 
         H30  2 0.0082 0.0134 0.0369 0.5470 0.0725 0.3084 0.0136 
         H31  3 0.0056 0.0611 0.5890 0.0030 0.3180 0.0037 0.0197 
         H32  3 0.0718 0.0461 0.4259 0.0046 0.3647 0.0056 0.0813 
         H33  4 0.4654 0.0440 0.0210 0.3758 0.0808 0.0095 0.0034 
         H34  4 0.0028 0.8262 0.0114 0.1487 0.0050 0.0032 0.0027 
         H35  4 0.0030 0.9088 0.0569 0.0047 0.0210 0.0033 0.0024 
         H36  4 0.0120 0.6174 0.0819 0.0214 0.1620 0.0952 0.0101 
         H37  4 0.0029 0.8557 0.0081 0.1180 0.0058 0.0026 0.0070 
         H38  4 0.0026 0.9162 0.0559 0.0039 0.0155 0.0031 0.0028 
         H39  5 0.6835 0.0206 0.0376 0.0071 0.2312 0.0167 0.0034 
         H40  5 0.4275 0.1600 0.1081 0.0102 0.2557 0.0358 0.0027 
         H41  5 0.8791 0.0048 0.0106 0.0065 0.0821 0.0061 0.0109 
         H42  5 0.9317 0.0038 0.0365 0.0023 0.0203 0.0031 0.0024 
         H43  5 0.9378 0.0044 0.0322 0.0023 0.0180 0.0026 0.0027 
         H44  5 0.0133 0.1118 0.0804 0.0039 0.5145 0.0064 0.2697 
         H45  5 0.0175 0.0443 0.0951 0.0046 0.8171 0.0031 0.0184 
         H46  5 0.0036 0.0040 0.0043 0.0037 0.0035 0.0029 0.9780 
         H47  5 0.0033 0.0033 0.0041 0.0048 0.0031 0.0035 0.9779 
