         H01  1 0.0042 0.9735 0.0047 0.0032 0.0035 0.0109 
         H02  1 0.0036 0.9822 0.0036 0.0030 0.0038 0.0038 
         H03  1 0.0035 0.9839 0.0032 0.0028 0.0035 0.0032 
         H04  1 0.0034 0.9822 0.0035 0.0034 0.0036 0.0039 
         H05  1 0.0030 0.9827 0.0038 0.0030 0.0039 0.0036 
         H06  1 0.0241 0.8226 0.0231 0.0039 0.0195 0.1069 
         H07  1 0.0035 0.9794 0.0039 0.0049 0.0034 0.0049 
         H08  1 0.0042 0.9681 0.0054 0.0090 0.0074 0.0059 
         H09  1 0.0401 0.7934 0.0287 0.0141 0.0108 0.1129 
         H10  1 0.0043 0.9763 0.0039 0.0052 0.0053 0.0050 
         H11  1 0.0029 0.9823 0.0033 0.0034 0.0036 0.0045 
         H12  1 0.0032 0.9836 0.0029 0.0030 0.0035 0.0038 
         H13  1 0.0043 0.9667 0.0045 0.0098 0.0083 0.0064 
         H14  2 0.0563 0.0061 0.0963 0.0095 0.0282 0.8036 
         H15  2 0.0884 0.2745 0.0499 0.0232 0.0139 0.5501 
         H16  2 0.0805 0.3091 0.0467 0.0140 0.0146 0.5351 
         H17  2 0.0281 0.0063 0.0334 0.0130 0.8928 0.0264 
         H18  2 0.0095 0.0051 0.0090 0.9576 0.0101 0.0087 
         H19  2 0.0154 0.0043 0.0151 0.9461 0.0139 0.0051 
         H20  2 0.0877 0.0246 0.0312 0.0132 0.8197 0.0236 
         H21  2 0.0286 0.0144 0.0641 0.0087 0.0358 0.8484 
         H22  2 0.0230 0.0040 0.0392 0.0198 0.8794 0.0346 
         H23  2 0.0397 0.0056 0.0290 0.0210 0.8777 0.0271 
         H24  2 0.0509 0.0048 0.0688 0.0066 0.0366 0.8322 
         H25  2 0.0337 0.0032 0.0397 0.0158 0.8816 0.0259 
         H26  2 0.0118 0.0033 0.0052 0.9687 0.0056 0.0054 
         H27  2 0.0130 0.0031 0.0110 0.9589 0.0072 0.0068 
         H28  2 0.0234 0.0055 0.0284 0.0229 0.8934 0.0265 
         H29  2 0.0215 0.0037 0.0284 0.0310 0.8885 0.0270 
         H30  2 0.0254 0.0166 0.0193 0.5423 0.3663 0.0300 
         H31  3 0.1171 0.0505 0.0562 0.0051 0.0180 0.7530 
         H32  3 0.0875 0.1000 0.0369 0.0104 0.0430 0.7222 
         H33  4 0.0311 0.0050 0.3275 0.2961 0.0139 0.3263 
         H34  4 0.6808 0.0031 0.0100 0.2739 0.0081 0.0241 
         H35  4 0.8011 0.0030 0.0519 0.0687 0.0195 0.0558 
         H36  4 0.6074 0.0130 0.0614 0.0380 0.1234 0.1568 
         H37  4 0.7097 0.0125 0.0073 0.2285 0.0068 0.0351 
         H38  4 0.7999 0.0032 0.0418 0.0655 0.0114 0.0783 
         H39  5 0.0516 0.0047 0.1409 0.0076 0.0630 0.7323 
         H40  5 0.1513 0.0045 0.5017 0.0181 0.0746 0.2498 
         H41  5 0.0633 0.0130 0.6108 0.0119 0.0231 0.2779 
         H42  5 0.0732 0.0034 0.8764 0.0044 0.0142 0.0284 
         H43  5 0.0815 0.0035 0.8575 0.0063 0.0140 0.0372 
         H44  5 0.1065 0.4498 0.0575 0.0127 0.0455 0.3280 
         H45  5 0.0767 0.0379 0.1104 0.0102 0.0260 0.7387 
         H46  5 0.0067 0.9747 0.0045 0.0067 0.0041 0.0034 
         H47  5 0.0061 0.9732 0.0040 0.0063 0.0054 0.0050 
