         H01  1 0.0029 0.0068 0.9878 0.0025 
         H02  1 0.0032 0.0029 0.9912 0.0027 
         H03  1 0.0025 0.0029 0.9923 0.0022 
         H04  1 0.0027 0.0031 0.9913 0.0028 
         H05  1 0.0032 0.0030 0.9912 0.0026 
         H06  1 0.0115 0.1539 0.8300 0.0046 
         H07  1 0.0040 0.0033 0.9883 0.0044 
         H08  1 0.0062 0.0047 0.9822 0.0070 
         H09  1 0.0558 0.0921 0.8388 0.0133 
         H10  1 0.0033 0.0032 0.9882 0.0053 
         H11  1 0.0044 0.0032 0.9900 0.0025 
         H12  1 0.0031 0.0028 0.9915 0.0026 
         H13  1 0.0046 0.0064 0.9816 0.0074 
         H14  2 0.0411 0.9495 0.0058 0.0037 
         H15  2 0.1836 0.2403 0.5640 0.0122 
         H16  2 0.1753 0.2333 0.5850 0.0064 
         H17  2 0.0138 0.0592 0.0157 0.9113 
         H18  2 0.0032 0.0038 0.0061 0.9868 
         H19  2 0.0046 0.0041 0.0068 0.9845 
         H20  2 0.0513 0.0949 0.0842 0.7696 
         H21  2 0.9759 0.0088 0.0122 0.0030 
         H22  2 0.0050 0.0046 0.0057 0.9848 
         H23  2 0.0081 0.0054 0.0072 0.9793 
         H24  2 0.9873 0.0064 0.0035 0.0028 
         H25  2 0.0073 0.0258 0.0038 0.9631 
         H26  2 0.0036 0.0042 0.0039 0.9882 
         H27  2 0.0048 0.0044 0.0032 0.9876 
         H28  2 0.0057 0.0080 0.0090 0.9772 
         H29  2 0.0027 0.0049 0.0027 0.9896 
         H30  2 0.0181 0.0210 0.0396 0.9213 
         H31  3 0.0739 0.7984 0.1234 0.0043 
         H32  3 0.1463 0.7020 0.1436 0.0081 
         H33  4 0.2429 0.5415 0.0060 0.2096 
         H34  4 0.0278 0.4242 0.0029 0.5451 
         H35  4 0.0352 0.9499 0.0045 0.0105 
         H36  4 0.0252 0.6774 0.0059 0.2916 
         H37  4 0.0332 0.4902 0.0081 0.4684 
         H38  4 0.0214 0.9583 0.0042 0.0161 
         H39  5 0.1130 0.8742 0.0047 0.0081 
         H40  5 0.1027 0.8442 0.0039 0.0491 
         H41  5 0.3240 0.6573 0.0122 0.0065 
         H42  5 0.0040 0.9887 0.0039 0.0034 
         H43  5 0.0037 0.9890 0.0039 0.0034 
         H44  5 0.0404 0.6162 0.3373 0.0061 
         H45  5 0.0096 0.9553 0.0308 0.0043 
         H46  5 0.0030 0.0048 0.9858 0.0064 
         H47  5 0.0039 0.0047 0.9855 0.0059 
