         H01  1 0.0182 0.0060 0.0075 0.0080 0.0060 0.9544 
         H02  1 0.0070 0.0058 0.0062 0.0055 0.0064 0.9692 
         H03  1 0.0063 0.0054 0.0060 0.0058 0.0057 0.9708 
         H04  1 0.0057 0.0057 0.0061 0.0055 0.0057 0.9713 
         H05  1 0.0059 0.0056 0.0059 0.0058 0.0060 0.9708 
         H06  1 0.1584 0.0081 0.0138 0.0229 0.0067 0.7900 
         H07  1 0.0073 0.0060 0.0078 0.0066 0.0076 0.9648 
         H08  1 0.0082 0.0063 0.0081 0.0072 0.0107 0.9594 
         H09  1 0.1060 0.0364 0.0361 0.0310 0.0111 0.7794 
         H10  1 0.0078 0.0067 0.0071 0.0067 0.0086 0.9631 
         H11  1 0.0063 0.0065 0.0073 0.0064 0.0056 0.9679 
         H12  1 0.0060 0.0060 0.0057 0.0058 0.0054 0.9711 
         H13  1 0.0119 0.0064 0.0067 0.0090 0.0113 0.9548 
         H14  2 0.8278 0.0091 0.0177 0.1323 0.0064 0.0067 
         H15  2 0.7888 0.0089 0.0536 0.0171 0.0112 0.1203 
         H16  2 0.7771 0.0097 0.0427 0.0263 0.0093 0.1350 
         H17  2 0.0582 0.0151 0.0197 0.0425 0.8495 0.0149 
         H18  2 0.0073 0.0106 0.0071 0.0071 0.9608 0.0072 
         H19  2 0.0087 0.0090 0.0073 0.0072 0.9605 0.0073 
         H20  2 0.0368 0.2353 0.0288 0.0230 0.6146 0.0616 
         H21  2 0.0345 0.0085 0.9087 0.0276 0.0079 0.0128 
         H22  2 0.0091 0.0086 0.0093 0.0077 0.9579 0.0075 
         H23  2 0.0098 0.0099 0.0114 0.0081 0.9530 0.0077 
         H24  2 0.0323 0.0079 0.9199 0.0256 0.0075 0.0069 
         H25  2 0.0173 0.0187 0.0115 0.0508 0.8956 0.0062 
         H26  2 0.0089 0.0109 0.0075 0.0072 0.9591 0.0065 
         H27  2 0.0081 0.0115 0.0102 0.0092 0.9559 0.0051 
         H28  2 0.0132 0.0172 0.0091 0.0097 0.9414 0.0093 
         H29  2 0.0115 0.0215 0.0078 0.0094 0.9441 0.0058 
         H30  2 0.0264 0.0214 0.0243 0.0198 0.8807 0.0273 
         H31  3 0.8633 0.0283 0.0484 0.0186 0.0079 0.0336 
         H32  3 0.6996 0.0155 0.0723 0.1402 0.0095 0.0628 
         H33  4 0.2442 0.0995 0.1359 0.3708 0.1428 0.0070 
         H34  4 0.0083 0.9451 0.0087 0.0106 0.0216 0.0057 
         H35  4 0.0087 0.9606 0.0091 0.0081 0.0078 0.0056 
         H36  4 0.0743 0.8075 0.0149 0.0540 0.0336 0.0158 
         H37  4 0.0092 0.9513 0.0072 0.0079 0.0152 0.0093 
         H38  4 0.0089 0.9607 0.0088 0.0081 0.0078 0.0057 
         H39  5 0.4973 0.0113 0.0996 0.3704 0.0140 0.0073 
         H40  5 0.1615 0.1929 0.1110 0.4984 0.0297 0.0065 
         H41  5 0.1407 0.0082 0.2962 0.5264 0.0126 0.0159 
         H42  5 0.0116 0.0301 0.0128 0.9318 0.0083 0.0054 
         H43  5 0.0116 0.0314 0.0083 0.9362 0.0071 0.0053 
         H44  5 0.5157 0.0863 0.0275 0.0484 0.0112 0.3109 
         H45  5 0.7258 0.0115 0.0330 0.2015 0.0084 0.0197 
         H46  5 0.0075 0.0098 0.0059 0.0063 0.0081 0.9625 
         H47  5 0.0072 0.0085 0.0061 0.0086 0.0079 0.9617 
