0.202018092833706 0.0870657213133889 0.272663305923129 0.438252879929776
0.279353323025 0.120044120394138 0.224200413370732 0.37640214321013
0.364473472434425 0.190482076783937 0.192067627771021 0.252976823010618
0.232481684158847 0.134092441085925 0.231378523700048 0.40204735105518
0.16881750347358 0.339939113679221 0.308059326140901 0.183184056706298
0.156378783267487 0.217806392136245 0.24375526174063 0.382059562855637
0.358674475130784 0.168415974424137 0.279892286797263 0.193017263647816
0.244078475346173 0.081260220757246 0.224027695081447 0.450633608815134
0.148079553495779 0.176574529400727 0.426149952833735 0.249195964269759
0.404604302449865 0.240094212889083 0.105187143753131 0.250114340907921
0.311181628662575 0.110039423674834 0.227119043954352 0.351659903708238
0.259173446293663 0.288065935103834 0.228480003339376 0.224280615263127
0.340115775338997 0.0807441130531519 0.306187858635776 0.272952252972075
0.217001065365867 0.304126544820423 0.0839174282934 0.39495496152031
0.477165481236983 0.0877717983179717 0.290540181765475 0.144522538679571
0.152867649127542 0.200765361822778 0.206819113590392 0.439547875459288
0.472686576922442 0.14663073535955 0.170603198469283 0.210079489248726
0.175116570657542 0.134690465958833 0.22214092069465 0.468052042688975
0.17866136003721 0.383625907169105 0.202096558010891 0.235616174782795
0.218448725257799 0.263665219023198 0.225101811946399 0.292784243772605
0.134812021503819 0.321816538546486 0.076245700740396 0.467125739209299
0.479993150875148 0.226205227142193 0.166059262948611 0.127742359034048
0.292734069782279 0.205670052299759 0.18651738428642 0.315078493631542
0.231136279310357 0.198502461184206 0.282182365456782 0.288178894048654
0.375031724465834 0.345503758684368 0.11259398432949 0.166870532520308
0.315235914306654 0.268886730274216 0.220070749870449 0.195806605548682
0.383811814990589 0.18089494311444 0.164085864968814 0.271207376926157
0.26802483747575 0.202628857396431 0.194670815113987 0.334675490013831
0.236698382098325 0.159302115223454 0.385802282155908 0.218197220522312
0.280258950672784 0.245346401748421 0.223070936081398 0.251323711497397
0.183974931274236 0.419812264969651 0.294942268265935 0.101270535490178
0.286167757741183 0.269634884559901 0.140138292208335 0.304059065490581
0.274429456923823 0.479496693874459 0.155985393054837 0.0900884561468809
0.235427992812475 0.333091635295717 0.241008126932014 0.190472244959794
0.312152904380821 0.221662580829191 0.174702104859743 0.291482409930246
0.163417441051842 0.205861324204201 0.341925552863947 0.28879568188001
0.171475403025913 0.231175757191846 0.328503118644897 0.268845721137344
0.328032533259347 0.217927957828983 0.25096685556592 0.203072653345751
0.247315605978261 0.253822559215212 0.233783026501011 0.265078808305516
0.162992130878093 0.371129688731129 0.264305244557621 0.201572935833158
0.387503545166752 0.0873345417916444 0.256730969702779 0.268430943338825
0.273678413812102 0.176970024473001 0.334419954900257 0.214931606814641
0.146473099896649 0.187619420410964 0.408457317232318 0.257450162460069
0.415829217912596 0.238646769479969 0.159544687183999 0.185979325423436
0.343290221293066 0.25073032320639 0.283924216515594 0.12205523898495
0.22093077040419 0.0802020765791282 0.286042758574691 0.412824394441991
0.286478200532859 0.282114122153503 0.175657082332829 0.255750594980809
0.205124230472385 0.117714963496815 0.307112459112909 0.370048346917891
0.296418480114383 0.101257808266652 0.213701326121105 0.38862238549786
0.310627615263316 0.185491412310202 0.207036951317414 0.296844021109068
0.262149393478466 0.119829338371021 0.230639225981074 0.387382042169438
0.163607873648031 0.321322930769176 0.310122559022384 0.20494663656041
0.172453220106458 0.182826825868088 0.239390346106125 0.405329607919329
0.364007730955882 0.149714468192691 0.304050182579527 0.1822276182719
0.219896221433151 0.0969179799880627 0.192732338048069 0.490453460530718
0.153898944623222 0.207620289626697 0.396542564980415 0.241938200769666
0.374283718548962 0.273183350967587 0.0989826568528888 0.253550273630563
0.307421992834838 0.0858407117843398 0.210458758812801 0.396278536568021
0.208361487317107 0.29935847838354 0.223285090401208 0.268994943898145
0.341682942504919 0.0993451092235777 0.275993993528636 0.282977954742867
0.2574782616211 0.296374876214936 0.083957817716193 0.362189044447771
0.470672484741766 0.122412843190086 0.274442308968075 0.132472363100073
0.155789841622859 0.21397457332896 0.187160406420809 0.443075178627372
0.478415078964335 0.17743028792499 0.136574670048097 0.207579963062578
0.2451378624972 0.143945041951069 0.193117379819008 0.417799715732724
0.181377780296304 0.319223809076854 0.234092642126126 0.265305768500716
0.203084438028777 0.284329668152452 0.207714582288201 0.304871311530571
0.12957934397076 0.279798363985978 0.0797527910421145 0.510869501001147
0.504812215807092 0.266376620341319 0.129208828453474 0.0996023353981149
0.267375847415502 0.211733794746472 0.19205149050584 0.328838867332185
0.240179705766985 0.216034312799264 0.258116195000429 0.285669786433321
0.334491239946392 0.31894639981781 0.139821013376698 0.2067413468591
0.28884300449205 0.271309000115406 0.209919757209665 0.229928238182878
0.383015039435816 0.190014769204031 0.13458830884237 0.292381882517782
0.26002817192908 0.192535487688966 0.206394709576908 0.341041630805046
0.239035655238763 0.166567332627801 0.37340887306649 0.220988139066945
0.250218961719862 0.25658714975597 0.270693859384095 0.222500029140073
0.196108291328813 0.396908396856007 0.26318021837162 0.14380309344356
0.29661334758695 0.192063045628721 0.216186408477856 0.295137198306473
0.26714874805111 0.545271578566387 0.128753471601342 0.058826201781161
0.223481853595587 0.31547199565481 0.294928521521673 0.166117629227931
0.303163475128133 0.245893549199293 0.134120655336873 0.316822320335701
0.198500129816511 0.186173500543995 0.359389738893922 0.255936630745572
0.174308680467009 0.249919172531696 0.3410687526662 0.234703394335096
0.276165100838506 0.235919146835699 0.290110185960211 0.197805566365585
0.256771005938541 0.244637153190877 0.206711849973477 0.291879990897105
0.181217298121601 0.341692273161574 0.235176987808958 0.241913440907867
0.383514796750447 0.083246426763073 0.237681679129322 0.295557097357158
0.261729218262279 0.154813445443021 0.342060533858928 0.241396802435772
0.133094160916481 0.16448559023779 0.459879832010414 0.242540416835314
0.405250919471927 0.267089819491962 0.125919758570573 0.201739502465539
0.317384243643684 0.241439719524224 0.243752644060156 0.197423392771936
0.173168522099983 0.0780253276120972 0.301523743950744 0.447282406337176
0.251694103797329 0.253207376381393 0.202506696375851 0.292591823445427
0.225289408489144 0.0709917775224092 0.315711162311277 0.388007651677169
0.259670797536685 0.174678215982837 0.14483229056978 0.420818695910698
0.327401554442572 0.184409959587774 0.177701856113699 0.310486629855955
0.256142870157782 0.179542544921826 0.196969943374504 0.367344641545888
0.155900096936708 0.384569414642984 0.256165608077536 0.203364880342772
0.149062082950754 0.176628071095312 0.243230265694188 0.431079580259747
0.338847618165119 0.183544181811307 0.281505484721134 0.19610271530244
0.172306239725872 0.131035561246824 0.193181985755934 0.503476213271371
0.159736171311385 0.150374699490544 0.434489691237182 0.255399437960889
0.39677283718904 0.255040791768691 0.0690284968829592 0.279157874159309
0.308364137633885 0.0918030666895447 0.232832421847323 0.367000373829247
0.133737494627222 0.326831873555814 0.23893673623856 0.300493895578405
0.324860453433281 0.137107458421452 0.279907511552546 0.258124576592721
0.290820085826226 0.256959889532113 0.0737200342257457 0.378499990415915
0.408734890770386 0.119859086492051 0.284102494515621 0.187303528221941
0.200778576922416 0.144148992187911 0.212726586424616 0.442345844465057
0.453405508763407 0.179874997279303 0.159094741054244 0.207624752903046
0.265826583668081 0.122241883242081 0.184070942565298 0.42786059052454
0.167778645349596 0.375592646151696 0.194009179503411 0.262619528995297
0.167677518849991 0.326124733348217 0.197996737587993 0.308201010213799
0.155406775114022 0.227905503781298 0.050804103838886 0.565883617265794
0.499518425538613 0.247902792979724 0.184819188530591 0.067759592951072
0.297981985807388 0.241399802109011 0.165433767908401 0.295184444175199
0.272873420846207 0.170951378342387 0.230099222394591 0.326075978416814
0.367894365113052 0.310208233811295 0.166739889274234 0.155157511801418
0.27519718426553 0.264639060206509 0.234947369026433 0.225216386501528
0.40414660094026 0.14647745415878 0.147159532952804 0.302216411948155
0.288473361526631 0.166071339334249 0.193902362481514 0.351552936657606
0.256657043967494 0.186318681096509 0.337654129877172 0.219370145058825
0.238942606252591 0.242492508224851 0.288908637124745 0.229656248397813
0.23621672997989 0.34453828871584 0.236517811679572 0.182727169624698
0.297563380618355 0.179971354063719 0.203462077916388 0.319003187401539
0.303315351867783 0.523414594227431 0.115233575354616 0.0580364785501695
0.285851600630559 0.31601961200737 0.300703051643962 0.0974257357181088
0.255376014408432 0.314790882893915 0.0897787687985592 0.340054333899094
0.16552900161796 0.199805974004161 0.387930927470413 0.246734096907466
0.192310881047676 0.26072825738625 0.377573539238386 0.169387322327688
0.252179959968879 0.248464734825433 0.324098259183947 0.175257046021741
0.26868473153842 0.20874325337735 0.227754275030862 0.294817740053368
0.148573456635177 0.339822983974558 0.276577867279124 0.235025692111142
0.371220662642796 0.0689255024612085 0.212679469939042 0.347174364956953
0.281664079793061 0.105889218325926 0.383891292946971 0.228555408934041
0.115528433897963 0.202323721101174 0.411122346529668 0.271025498471195
0.430799233652851 0.243400789450975 0.149214916066459 0.176585060829716
0.289724942032555 0.266954358367239 0.243810557498806 0.1995101421014
0.154389981335513 0.0628570257287107 0.30767289506293 0.475080097872846
0.259762501845965 0.262541926754416 0.138448295970513 0.339247275429106
0.226673830689643 0.0813101746185346 0.322312334321691 0.369703660370131
0.215408864401118 0.142152248217005 0.167063565296581 0.475375322085297
0.330058966336169 0.217585731050039 0.176204221846265 0.276151080767527
0.203489100422302 0.156312240783557 0.244607086669064 0.395591572125077
0.123025158067791 0.38395479364751 0.258538633486714 0.234481414797985
0.170692292413937 0.140842969164933 0.242224264314614 0.446240474106515
0.349145693837591 0.126000298501607 0.343161295237228 0.181692712423573
0.137426877625835 0.133176699220927 0.181271728482813 0.548124694670424
0.198777296451305 0.133582646646004 0.430751530281928 0.236888526620762
0.365289812667309 0.267579832444311 0.109147094889625 0.257983259998755
0.330260544630414 0.0930896958287576 0.165054061806931 0.411595697733898
0.09013103202402 0.327720460903977 0.262108566957198 0.320039940114805
0.3119697849638 0.12844824878448 0.278390305779858 0.281191660471862
0.32569824391826 0.205519903846829 0.0811229535866478 0.387658898648263
0.401468465260217 0.109940219469554 0.304581681139909 0.18400963413032
0.210766338421776 0.135973297367673 0.170842148691519 0.482418215519032
0.412355504904426 0.184397473793406 0.156206678731499 0.24704034257067
0.266431661080992 0.177576727239924 0.147716568168683 0.4082750435104
0.190714923273469 0.372947486312975 0.186754859067952 0.249582731345604
0.227088201420879 0.302589359715886 0.212093261316215 0.25822917754702
0.151334396253002 0.23675410844597 0.0136882206461401 0.598223274654887
0.464390242219147 0.205085344335523 0.220149490781395 0.110374922663934
0.309307205785268 0.25576448396176 0.130113261966183 0.304815048286788
0.296890240955889 0.124690693305264 0.25353191087367 0.324887154865176
0.361864017390935 0.339599431368856 0.157953001488116 0.140583549752092
0.254056968335467 0.301662722400187 0.220905632246233 0.223374677018113
0.436599477782841 0.113271239967621 0.187757355126536 0.262371927123002
0.326293286203654 0.158789322925387 0.191573098464924 0.323344292406035
0.259702691593771 0.150229319497794 0.351982819261446 0.238085169646989
0.247167185280911 0.195982993039243 0.280316518569065 0.276533303110781
0.239655451646934 0.327475988202341 0.237973163093032 0.194895397057692
0.273652300021619 0.237648361256698 0.175268872688079 0.313430466033604
0.254872263484136 0.536697554100753 0.119412752217434 0.0890174301976766
0.247359263563413 0.337949428763534 0.313557547300173 0.101133760372879
0.204238779771151 0.329703007820838 0.0926051326014467 0.373453079806564
0.155394893771426 0.184761496719042 0.4014332270523 0.258410382457231
0.211374242205572 0.220579345912443 0.362386306820866 0.205660105061119
0.248791995085293 0.256712656202621 0.333576283140709 0.160919065571377
0.321961485237594 0.215130994990785 0.237548521057875 0.225358998713745
0.194142005662843 0.354424615343999 0.272785518751774 0.178647860241383
0.337801114528034 0.044919781720093 0.221642977160821 0.395636126591051
0.308422634562974 0.123472819723854 0.356808821996999 0.211295723716173
0.0435827651410012 0.256224071271616 0.424050336645381 0.276142826942001
0.426406276675606 0.221335515697142 0.16284800379207 0.189410203835182
0.267167429315233 0.227787839810354 0.279323207616549 0.225721523257863
0.10268248850272 0.109850869590566 0.32453085757115 0.462935784335563
0.22259668768513 0.265664341973384 0.161926482624905 0.349812487716581
0.205404656408601 0.108533900573071 0.331328866859917 0.35473257615841
0.21315524446459 0.185764374920379 0.202907202981174 0.398173177633857
0.261768642665216 0.268426722290732 0.191045704436683 0.278758930607369
0.20079164350318 0.173559883686214 0.210573480234823 0.415074992575783
0.157531871177813 0.38184142292209 0.229349139641963 0.231277566258134
0.119906237336604 0.136314055250242 0.25854037800546 0.485239329407694
0.36018793932667 0.120509742439175 0.363059345626248 0.156242972607906
0.181669578798897 0.0871620511794724 0.203052585635584 0.528115784386047
0.217554376634222 0.141302390247051 0.408619288945998 0.232523944172729
0.381406297434135 0.220284211331158 0.100927956909721 0.297381534324986
0.300951244529983 0.0726893032968746 0.216169605528174 0.410189846644968
0.0685782921844848 0.371383099767292 0.239046318941422 0.320992289106801
0.335192521780188 0.107825400338698 0.268688542930858 0.288293534950256
0.322840229210806 0.192280684679094 0.16917318359124 0.31570590251886
0.392241985500544 0.117729941636044 0.298985745730254 0.191042327133159
0.258810745952464 0.0917167239062111 0.206623060135972 0.442849470005353
0.404954695163778 0.1745647712745 0.174191049467438 0.246289484094284
0.241778030924456 0.177921811532273 0.181024027676752 0.399276129866518
0.190348168891784 0.34324805132687 0.208772973417291 0.257630806364054
0.224875396702004 0.315594197494749 0.238110739779688 0.221419666023559
0.104129794203106 0.216441039192509 0.0453077307123699 0.634121435892015
0.489196670273728 0.195379535087843 0.24530504842688 0.0701187462115489
0.29306287810669 0.285334140567359 0.109653227757811 0.311949753568139
0.308999771905854 0.145656562535249 0.223383632551367 0.32196003300753
0.390700801169323 0.303161388576132 0.155963075154344 0.150174735100201
0.240749463321813 0.324764764205583 0.225163565581844 0.20932220689076
0.398906426504948 0.0895809320298259 0.211579610658094 0.299933030807131
0.338869063718958 0.170824499228857 0.221408752683838 0.268897684368347
0.293004806812019 0.121037288410207 0.342473672745235 0.243484232032539
0.275291877839687 0.18990744344791 0.299303604157807 0.235497074554595
0.210261293851466 0.31321250537977 0.264514695872843 0.212011504895921
0.287159077542143 0.23039231714688 0.192754114547765 0.289694490763211
0.251765267707375 0.547541405494773 0.12063383764453 0.0800594891533217
0.192830432420015 0.393488237923305 0.2730580572838 0.140623272372879
0.179352229162361 0.350684596757249 0.108137774721244 0.361825399359146
0.15493849325312 0.183068034406355 0.391983133162691 0.270010339177833
0.209984263396989 0.258928950577279 0.357481940058954 0.173604845966778
0.224855917389022 0.294970217925624 0.338360082046265 0.14181378263909
0.34966792621232 0.239742637982443 0.25508899592835 0.155500439876887
0.192111649166737 0.337058334145662 0.304069842231987 0.166760174455614
0.344927439483641 0.0376613339889464 0.223967158164317 0.393444068363095
0.284294507831599 0.116831930775395 0.39521154321297 0.203662018180036
0.0805718662391531 0.229453035935193 0.43719576986034 0.252779327965314
0.438026001212619 0.187729447844326 0.197532188852976 0.176712362090079
0.285567658275906 0.185373732118624 0.262393666763533 0.266664942841936
0.13865725823354 0.0751871272522591 0.350727726835972 0.435427887678229
0.232995452028829 0.238045108816364 0.19444213315269 0.334517306002117
0.224096046416336 0.0806924656542613 0.308822050087406 0.386389437841997
0.237668880726281 0.198795650834197 0.196483755112154 0.367051713327368
0.247587604504175 0.314736239026806 0.161762071481635 0.275914084987385
0.250975078153714 0.168966493052396 0.138574129555716 0.441484299238173
0.174859482512435 0.357826252010065 0.220616005000884 0.246698260476617
0.111697359347513 0.144065977187111 0.262908698380675 0.481327965084701
0.407134804384942 0.0701571064537021 0.344845633737719 0.177862455423637
0.192780368861127 0.117496675303698 0.143235072330123 0.546487883505053
0.180947362723679 0.197957416567419 0.419025535779734 0.202069684929168
0.415851507939645 0.177287933100591 0.110737750901456 0.296122808058308
0.260328905871552 0.124240999850235 0.192049968093105 0.423380126185108
0.097400240372609 0.358691382917488 0.252629410058165 0.291278966651737
0.395476535663399 0.112932052872566 0.20926132299307 0.282330088470965
0.298610145026714 0.21216372168837 0.162123102632952 0.327103030651964
0.379911015431383 0.16764965287568 0.267564024376127 0.18487530731681
0.217555965080205 0.161036627221256 0.162416188682765 0.458991219015774
0.398114073955239 0.13742480701364 0.175942377348795 0.288518741682326
0.252709338624686 0.228984779177976 0.165550924793782 0.352754957403556
0.178216674602287 0.300245793784185 0.236635064843796 0.284902466769731
0.196574362404676 0.322889821871024 0.259722275293927 0.220813540430373
0.0810078981254601 0.17126014865797 0.0999774681033109 0.647754485113259
0.489430281464652 0.238335387026884 0.214480296606698 0.0577540349017658
0.278245909847289 0.284149639830942 0.135578982589217 0.302025467732553
0.369619317499945 0.124833816839772 0.183113864330761 0.322433001329522
0.425892472166624 0.338272400501751 0.121374584314529 0.114460543017095
0.254791325556984 0.315832584178105 0.202362409530853 0.227013680734057
0.381342684059167 0.119339711274556 0.182922144065827 0.31639546060045
0.409730862907381 0.143943934565997 0.2377023221518 0.208622880374822
0.292512853293079 0.122964088308709 0.342598276365732 0.24192478203248
0.297795225330834 0.180290005396992 0.309869221948951 0.212045547323222
0.203645983240961 0.359676229972238 0.233223757231666 0.203454029555135
0.297431078330389 0.266010439156208 0.156543633086162 0.280014849427242
0.258914067682778 0.560924813822127 0.0853719881442909 0.0947891303508039
0.188585197202047 0.406160571092335 0.200190611612801 0.205063620092817
0.184419694354767 0.390072062246811 0.0945332186214991 0.330975024776922
0.183862460099316 0.185667511435062 0.357121213226899 0.273348815238723
0.156481732105537 0.327848545483317 0.34856379592415 0.167105926486996
0.282940295815451 0.26252907731327 0.319461247082935 0.135069379788345
0.451177690857336 0.172279620500365 0.254052290112419 0.12249039852988
0.173123479809556 0.351514067040956 0.335078108685851 0.140284344463637
0.300418408867032 0.0968216876164679 0.206940799327288 0.395819104189212
0.261845794365307 0.1339020712671 0.393255212874244 0.210996921493349
0.0251587050559113 0.249761274092497 0.455936238611979 0.269143782239613
0.413501545823146 0.230558660594402 0.196321602097206 0.159618191485246
0.331954836231963 0.181165302710598 0.224733084143814 0.262146776913625
0.0761340908801835 0.0424075909433055 0.346868610425368 0.534589707751142
0.210259565607542 0.220985817248943 0.237613111246675 0.331141505896839
0.192535057174056 0.085208277455218 0.300268649253781 0.421988016116946
0.163526979792234 0.166963919675888 0.245562079648249 0.423947020883629
0.193653693467009 0.299858403057132 0.181194939975822 0.325292963500037
0.265644382820755 0.159073885845685 0.132604606807807 0.442677124525754
0.106304727188869 0.362477830205691 0.201901215653161 0.32931622695228
0.164648555625958 0.0938667273579458 0.25807775355152 0.483406963464576
0.440240348630278 0.124539411743321 0.257357784202764 0.177862455423637
0.154089591650841 0.111740343195412 0.16363110758785 0.570538957565897
0.21064615769327 0.216012743402438 0.332210597241725 0.241130501662567
0.418280417575282 0.149129919479013 0.110531193787313 0.322058469158392
0.279502479056077 0.095678177954187 0.153605668952859 0.471213674036877
0.124005880142305 0.335957600173453 0.249526006002583 0.290510513681659
0.416353291543125 0.070615293820811 0.231870255677013 0.281161158959051
0.252648000481668 0.244892043561953 0.185927668827255 0.316532287129124
0.35804623875137 0.176826969600934 0.283729326522819 0.181397465124878
0.242152191260643 0.158048764115301 0.143764512923882 0.456034531700174
0.421498741230479 0.13016391877497 0.178045601617444 0.270291738377107
0.255783722465117 0.266697348485745 0.147442620640353 0.330076308408786
0.192607416781527 0.270767712159929 0.218098164941404 0.318526706117141
0.227235187400397 0.334190796402356 0.236272148748423 0.202301867448824
0.0931533389472288 0.135792283683336 0.11983356625205 0.651220811117386
0.521125499412361 0.223377673621283 0.21035623901108 0.0451405879552771
0.290581575481889 0.296353169494326 0.136652730421778 0.276412524602007
0.369543447574159 0.0849456009656831 0.15421195262922 0.391298998830938
0.398578699123636 0.29362290007864 0.124227779608103 0.183570621189621
0.32804808957077 0.315218556248846 0.202729339041927 0.154004015138457
0.405243559979829 0.0969718595240966 0.198443793674682 0.299340786821393
0.433539456396611 0.168698910628101 0.237492883141441 0.160268749833847
0.329973883927665 0.133581573386528 0.305431757671011 0.231012785014796
0.27785287443569 0.154363850830296 0.345319484170226 0.222463790563787
0.146315395356317 0.392813354516248 0.281940665482601 0.178930584644834
0.306369941394784 0.273378539264787 0.203484375146704 0.216767144193725
0.283978477247725 0.550346694835677 0.10740912843012 0.0582656994864772
0.168044207266649 0.392764439332826 0.186433258587079 0.252758094813446
0.192098263468835 0.402253734747258 0.0999472138332102 0.305700787950696
0.217950446470331 0.183595611723908 0.374570834047015 0.223883107758747
0.163907887661996 0.305195307904392 0.395883751687091 0.135013052746521
0.273677634744189 0.321759535875066 0.265816112185266 0.138746717195479
0.463442452942733 0.127928678107299 0.270482626523995 0.138146242425973
0.206354461366255 0.382041494309636 0.279475409802111 0.132128634521998
0.305811450298703 0.0861802318089776 0.18390502092517 0.424103296967149
0.265713515684272 0.148853034015944 0.422453995229769 0.162979455070014
0.0764472918235345 0.243704492397272 0.445036378258305 0.234811837520888
0.401778169856606 0.244326430445658 0.173177051865688 0.180718347832048
0.350710962175 0.154173603674154 0.281507614051666 0.213607820099179
0.0564806919233128 0.0460913289114002 0.38763989429826 0.509788084867027
0.24472489850143 0.256336164949239 0.206255531399576 0.292683405149755
0.167372304793927 0.0967086466596591 0.338949536615769 0.396969511930645
0.161301959345885 0.196294819201555 0.231338072929526 0.411065148523034
0.188623749450876 0.277590377352007 0.196302076207203 0.337483796989914
0.251302320261311 0.194951439999243 0.151645805317319 0.402100434422128
0.084417475477418 0.347291137035583 0.217904455587959 0.350386931899041
0.16858721789255 0.0500748627667608 0.279606910114858 0.501731009225831
0.440011287974585 0.0739540967975373 0.263039093353296 0.222995521874582
0.172327890420415 0.120696422229081 0.162228115007298 0.544747572343205
0.228434834354709 0.218487745822108 0.322245397666198 0.230832022156985
0.388288312648204 0.221716572325089 0.0637297023330693 0.326265412693638
0.339724775688205 0.0247517663936833 0.158977493610636 0.476545964307476
0.0813986015035525 0.323165757968702 0.293641575095847 0.301794065431898
0.41622844154124 0.0332779145584941 0.229584635962482 0.320909007937783
0.242067400504266 0.282435152219654 0.142513471669419 0.332983975606661
0.387823463957278 0.151519565112376 0.275382725604952 0.185274245325395
0.247068871824117 0.125700225680703 0.129211250322043 0.498019652173138
0.409038434105477 0.119081211860221 0.20213322824998 0.269747125784322
0.253156052555846 0.266697348485745 0.108235271819134 0.371911327139275
0.20719697569583 0.265082159659275 0.201127709207577 0.326593155437317
0.226560949775189 0.332699616392448 0.247105304397439 0.193634129434924
0.109499811047351 0.0900100946121571 0.110753018604732 0.68973707573576
0.513160274902535 0.220910442657762 0.18324983245976 0.0826794499799438
0.291528021064557 0.257758599052689 0.150229062592992 0.300484317289762
0.383994571679995 0.0845444921198475 0.130880010708887 0.400580925491271
0.396266353512937 0.297913543057962 0.111753920406685 0.194066183022416
0.381914849718273 0.320108239325027 0.175468192569626 0.122508718387075
0.413954308955693 0.13969079557301 0.164589345868893 0.281765549602404
0.433539456396611 0.142811991837462 0.296285043965382 0.127363507800545
0.253282609600206 0.177875726534603 0.324611527439391 0.2442301364258
0.2402632224492 0.174986347748373 0.3780616708176 0.206688758984827
0.100135344617695 0.463822406444079 0.2437254055136 0.192316843424626
0.304705557685353 0.272305566630212 0.229535761877682 0.193453113806752
0.338562261120384 0.523986935989448 0.0562897147958235 0.0811610880943443
0.150901952488931 0.426911594169508 0.20528507170808 0.216901381633481
0.202447273580366 0.435960402603571 0.0498164855444238 0.311775838271638
0.225221280913956 0.198581277228263 0.343097819834336 0.233099622023446
0.166182881509819 0.336262333827795 0.358645453091906 0.138909331570479
0.29722087717916 0.265298254196427 0.281685915120315 0.155794953504098
0.450290789214674 0.120792341585355 0.298516560428949 0.130400308771022
0.206038104684967 0.36617948968193 0.314546292370945 0.113236113262158
0.371377879369598 0.0814723996343692 0.148189568122337 0.398960152873695
0.328896942576192 0.125805398742402 0.406440889492258 0.138856769189148
0.124962605349684 0.199653250190794 0.430017413629616 0.245366730829906
0.420677777183209 0.200723314101929 0.195475376084406 0.183123532630456
0.353647535233833 0.160849667127933 0.255014852772443 0.230487944865792
0.0218780909935198 0.0578571521743767 0.385582905154657 0.534681851677446
0.252205611714292 0.244794880770856 0.25095443757141 0.252045069943442
0.142692751215319 0.122384094119457 0.283773031972601 0.451150122692623
0.163547675269958 0.177382095535265 0.244876286166714 0.414193943028062
0.18451315294728 0.24887793622589 0.169730386183792 0.396878524643039
0.212291139639273 0.187843763026142 0.198642527716809 0.401222569617776
0.0695735406913777 0.345762974741748 0.210381870769888 0.374281613796986
0.106012902652642 0.0405554872087496 0.325246720220644 0.528184889917965
0.373292806295604 0.114694051072151 0.275331827205815 0.236681315426431
0.192127295605456 0.0819983836596627 0.126238950620888 0.599635370113994
0.230557581536856 0.229731095904185 0.291448402262255 0.248262920296704
0.3769982507378 0.274694997099572 0.0490774476852612 0.299229304477367
0.305041585081904 0.0405463325917026 0.169770176629007 0.484641905697387
0.0702347979177475 0.323251635968365 0.280849956292098 0.325663609821789
0.454069417280768 0.0427628528752398 0.212685165431566 0.290482564412426
0.284101213222266 0.202352610783232 0.159014450848237 0.354531725146265
0.374672312444994 0.127976043571671 0.288712516230673 0.208639127752662
0.247866385434567 0.127887226239182 0.13967316015238 0.484573228173871
0.379833878248482 0.120209589776978 0.209220505766237 0.290736026208303
0.294083902417174 0.242390860821164 0.116365381827776 0.347159854933886
0.264694172194856 0.262112947009652 0.184904981099754 0.288287899695738
0.256415492211267 0.340217610378124 0.234967006703402 0.168399890707207
0.0754322802453653 0.0980621264651605 0.129037078508549 0.697468514780925
0.502471195181775 0.205999245863634 0.174224797126871 0.11730476182772
0.276339445930177 0.273289405198087 0.164510869786758 0.285860279084979
0.388300943888515 0.0645111315037764 0.129260395500995 0.417927529106713
0.371385443127537 0.322483456255736 0.0788256077145921 0.227305492902134
0.408471170876114 0.323062316463592 0.113861199124896 0.154605313535398
0.447563335509733 0.193698797191796 0.108997569111392 0.249740298187078
0.496706522034729 0.112400373040819 0.242595080885859 0.148298024038593
0.248492941348446 0.212764683538899 0.336829877390245 0.201912497722411
0.245770032593488 0.158035260817442 0.403179477779826 0.193015228809244
0.107109197329658 0.451373746229647 0.26693761865847 0.174579437782225
0.256742649750792 0.275150960065776 0.26113933427308 0.206967055910352
0.312739166954267 0.515075109650131 0.0595767520017058 0.112608971393896
0.153712668949157 0.453717796973945 0.217805309143899 0.174764224932998
0.172562459569201 0.438371024963756 0.0449274177406814 0.344139097726362
0.250804380988392 0.201548102647834 0.307782762111717 0.239864754252057
0.167608744858232 0.330605874901408 0.34607432446532 0.15571105577504
0.256735164660012 0.261068062649469 0.30584445438827 0.176352318302249
0.432702535726608 0.156161385225449 0.295889963257765 0.115246115790178
0.201381700928733 0.384453579207151 0.30001755281963 0.114147167044487
0.335294925724216 0.0656047009644699 0.184171323086787 0.414929050224526
0.330156828380221 0.104839917402448 0.431757490447815 0.133245763769516
0.147610688605311 0.182683844342727 0.444589212885989 0.225116254165974
0.370355094982278 0.17470825069759 0.232181785687764 0.222754868632369
0.422139497622922 0.155487817266713 0.233153012133412 0.189219672976952
0.0162220351551845 0.0843456755167905 0.378628698750614 0.520803590577411
0.225376384700779 0.22614887478157 0.277110106202373 0.271364634315278
0.184912515721763 0.0788064446401912 0.299220989687388 0.437060049950658
0.193395384906628 0.120044534605674 0.282375614432845 0.404184466054853
0.190015742407509 0.260185053248696 0.159518202102472 0.390281002241322
0.206879579760425 0.169600882003981 0.214443490121855 0.409076048113739
0.0665014632305579 0.325770025801259 0.210381870769888 0.397346640198296
0.124217357031798 0.0128195280930786 0.31078245469344 0.552180660181683
0.366055378101692 0.0516918704031597 0.286655386641365 0.295597364853784
0.181856833891793 0.0407879016055055 0.136077255825064 0.641278008677638
0.191596869087231 0.256891485526625 0.306785342199224 0.244726303186919
0.35628385044822 0.278926224114251 0.112028976018622 0.252760949418907
0.279842717630504 0.100919717318402 0.141596683576407 0.477640881474687
0.066663082729302 0.329097757753363 0.275856442954995 0.32838271656234
0.444365649224416 0.018678493537664 0.264137414213719 0.272818443024201
0.261028766688787 0.233603933115769 0.106723888174067 0.398643412021377
0.434961949188249 0.0523671082888721 0.280194188155376 0.232476754367503
0.244035326333064 0.118075592052992 0.11362281250964 0.524266269104304
0.35376337179101 0.0891631814319863 0.218831156629269 0.338242290147734
0.307462068096925 0.202320614393379 0.105186054590589 0.385031262919108
0.286182850137981 0.259344983482649 0.172241920859307 0.282230245520063
0.25926466344044 0.343849523842174 0.176034933929361 0.220850878788025
0.078603268226504 0.062364243074339 0.138782915057522 0.720249573641635
0.53310553865455 0.167125794416054 0.185509001873933 0.114259665055463
0.290447789899742 0.275076791322575 0.117718829743247 0.316756589034436
0.449796106493358 0.0345713476444769 0.0936233237955722 0.422009222066593
0.375599663144267 0.306047256982288 0.0959050910131769 0.222447988860268
0.416317097614924 0.362028376247298 0.112457169208157 0.109197356929621
0.429695561924712 0.183115510424436 0.108196254080843 0.278992673570008
0.51398707770255 0.16300753222744 0.214259975781953 0.108745414288058
0.246817813616577 0.227459021289451 0.312062909193754 0.213660255900218
0.260139657079914 0.130032812175514 0.405635404652616 0.204192126091956
0.0771076695019591 0.412050450547677 0.302457254900422 0.208384625049942
0.239717300537283 0.285410476236258 0.256622603221817 0.218249620004643
0.371672971039512 0.509278671706777 0.0242908805199501 0.0947574767337608
0.139280826253235 0.471435205746969 0.257601579055939 0.131682388943857
0.165626678753653 0.451435580583832 0.045113155953576 0.337824584708938
0.285324913324711 0.191621209062473 0.304318655140785 0.218735222472032
0.183287271354281 0.29930321929674 0.348972380502112 0.168437128846866
0.261205644858518 0.253716195505007 0.317123891462242 0.167954268174233
0.472348326239049 0.134325519103175 0.321709127137843 0.0716170275199326
0.226217656815834 0.369764741387884 0.286083687896902 0.11793391389938
0.340171993564642 0.00113660930801599 0.226590964103537 0.432100433023805
0.343167529795117 0.0866685136067347 0.462125450471974 0.108038506126174
0.197093066753552 0.100907994005728 0.434285909647519 0.267713029593202
0.326975798771218 0.153159762543514 0.231124711439671 0.288739727245597
0.453434679067069 0.178456303584845 0.229291574715613 0.138817442632473
0.0313703317989315 0.0615417526519492 0.380702224207558 0.526385691341561
0.187521146180937 0.242365217217953 0.259711512703281 0.310402123897829
0.142269236995154 0.0804493247283752 0.353512693530434 0.423768744746037
0.254471919329674 0.0883399237051861 0.235458974296221 0.421729182668918
0.181087943839471 0.255646801003294 0.133367247808919 0.429898007348316
0.207604954550333 0.138856083557441 0.195278186825679 0.458260775066547
0.0392984111645241 0.346729926772761 0.22973906096955 0.384232601093165
0.128977165795427 0.0198994778003371 0.287545642141236 0.563577714263
0.408762454101043 0.0032696148905999 0.313239396583963 0.274728534424394
0.220109189859209 0.00555055530697855 0.0924655536592644 0.681874701174548
0.194079526658322 0.300116646349829 0.249138585463594 0.256665241528256
0.383260912301033 0.274898362740053 0.131494478015077 0.210346246943836
0.262500663438527 0.107825266856025 0.119309516194679 0.510364553510768
0.0942227702059072 0.32340025025481 0.226574812668281 0.355802166871002
0.417664488581865 0.0834697816771954 0.250136117636675 0.248729612104265
0.285618590608601 0.257453739590523 0.0431301526456555 0.41379751715522
0.474424778097994 0.0143846797726108 0.355439309463047 0.155751232666348
0.232211437069158 0.0824401693123947 0.120645648394349 0.564702745224098
0.323898202143627 0.0847208383394628 0.238718979914804 0.352661979602106
0.302644821096169 0.253975806548537 0.0815219513051793 0.361857421050115
0.338260618752963 0.238233910131882 0.176119023408029 0.247386447707127
0.275504018653914 0.37802418560542 0.164858289628784 0.181613506111882
0.144830513632985 0.0502966888467968 0.0861967966404286 0.71867600087979
0.544242410492794 0.157772310860448 0.18625559962521 0.111729679021548
0.332511942988464 0.196884482975368 0.127494020828893 0.343109553207275
0.44694495009773 0.0693914801375183 0.0723061380662958 0.411357431698456
0.349639973077746 0.316418453153324 0.116033512900234 0.217908060868696
0.46450885211158 0.324740944996274 0.135400630312453 0.075349572579693
0.445733523212369 0.0983939617553961 0.158696768648673 0.297175746383562
0.49717606212922 0.170326413445528 0.266510148259168 0.0659873761660837
0.273570893612555 0.195232957704775 0.32646812061006 0.20472802807261
0.296332881832701 0.119331410696205 0.341420265783721 0.242915441687373
0.069804250153641 0.382901366446013 0.357706182074092 0.189588201326254
0.246355933973806 0.247752665436247 0.270439135900719 0.235452264689227
0.352877536875163 0.476617653384089 0.073032620461711 0.0974721892790365
0.163171269026935 0.473898671187056 0.198410525805833 0.164519533980176
0.156185412125671 0.453094078305487 0.011503260184535 0.379217249384306
0.330701677585875 0.163056396807846 0.32360767219038 0.182634253415898
0.228588697026651 0.256773255588956 0.352030695710294 0.1626073516741
0.328456714527664 0.265461969255597 0.277508342350037 0.128572973866701
0.445746282538645 0.113005925608184 0.326312084887582 0.114935706965589
0.163491811510585 0.340346606203787 0.345233280150281 0.150928302135346
0.362757761502931 0.000196695579508759 0.214022275093897 0.423023267823663
0.32431549278417 0.12136758331532 0.446088930574804 0.108227993325706
0.193678468454128 0.112487642102541 0.448753423587117 0.245080465856214
0.282863674529562 0.187957744501186 0.230975774100708 0.298202806868544
0.437363888711044 0.211400917227603 0.250764200132549 0.100470993928804
0.045600502295671 0.0703436529970828 0.383062922118912 0.500992922588334
0.132156188304201 0.270646657891116 0.243499754620781 0.353697399183902
0.125449021433261 0.0777488750798291 0.388006969945059 0.408795133541851
0.276137266737944 0.0849666840908838 0.2036935403482 0.435202508822972
0.17686217567893 0.262362420573172 0.123520547267244 0.437254856480654
0.222491689173329 0.140476164473186 0.169207480355042 0.467824665998442
0.0118429910883756 0.378250989232557 0.205871849461219 0.404034170217849
0.115979682059756 0.0110364442423279 0.302239178564383 0.570744695133534
0.32584347008301 0.0032696148905999 0.341175301273329 0.329711613753061
0.195010915146991 0.0122616654944401 0.100138689623697 0.692588729734872
0.211414236818825 0.271839106556194 0.264071232909997 0.252675423714984
0.41090110597854 0.2924357320863 0.0624174745065039 0.234245687428656
0.23284673357191 0.123704952439084 0.124731508801395 0.518716805187611
0.0659395800607499 0.30415007705745 0.255432552642327 0.374477790239474
0.37583918439566 0.144506003948118 0.21714508795364 0.262509723702581
0.260364571468335 0.1989635133008 0.0394496574321711 0.501222257798693
0.510198876719908 0.0104242257684926 0.349783336803459 0.12959356070814
0.214891458732122 0.0658658622760414 0.097689551384757 0.62155312760708
0.279511540730036 0.149239952532271 0.218364130616785 0.352884376120908
0.269402692912104 0.291877905710411 0.0544746222991612 0.384244779078323
0.343180010128696 0.261534803655147 0.230347663121285 0.164937523094873
0.241386001152018 0.435405501268644 0.158723969974118 0.16448452760522
0.181631846223388 0.029724550100295 0.0611172588054564 0.727526344870861
0.594437328065456 0.138451419697369 0.166717768265434 0.100393483971741
0.288229964572207 0.235557894273446 0.104651434386763 0.371560706767583
0.460271090870282 0.076666595370433 0.0726225559936839 0.390439757765602
0.336808742488092 0.358827025779624 0.122628683881252 0.181735547851032
0.457731331971413 0.308971632715811 0.116410665970708 0.116886369342068
0.454512210802171 0.0864319787333489 0.14098673875605 0.318069071708431
0.543996316892808 0.0772198628851956 0.305817056709258 0.0729667635127389
0.236054109107568 0.173627564967228 0.356065551722839 0.234252774202365
0.272441793186796 0.151258271077123 0.331287067484276 0.245012868251805
0.126581180754977 0.345592212148322 0.353715846876206 0.174110760220495
0.263865452846054 0.237612728889918 0.235823028506033 0.262698789757995
0.329981955890977 0.462179071434291 0.063539688114363 0.144299284560369
0.11013166836172 0.476249481840353 0.216701204886943 0.196917644910984
0.150242226219745 0.454086104887149 0.0219733017124135 0.373698367180692
0.310212195859912 0.134356320432457 0.407203008436452 0.148228475271179
0.177492885702456 0.289234094896124 0.356169463656573 0.177103555744847
0.317323987598747 0.275324325859442 0.293712363970834 0.113639322570978
0.440180793472579 0.124258537012236 0.261971096870662 0.173589572644523
