0.139022641462292 0.485160205187727 0.301379145792528 0.074438007557452
0.184642665251756 0.161246024824353 0.139797835865048 0.514313474058843
0.305179229334896 0.106293788070304 0.178406743177056 0.410120239417745
0.242691911443279 0.154045142854195 0.392843316841428 0.210419628861098
0.346303782071608 0.162725621108108 0.360778274587212 0.130192322233073
0.165475279577475 0.43004205579066 0.179774076690945 0.22470858794092
0.17363921001678 0.300361114878431 0.237355188780572 0.288644486324217
0.252983414556535 0.280016241519757 0.223333097909923 0.243667246013786
0.215053939363804 0.222170854290196 0.265908914596134 0.296866291749866
0.255412835895088 0.307242828949682 0.194342923426128 0.243001411729101
0.216736386252703 0.130251044183561 0.317984337910795 0.335028231652941
0.355028310950482 0.0903137766262263 0.284180658080741 0.270477254342551
0.274976034680306 0.206236874372839 0.332595678528295 0.186191412418561
0.287215935100163 0.116708635850044 0.400408196209065 0.195667232840729
0.229715903522954 0.310145904676219 0.202551100375007 0.25758709142582
0.0863557934752728 0.435797738416621 0.224349693185771 0.253496774922335
0.107979964230358 0.43725426398557 0.125006291684357 0.329759480099715
0.462844046066136 0.221404008209638 0.233678265394777 0.0820736803294486
0.160714324711765 0.15946959795943 0.368847061035825 0.31096901629298
0.236281535303771 0.215122575660248 0.426366896197537 0.122228992838444
0.197745469306957 0.35199828804698 0.228017442231794 0.22223880041427
0.254624844725738 0.253652265695639 0.148770899583375 0.342951989995248
0.134884703399883 0.539458447149735 0.15805352712985 0.167603322320532
0.180734848229593 0.348925466796691 0.153739786286585 0.316599898687132
0.229679652323456 0.196455354397019 0.466460621058529 0.107404372220996
0.161425440559784 0.365522285926832 0.298456306918755 0.174595966594629
0.109890640514708 0.396921635915567 0.192968139370385 0.30021958419934
0.269202776061527 0.239150997275299 0.186079770291187 0.305566456371987
0.16211092432625 0.346283626689447 0.194691221127566 0.296914227856736
0.119173154483701 0.229254477180471 0.160305622803283 0.491266745532545
0.249349688813593 0.254866411967957 0.225738705663099 0.270045193555351
0.334064196160843 0.343269191605667 0.164335338253187 0.158331273980303
0.191433252695285 0.223145171298243 0.251649959899519 0.333771616106953
0.223224711541208 0.259033179966071 0.326041705122572 0.191700403370149
0.144987528235823 0.2804335994585 0.242910282675605 0.331668589630071
0.313933424193243 0.231855297972664 0.171838573473337 0.282372704360757
0.373151816304949 0.169074135895265 0.321296581747717 0.136477466052068
0.262070390908031 0.317833857560938 0.31951759809551 0.100578153435521
0.371358445199157 0.110901116024308 0.212852778755808 0.304887660020727
0.167289989486759 0.23777930391554 0.168754617021649 0.426176089576053
0.167123264441239 0.227887590026252 0.324502845807511 0.280486299724998
0.145942022010166 0.45239430640968 0.182609765512484 0.21905390606767
0.315980169412518 0.199180782538749 0.285402948780753 0.199436099267979
0.266599829812699 0.171297977003872 0.343585552587891 0.218516640595539
0.2958248574528 0.149731691630848 0.418657842056997 0.135785608859356
0.113031584175974 0.221433111641198 0.221791493733956 0.443743810448872
0.220225431196883 0.14886288476452 0.36707418776678 0.263837496271817
0.071329040571367 0.506329333584741 0.324050959543168 0.0982906663007236
0.192067874037327 0.148353471852746 0.113226530157718 0.546352123952209
0.275271138563254 0.111405193603111 0.209548727983219 0.403774939850416
0.189031363081329 0.147618734060418 0.38075415345633 0.282595749401923
0.349772095663628 0.148223555811124 0.351361538483617 0.15064281004163
0.186397403631525 0.427402504644238 0.135179323081674 0.251020768642563
0.185932794160989 0.316206185058216 0.181935108522527 0.315925912258269
0.264598540548637 0.287511731050022 0.188025556268982 0.259864172132359
0.204536284039147 0.161940219690039 0.298875748023915 0.334647748246898
0.279584130562846 0.291352740935843 0.162638845655428 0.266424282845882
0.194119316155227 0.190573545350518 0.303447336183647 0.311859802310609
0.312935934363966 0.105764950384128 0.278746910681375 0.30255220457053
0.304619578065042 0.173259971287475 0.340189828885476 0.181930621762008
0.257717928411499 0.189577202594772 0.403759576524208 0.148945292469521
0.240915820043808 0.346226429176213 0.128442044027492 0.284415706752487
0.0629698680647246 0.426361603998847 0.238166473101713 0.272502054834716
0.146161916605811 0.387960131834162 0.0914370014980783 0.374440950061949
0.493332847313111 0.16006761233758 0.255277490000375 0.0913220503489348
0.206650911489444 0.127404488306963 0.373687300854266 0.292257299349327
0.23915810894183 0.200125376674591 0.424171104163501 0.136545410220077
0.210562631215563 0.347020709336448 0.266110062902589 0.1763065965454
0.272364760817988 0.309841808186395 0.118518703019269 0.299274727976348
0.118321212511081 0.522699054239564 0.194941412230291 0.164038321019065
0.20401260827636 0.317956457661539 0.131916067614199 0.346114866447901
0.266118092057504 0.174328038919318 0.458062557827968 0.10149131119521
0.15888900170025 0.364915954971198 0.33165282077412 0.144542222554432
0.13703889468968 0.391775735713816 0.172839340524695 0.298346029071808
0.280359271436853 0.234343295335582 0.186689383984274 0.298608049243292
0.134236162867298 0.352343431073578 0.227205593578099 0.286214812481024
0.141256335824414 0.219613293966209 0.182486646967012 0.456643723242365
0.201032858585743 0.223903391394122 0.279871227997211 0.295192522022925
0.361601293756475 0.318168581043299 0.139325919950972 0.180904205249254
0.200506145080587 0.228638523132837 0.235206069676938 0.335649262109638
0.255716436025342 0.219748479839916 0.313271024161606 0.211264059973135
0.128991303075044 0.29731612221194 0.259338199307406 0.31435437540561
0.31772775122227 0.264303636096168 0.209369603051868 0.208599009629694
0.38292562702502 0.197089404285565 0.308432542118951 0.111552426570464
0.238425243768126 0.298666265626845 0.393229462501288 0.0696790281037411
0.380796992720288 0.0937802177712563 0.221243827159963 0.304178962348493
0.186515641216843 0.220253084933592 0.159304317158411 0.433926956691153
0.111820075323545 0.235117612861099 0.321800793277144 0.331261518538212
0.143448849964369 0.44914961047498 0.214713304153724 0.192688235406926
0.320562419530774 0.243570078844348 0.278647959632869 0.15721954199201
0.273381711947664 0.238308047981139 0.282510902271159 0.205799337800039
0.289177804260663 0.158076701162906 0.427287420921199 0.125458073655232
0.114662742475252 0.203124790667896 0.236824404446718 0.445388062410133
0.241198594620943 0.154282591178043 0.304034945890094 0.300483868310921
0.0700323236487057 0.500234215858378 0.318224829714821 0.111508630778095
0.167786543956624 0.145912215644634 0.152301875872527 0.533999364526215
0.282899016453154 0.126786963799947 0.184775001813268 0.405539017933631
0.202624674217685 0.152787114549758 0.36325405685606 0.281334154376498
0.286351876002426 0.139627162572138 0.29731550040524 0.276705461020195
0.247037404311521 0.391867679642861 0.130253347779207 0.230841568266412
0.150625619560095 0.336472840000168 0.182051500992026 0.330850039447711
0.263756418513536 0.301152109267701 0.18672808919509 0.248363383023673
0.174490967595136 0.168847573473066 0.323186237243994 0.333475221687804
0.319450489506829 0.239611302984275 0.173115489928576 0.26782271758032
0.19544757712483 0.221385899055341 0.299127110097809 0.284039413722021
0.289992134304819 0.10442018788026 0.273855297869896 0.331732379945025
0.359892340396921 0.137960710646725 0.315018474030065 0.187128474926289
0.270830911222207 0.204331822073253 0.392497401671317 0.132339865033223
0.207307722484036 0.317250475298543 0.149899501476779 0.325542300740643
0.119695433013008 0.397240059344366 0.210244845593236 0.27281966204939
0.199883389977654 0.371365498572023 0.0882071170440291 0.340543994406294
0.478583940654614 0.128681757123841 0.199662101089856 0.193072201131689
0.246311621562521 0.095116696848306 0.373473901429582 0.285097780159591
0.206830626045905 0.198904998796538 0.440095636752771 0.154168738404786
0.187871578348696 0.372439031939666 0.222573929106147 0.217115460605491
0.283441591395792 0.324198300564678 0.121288513516098 0.271071594523432
0.123395281595448 0.534444189009735 0.204100771176199 0.138059758218618
0.230337654145813 0.338387444058508 0.0995436356856745 0.331731266110005
0.309948957230871 0.15018135183707 0.421663436594706 0.118206254337353
0.13186664914169 0.401666194570694 0.265893177170305 0.200573979117312
0.138414483179144 0.428060239363038 0.148189183968532 0.285336093489286
0.240716555196948 0.269469714351742 0.192343369888338 0.297470360562973
0.17504333363743 0.359901205996622 0.235874737423426 0.229180722942523
0.180972466511571 0.238694710185914 0.168328497018668 0.412004326283847
0.166456246387018 0.261678853503251 0.264626894848044 0.307238005261687
0.352398580894887 0.299445272550382 0.140035079244882 0.208121067309849
0.212416978580447 0.259724958429875 0.224667748281068 0.30319031470861
0.229759048991492 0.216982084223571 0.342896061241283 0.210362805543653
0.162900791125311 0.306929425225552 0.242917485017991 0.287252298631146
0.358169233893573 0.192169350256893 0.204096888351318 0.245564527498215
0.381988660623961 0.208638044416351 0.304743869718638 0.104629425241049
0.273081835778413 0.278408117199026 0.393681149171127 0.0548288978514338
0.35100291802054 0.0972361867698617 0.252562711206013 0.299198184003586
0.205242430644299 0.170539942275008 0.193141314028061 0.431076313052632
0.139078382263166 0.257612012222411 0.285453461349753 0.31785614416467
0.143686438333423 0.397347467160127 0.309945393122348 0.149020701384101
0.275622901136825 0.329357827372294 0.278991008182126 0.116028263308755
0.227904334202108 0.264124902379138 0.288973389738956 0.218997373679798
0.306072433299533 0.181743289740814 0.423243202414302 0.0889410745453512
0.10510814202155 0.210299104434778 0.242933053969948 0.441659699573724
0.229146213203927 0.147746960068315 0.317119463868226 0.305987362859532
0.0725952873260431 0.513437739212983 0.331178021413583 0.0827889520473911
0.168390209082879 0.115501538741077 0.130110958653259 0.585997293522786
0.190435516144349 0.191494384444065 0.182021793061012 0.436048306350574
0.217289744306498 0.164276086123757 0.345206649865979 0.273227519703766
0.290283111186853 0.145519722690948 0.26916521841995 0.295031947702249
0.185494747212322 0.419356242567415 0.154234235828325 0.240914774391938
0.180187392910092 0.323544371475689 0.13399195164057 0.362276283973648
0.293670913815901 0.270498579996916 0.18047442376555 0.255356082421633
0.120518788239803 0.15456847610785 0.377571942192794 0.347340793459553
0.331930770480079 0.214240071292596 0.170864708552662 0.282964449674664
0.186788432092541 0.222382754137098 0.279442140673539 0.311386673096822
0.302151935428017 0.102849192338272 0.290146704940717 0.304852167292994
0.357870502917951 0.160882909080387 0.246753543631629 0.234493044370033
0.217000988444839 0.235679035892643 0.373842027281244 0.173477948381274
0.254592693143566 0.344519874231819 0.13147066012711 0.269416772497505
0.148922080557427 0.336155670076876 0.224945192883145 0.289977056482551
0.203921637269118 0.367846475280722 0.0915205372854949 0.336711350164665
0.512648098462348 0.107903703974726 0.221183065827139 0.158265131735788
0.256824119956175 0.102382113090023 0.350946831778759 0.289846935175043
0.18155755507256 0.245885065085499 0.402715487647906 0.169841892194035
0.225212256355572 0.363626012010445 0.231152482936886 0.180009248697096
0.271748071646113 0.334559906360011 0.120942633612337 0.272749388381539
0.142604413287053 0.525086434775511 0.212051684994985 0.120257466942452
0.23215738641299 0.275393029513843 0.127804549502886 0.36464503457028
0.216716245960187 0.16466603553488 0.43144026077777 0.187177457727163
0.13051174890638 0.422652478932846 0.245663037529679 0.201172734631095
0.178741793933363 0.420221227141372 0.14847762755602 0.252559351369245
0.287938076927483 0.205848658068151 0.220898471871121 0.285314793133246
0.155524961564358 0.352045606989751 0.248181932439609 0.244247499006282
0.21798886547183 0.153241854370968 0.211180913205029 0.417588366952174
0.147696727746436 0.263404250494493 0.247032454979927 0.341866566779143
0.329358344158472 0.347255999122443 0.162001683452292 0.161383973266794
0.205279394196847 0.265555937305622 0.24960652273338 0.279558145764151
0.246758490097364 0.210984451913544 0.36786221636192 0.174394841627171
0.160183020582362 0.291632605611538 0.295237877884377 0.252946495921723
0.344111551770771 0.187924935388594 0.230406348991505 0.23755716384913
0.425963178340522 0.149381897154875 0.31182757848828 0.112827346016323
0.258964118821297 0.290487176135823 0.357333817948049 0.0932148870948313
0.379504208720473 0.111275063475897 0.220561739795124 0.288658988008506
0.171905072020323 0.153660075816533 0.260674076913155 0.41376077524999
0.110387533443487 0.242912183725743 0.295170140313495 0.351530142517276
0.144887721013691 0.377886376384688 0.34060707548781 0.136618827113811
0.246005694442732 0.34811136011165 0.273363336867257 0.132519608578361
0.215109796610128 0.300620470324668 0.288622801434965 0.195646931630239
0.31356407543729 0.175471959264075 0.390250025386628 0.120713939912008
0.126492987666484 0.226160346355862 0.245356069660823 0.401990596316831
0.251183209262814 0.13073256553659 0.331462720004861 0.286621505195735
0.0488540690355186 0.488620943954898 0.329341332579573 0.13318365443001
0.184652952437188 0.0770436222969092 0.145972101435055 0.592331323830848
0.252266314372388 0.197321509413866 0.0815738648772998 0.468838311336447
0.217978349078356 0.105788035368643 0.339781536880439 0.336452078672562
0.267903835996675 0.124584738818372 0.261956662477316 0.345554762707637
0.156190114202143 0.392855929362236 0.230524799025433 0.220429157410187
0.144146234082371 0.324815579269305 0.106067270657156 0.424970915991168
0.237149755266897 0.293226738582876 0.177807147611744 0.291816358538483
0.154833797433764 0.121834938816208 0.322548758909165 0.400782504840863
0.284451996575347 0.215872110844219 0.178095915459388 0.321579977121045
0.224151602977324 0.187116849972691 0.23665198856431 0.352079558485675
0.271373566696755 0.151521235637574 0.278470721768108 0.298634475897562
0.34185769045974 0.127416308511887 0.270027796055646 0.260698204972727
0.172096158143891 0.243463388262715 0.361114021121358 0.223326432472036
0.216056844220072 0.303470566542283 0.178208941327051 0.302263647910593
0.164370498578396 0.357480697489844 0.210961484263074 0.267187319668686
0.249120709932791 0.343333512178989 0.0871481415067216 0.320397636381499
0.474995198491349 0.127699279084036 0.250919116726512 0.146386405698103
0.268311495027913 0.0647690037654295 0.339915907679727 0.32700359352693
0.142015826865883 0.231729046276782 0.416595510408619 0.209659616448715
0.282742565842474 0.350811405907098 0.182546797226678 0.183899231023751
0.238758853705628 0.313591101345157 0.138839639719133 0.308810405230082
0.148767815893087 0.511853374013225 0.19946870509073 0.139910105002958
0.24325880996036 0.283801587509997 0.0946835503668781 0.378256052162764
0.256570012212241 0.14229794185592 0.435512451185666 0.165619594746173
0.0978720810605828 0.408406241509342 0.28621460957825 0.207507067851825
0.193187684215876 0.382528174518882 0.173548573684128 0.250735567581114
0.346850803593795 0.234014938586204 0.130863647482554 0.288270610337447
0.192555433833175 0.37397512380766 0.227367624450988 0.206101817908178
0.203075746282389 0.146300985973026 0.226812241279989 0.423811026464597
0.121326749648936 0.300754457101282 0.232523942107656 0.345394851142126
0.384233902493806 0.340717823231988 0.132173001236407 0.142875273037799
0.199813398577541 0.226663774173072 0.279099146505619 0.294423680743768
0.262500641926546 0.212093661913685 0.378719459109363 0.146686237050406
0.196048532379963 0.247100969979964 0.2992860443608 0.257564453279274
0.327160375188401 0.150565616261895 0.24648916007352 0.275784848476184
0.404687940532518 0.186851814166788 0.336878142947805 0.0715821023528892
0.270992301689677 0.289230076028209 0.35740860314497 0.0823690191371443
0.347308131615582 0.121220401351877 0.221057920622155 0.310413546410387
0.196585231552322 0.15985336185733 0.288136996580751 0.355424410009597
0.164308051602189 0.223470543284669 0.299202569458212 0.313018835654929
0.110026925638266 0.396332671476104 0.314898357541847 0.178742045343783
0.258453126277613 0.356504905810723 0.308844545430108 0.0761974224815566
0.201451301834246 0.31595488090594 0.291374645438762 0.191219171821052
0.317575599184175 0.120014422905922 0.386955831304364 0.17545414660554
0.176200179389184 0.217502137564695 0.226793164606982 0.379504518439139
0.243682918357223 0.170738262671938 0.30611197996514 0.279466839005699
0.0469339057940707 0.452299012319869 0.309248653095059 0.191518428791002
0.21378275028024 0.0373610322493131 0.137201914963535 0.611654302506912
0.299860396774453 0.156003396947614 0.0309169905507764 0.513219215727156
0.213649177412179 0.0900103927453549 0.32240308982695 0.373937340015516
0.260111969535627 0.0992060140777866 0.254175748881973 0.386506267504613
0.164434353968061 0.373777212167739 0.241252130574129 0.220536303290071
0.168202472699421 0.308062604609402 0.100116621568674 0.423618301122503
0.245480080828007 0.279260331241226 0.121484590749602 0.353774997181165
0.141771084848676 0.136836018192297 0.346820385452651 0.374572511506376
0.30193735048478 0.232247240956502 0.131860895885446 0.333954512673271
0.235832269439377 0.187900805202836 0.24319958123194 0.333067344125847
0.253996389798457 0.135632004021409 0.348856939157131 0.261514667023004
0.34185769045974 0.158228381225048 0.188220516655118 0.311693411660094
0.151212198466588 0.323653010403903 0.34135512419005 0.183779666939458
0.20815845847879 0.294430587224824 0.139829416038578 0.357581538257808
0.231378428095818 0.31940242307497 0.164578257710794 0.284640891118418
0.269741788545539 0.389387761383451 0.076516639046266 0.264353811024744
0.49213465456324 0.169816199891202 0.20110865305331 0.136940492492248
0.303499010370754 0.0440051650900907 0.32006294311131 0.332432881427845
0.124723348388999 0.273976115420705 0.417828009246254 0.183472526944041
0.330213480246149 0.361390004891382 0.13718938551101 0.171207129351459
0.222398724208149 0.337857302335107 0.147402464617532 0.292341508839212
0.12965377580448 0.543209340862011 0.187883316245897 0.139253567087611
0.254924994117726 0.248539805425871 0.130234446951633 0.36630075350477
0.31952747815193 0.140054138315442 0.399878540749948 0.140539842782679
0.176536419224381 0.367011264447333 0.268767597264609 0.187684719063677
0.201687048491362 0.362736237947172 0.172591267855785 0.262985445705681
0.339090867416624 0.245458825986877 0.131214450753257 0.284235855843242
0.205437276740693 0.363241348694183 0.228603103194898 0.202718271370226
0.227145593524597 0.201443013182539 0.194076393126746 0.377335000166119
0.106640469969054 0.245663026598338 0.253573434931315 0.394123068501293
0.392717061552766 0.360916089224791 0.154953559394818 0.0914132898276246
0.226016680702602 0.220789400030922 0.263703921520651 0.289489997745824
0.274923836399922 0.189299486800599 0.403895683210232 0.131880993589246
0.19648920010094 0.270307763339677 0.301911284094406 0.231291752464976
0.268935235544637 0.17975862481909 0.228759291845904 0.32254684779037
0.407973480101851 0.19154894723781 0.32889547030745 0.0715821023528892
0.298482772562403 0.313802129323769 0.311677089517864 0.0760380085959642
0.32586163842906 0.152013236421464 0.228310819754591 0.293814305394886
0.1875757861577 0.188806328295704 0.245794455289605 0.377823430256991
0.188445144467028 0.219647917588476 0.297207737726204 0.294699200218292
0.104380079328728 0.376422946091318 0.321338938969734 0.19785803561022
0.266300071091695 0.359786827517817 0.330176799917896 0.0437363014725924
0.212181653068333 0.334516189958106 0.292223380504427 0.161078776469134
0.28786683552401 0.128393824545026 0.352690710400635 0.231048629530329
0.145867494138861 0.206042828358584 0.257847280525214 0.390242396977341
0.179752721780239 0.223304304061884 0.301564793489893 0.295378180667985
0.0844943876399376 0.477012087847557 0.301758569863235 0.13673495464927
0.190220010287027 0.0980029507029339 0.137346645273956 0.574430393736082
0.280047863293872 0.165386645753148 0.0294896289138882 0.525075862039091
0.22666228195946 0.0792440615108737 0.305418170304294 0.388675486225372
0.225225633715435 0.103569495813132 0.274829326380133 0.3963755440913
0.179497903621921 0.342261659255133 0.209191789811292 0.269048647311653
0.129853264859492 0.321831236050455 0.102557616936617 0.445757882153436
0.23763256961846 0.35983009120128 0.0641705022862841 0.338366836893977
0.130618507355336 0.139699251554155 0.308673831536493 0.421008409554015
0.294720265495828 0.211913682286257 0.173713286913525 0.31965276530439
0.283394184524329 0.154448977709572 0.207505957076112 0.354650880689987
0.274081209694603 0.134739543384149 0.341877728447444 0.249301518473804
0.403948054284713 0.102379257286806 0.207076396570763 0.286596291857718
0.124188860295168 0.345398865770947 0.329369673381626 0.20104260055226
0.245533665025648 0.272432196483178 0.125297297165838 0.356736841325336
0.226772000430251 0.351437345698976 0.121593243524088 0.300197410346685
0.25669968174017 0.421210059274355 0.058752257045952 0.263338001939524
0.483871221932902 0.176630175535965 0.23825829588612 0.101240306645013
0.303676103238425 0.0525191655072897 0.346185056050211 0.297619675204074
0.141368629859846 0.270430458853266 0.380365502069576 0.207835409217313
0.371988583986077 0.323220446131836 0.157592203719105 0.147198766162982
0.209172235859121 0.337797506885619 0.164290994453965 0.288739262801295
0.145163153224429 0.519830850566285 0.179789034402965 0.155216961806321
0.284231517270353 0.237166193764033 0.10859918109372 0.370003107871894
0.394785908687835 0.0832828733800644 0.399953449667253 0.121977768264848
0.188619623670043 0.349888520429354 0.297186663287225 0.164305192613378
0.173155453148569 0.377256311245071 0.157715995462093 0.291872240144266
0.33843973110236 0.233771659050415 0.132240137503911 0.295548472343314
0.21617024495047 0.376088905723637 0.194562442457816 0.213178406868077
0.298353084542009 0.14558090937247 0.193442866317931 0.36262313976759
0.089647673774082 0.243448075832855 0.241264319219482 0.425639931173581
0.411635079735506 0.387109715152927 0.115660887269661 0.0855943178419064
0.217868218191003 0.24854310775671 0.305049285119899 0.228539388932388
0.2788642401757 0.133070721770208 0.421872565635369 0.166192472418723
0.227196096989964 0.224809096590342 0.324416027335413 0.223578779084282
0.266472620163409 0.176905315450142 0.193288313029165 0.363333751357283
0.41760336779355 0.16152429684173 0.311985905706658 0.108886429658063
0.274665877502395 0.282505705757241 0.352791538867561 0.0900368778728026
0.330092575697645 0.160955456275098 0.217188055020272 0.291763913006985
0.16519371063188 0.157873187233435 0.26042965839314 0.416503443741545
0.162536013388513 0.258385090285914 0.312803854968443 0.26627504135713
0.118610498174274 0.37360280839521 0.337093201432458 0.170693491998058
0.227149013834145 0.368882325692246 0.343448621778585 0.0605200386950236
0.154763281337151 0.300263648364364 0.335262576291123 0.209710494007362
0.308076151216783 0.10498537775228 0.351874016463695 0.235064454567242
0.150574678334147 0.188521257956852 0.259153551071261 0.40175051263774
0.175538729367105 0.272083573282424 0.233440383561906 0.318937313788565
0.0950920108028404 0.470991604769821 0.246509447530919 0.187406936896419
0.182155111653862 0.095584347321559 0.139956332659804 0.582304208364774
0.299800578746214 0.181619500864742 0.0282146007011937 0.490365319687851
0.202890535770592 0.120562766420519 0.3130687624824 0.363477935326489
0.246103415348024 0.10109021904194 0.257173514688476 0.395632850921559
0.214678276710145 0.313574652123612 0.226369906992467 0.245377164173776
0.159274164837633 0.285666163089443 0.0757826432756762 0.479277028797248
0.162927919119999 0.403445965121778 0.094355479438669 0.339270636319554
0.121590681046598 0.129518494854163 0.324647313613736 0.424243510485503
0.285048454626934 0.219000785522956 0.160110983310559 0.335839776539551
0.244216246718676 0.148575858681753 0.249965127497464 0.357242767102107
0.247895025464575 0.175366527543611 0.315776729249056 0.260961717742758
0.398521449244738 0.100689469123167 0.19602092581218 0.304768155819915
0.13181025968987 0.290224953452524 0.374179184109271 0.203785602748335
0.229603762057884 0.299599566281004 0.130400873040657 0.340395798620455
0.248518889571174 0.321789481978666 0.0930570241938159 0.336634604256345
0.245593918491536 0.436012622261088 0.0669794967697349 0.251413962477641
0.483205712552269 0.176630175535965 0.262242375880381 0.0779217360313843
0.291841055979196 0.0395503494055058 0.359644836973069 0.308963757642229
0.211870885577138 0.241985135133623 0.380071632363938 0.166072346925302
0.391306447273947 0.260501526991083 0.204759101180389 0.143432924554581
0.194394845956965 0.329704934817057 0.200033634914341 0.275866584311638
0.169692885889243 0.54589857731691 0.173813635061997 0.11059490173185
0.250868411675009 0.255659818633767 0.157561453465584 0.33591031622564
0.40016726076391 0.0934413356437081 0.378330179884385 0.128061223707997
0.225968598294226 0.313995773692127 0.304288367461644 0.155747260552002
0.192058083158258 0.368408389129252 0.128741188112361 0.310792339600129
0.36900792045092 0.231795624044769 0.130574992729314 0.268621462774997
0.199711742381467 0.342683684528212 0.227986076354562 0.22961849673576
0.314044258602348 0.162484578305553 0.195917448047552 0.327553715044547
0.133575688779158 0.208536490705153 0.228712063396671 0.429175757119018
0.456407417933305 0.321681996259302 0.0715515502669237 0.150359035540469
0.219253319651622 0.272317729246866 0.303437666701653 0.204991284399859
0.288325935562262 0.156019637165162 0.41373234574183 0.141922081530746
0.197583462554202 0.231591829296393 0.322929655336505 0.2478950528129
0.199280653033935 0.198592684510379 0.204824996450747 0.397301666004939
0.42147058106441 0.134095156796888 0.325826356710875 0.118607905427828
0.285668171796698 0.226040075733501 0.353505325373655 0.134786427096145
0.30676718499134 0.184595747667901 0.201768255081009 0.30686881225975
0.112684596596242 0.204151403445957 0.27567195894825 0.407492041009551
0.098721684259568 0.287669181370178 0.376335734257519 0.237273400112735
0.0997554460181329 0.386898012418807 0.332919744525884 0.180426797037175
0.235233869033704 0.398967118321596 0.293628249485115 0.0721707631595854
0.151053658794777 0.321109625965494 0.351614973867098 0.176221741372632
0.31036809540904 0.0976397320579847 0.348914292861879 0.243077879671096
0.142553216405418 0.1963973122941 0.280825853939944 0.380223617360538
0.206985776018843 0.248324899055723 0.189805939738658 0.354883385186776
0.0300383286222532 0.469259475585292 0.226241428504075 0.27446076728838
0.199817202834544 0.121957492387295 0.104550960832731 0.57367434394543
0.297816342228758 0.175629134785828 0.0544253069631117 0.472129216022302
0.237762868556336 0.117239290357431 0.290194230313902 0.35480361077233
0.18886165680682 0.203360568937056 0.268652699616361 0.339125074639763
0.23214882007025 0.280289333139195 0.216151998583508 0.271409848207047
0.114392132172441 0.274449601075137 0.0964489485133588 0.514709318239062
0.132708332233766 0.427198045078244 0.0653777873172619 0.374715835370728
0.090717780640932 0.126758640719525 0.389534744988254 0.392988833651289
0.321475839201133 0.189255024811581 0.154591351823009 0.334677784164277
0.301284439194385 0.10923308352084 0.258023280351674 0.331459196933101
0.284874417513245 0.116228613283693 0.334963709613667 0.263933259589395
0.346121365759911 0.152675268062298 0.198168135491422 0.303035230686369
0.199057329840785 0.213482041851783 0.368816740943185 0.218643887364246
0.261816649581813 0.244354489189036 0.117060740328037 0.376768120901114
0.256263534409559 0.291511369227699 0.0843689041504451 0.367856192212297
0.278618336804826 0.416971059697581 0.0756387876762425 0.228771815821351
0.450068056799325 0.168567810065279 0.267732770725055 0.113631362410341
0.293290537994065 0.0393950687819208 0.337781220895607 0.329533172328407
0.220194234106076 0.201178926850448 0.408631649203703 0.169995189839773
0.387139065093489 0.248707459374509 0.212373444642435 0.151780030889567
0.217341485292679 0.342957721975183 0.206888020150852 0.232812772581287
0.0947610361928024 0.584284799309461 0.217120224130376 0.103833940367361
0.246402146008011 0.288821809799019 0.148644812171094 0.316131232021875
0.407524785914201 0.114707933502338 0.304616350906024 0.173150929677437
0.21645164380238 0.315378994573816 0.287597596546634 0.18057176507717
0.220663599803151 0.334580012069125 0.153583175087295 0.291173213040429
0.363897312945144 0.212157296384264 0.184501016523652 0.23944437414694
0.191548158904905 0.359948838390747 0.253846707360633 0.194656295343715
0.382195257929539 0.127805437782477 0.173319082428937 0.316680221859048
0.132314952607769 0.138778299710536 0.236817204065011 0.492089543616683
0.470115993043955 0.265440669841062 0.0528014102367538 0.211641926878229
0.226998161307571 0.278325553665932 0.333518368822557 0.16115791620394
0.292974482809314 0.102726995382262 0.356016445324878 0.248282076483546
0.189203270012685 0.251149504206568 0.325687219686536 0.233960006094212
0.191319140106503 0.214546442362928 0.224722894306592 0.369411523223977
0.42303722046147 0.134577980327798 0.293844345956583 0.148540453254148
0.279982769681357 0.228227943853883 0.376656540650103 0.115132745814657
0.333512689609497 0.223494936063491 0.182168681889055 0.260823692437958
0.181901072744236 0.182438842802748 0.229279972177927 0.406380112275088
0.104300877620904 0.289586604678074 0.380493103532863 0.225619414168158
0.0784099408240929 0.389821029786528 0.288527867857215 0.243241161532164
0.28348769634876 0.389296095107127 0.276075331888929 0.051140876655183
0.146298963469386 0.335742315144182 0.3241977311189 0.193760990267532
0.348053001135968 0.0882913567368516 0.367993490904043 0.195662151223137
0.141946288483655 0.169463967520385 0.295359673570686 0.393230070425274
0.234250707904136 0.233821007574869 0.192131158794296 0.3397971257267
0.0647294657442436 0.480773194908849 0.202305569028325 0.252191770318583
0.208327928279193 0.120344888705435 0.104550960832731 0.566776222182642
0.378586342246705 0.12733800071988 0.0445717078706543 0.449503949162761
0.258843199810388 0.108920197850423 0.266698381610005 0.365538220729184
0.212306917739023 0.193937842758747 0.259730602156926 0.334024637345304
0.209204263328973 0.261870588996795 0.263302158589057 0.265622989085175
0.0832178120560352 0.260873215125865 0.137084635469006 0.518824337349094
0.120559373538878 0.506873091485163 0.00772426210750908 0.36484327286845
0.147450383983903 0.108821571228508 0.33120763768215 0.41252040710544
0.286678331560227 0.200710584221968 0.160286812181411 0.352324272036394
0.303223431310286 0.141944809068983 0.227515739782732 0.327316019837999
0.271812204163624 0.13289963999714 0.336810573769626 0.25847758206961
0.33106013135651 0.159755934981071 0.212213689314657 0.296970244347762
0.243273224657229 0.19454932271892 0.3814879655997 0.180689487024151
0.229615766858258 0.252526552939717 0.127562103642726 0.3902955765593
0.26018568742355 0.286018507635489 0.110483972868072 0.343311832072889
0.333604685256173 0.392169801263272 0.0594617916453977 0.214763721835156
0.471786155400884 0.110352093595711 0.260792708136508 0.157069042866896
0.303386473594176 0.0394641560192733 0.3236871125292 0.333462257857351
0.245144236647376 0.211185007546341 0.348850627427559 0.194820128378723
0.41131280664251 0.239819532902857 0.190104253346362 0.158763407108271
0.279486315283254 0.350409545695658 0.175252883690898 0.19485125533019
0.0981337791153133 0.56231152981847 0.166751584577177 0.17280310648904
0.283660407944961 0.219017603104776 0.154100743802244 0.34322124514802
0.41905103565331 0.104988243141977 0.332895857792635 0.143064863412079
0.256239388492346 0.274482657816238 0.265392890910384 0.203885062781032
0.199627772880989 0.314884487739107 0.144501109221199 0.340986630158704
0.365553380939334 0.25729564695577 0.211172091779961 0.165978880324935
0.203145091073955 0.314104163354833 0.249517980296212 0.233232765275001
0.380336565266748 0.1290099419832 0.193897013035606 0.296756479714446
0.0930932133975809 0.131147751870155 0.252707568314946 0.523051466417318
0.497169373958686 0.232714574282452 0.0797086277917347 0.190407423967127
0.277922153250117 0.27146588461736 0.3280182653766 0.122593696755923
0.297446822183793 0.0421780726018261 0.412093028730835 0.248282076483546
0.214753339096377 0.242192226153291 0.307106627542256 0.235947807208076
0.161336590258002 0.283322879723721 0.208712654941314 0.346627875076962
0.443380540346903 0.102826251082501 0.338925922655742 0.114867285914855
0.282763568247885 0.225721059747913 0.372031211903479 0.119484160100723
0.311395562474799 0.217365464303713 0.192426613664468 0.278812359557019
0.217483615914549 0.214881894110676 0.226343303123021 0.341291186851755
0.0894933559642831 0.264021196129501 0.396317748417424 0.250167699488792
0.0530718619867168 0.391701854783152 0.296622465366113 0.258603817864018
0.283343014426368 0.403273647370659 0.266685725759086 0.0466976124438879
0.131153362009141 0.400401294499773 0.256771415534448 0.211673927956639
0.331685982412574 0.0955398368775489 0.361308956576683 0.211465224133195
0.166608923505032 0.172182345355502 0.249009623324576 0.41219910781489
0.261122812851824 0.268590235303117 0.102974589766022 0.367312362079037
0.0713104960238743 0.489116132969954 0.202181817049935 0.237391553956237
0.165016929817518 0.110045069340989 0.0778977022720398 0.647040298569453
0.35106577120299 0.176908037434311 0.0394695321287322 0.432556659233967
0.246558888891621 0.141354720222627 0.263467055934272 0.348619334951479
0.170106232929665 0.158182258003068 0.322700486660326 0.349011022406942
0.239998097579626 0.287227976170949 0.204220606702428 0.268553319546997
0.0603134233563546 0.295660564680109 0.140532422001349 0.503493589962188
0.100340929953551 0.516088690207385 0.0210188347642505 0.362551545074814
0.126281710299315 0.114281081670377 0.303333376593714 0.456103831436594
0.320898362528072 0.190763834280522 0.15874237658555 0.329595426605856
0.27815049641267 0.156950282087374 0.239016366038024 0.325882855461932
0.264012463277075 0.0950648211263798 0.342509900496234 0.298412815100311
0.321143570888246 0.225527337545204 0.199971335123981 0.253357756442569
0.191972022828473 0.216219527306201 0.390124633487613 0.201683816377713
0.214334727149032 0.277016346470382 0.0835050831733897 0.425143843207196
0.291854417055479 0.241859068260563 0.142818537919205 0.323467976764753
0.401702141841557 0.371050497605366 0.0604794311170814 0.166767929435996
0.508092828933702 0.0846033122946301 0.283025729622826 0.124278129148842
0.270939917701938 0.034057667255872 0.30439865436046 0.39060376068173
0.241931077815445 0.227733783160115 0.326092555010796 0.204242584013645
0.382793236862763 0.224017689134871 0.203433716332802 0.189755357669564
0.322736537426506 0.339034478830656 0.179083132180874 0.159145851561965
0.0951995350032017 0.595477230243631 0.14632771235545 0.162995522397717
0.309713723188878 0.211924885192029 0.162402550409294 0.315958841209799
0.393725393691774 0.154455300399402 0.333950360565966 0.117868945342858
0.289728506915659 0.323914513990726 0.222786954883717 0.163570024209898
0.212024440132586 0.337767033199123 0.172023374823801 0.278185151844491
0.410975758836528 0.195277675463165 0.24447161676894 0.149274948931368
0.130504104310082 0.312499829311028 0.279657246099366 0.277338820279523
0.359174450729893 0.167136806185986 0.220941670653413 0.252747072430708
0.0814816804246881 0.113255333161503 0.214078071990372 0.591184914423437
0.528735823003889 0.199913258674949 0.066493625333425 0.204857292987736
0.293865521943232 0.221992509552807 0.347120612896547 0.137021355607414
0.276281211776314 0.0096701557883426 0.445922852332826 0.268125780102517
0.243954402278349 0.216215113294037 0.314888388163839 0.224942096263776
0.142491120171331 0.246725339662965 0.195532285150671 0.415251255015034
0.412696780869215 0.159247384556715 0.322131016233013 0.105924818341058
0.277451465401083 0.202335694184469 0.401652878293928 0.11855996212052
0.246879586769218 0.263854183422938 0.219372150876773 0.269894078931071
0.24972234807066 0.181527248393485 0.259636040627255 0.3091143629086
0.0872966826022329 0.354148906487275 0.360969997704306 0.197584413206186
0.0724853115786739 0.399727751408047 0.323573983130359 0.20421295388292
0.263562761482621 0.421163747144308 0.253556414372357 0.0617170770007141
0.0775109601939818 0.425690998347148 0.300381403810596 0.196416637648275
0.251360573713583 0.109722325556038 0.403830591839211 0.235086508891168
0.161508833570611 0.145689942402639 0.24622582082365 0.4465754032031
0.238691742802763 0.257026991853917 0.108623819522113 0.395657445821207
0.0422158147869814 0.463561577088418 0.263002953329199 0.231219654795401
0.173539599317025 0.10783937457148 0.102756289158006 0.615864736953488
0.350080490831021 0.121125867975622 0.0701973024770445 0.458596338716314
0.25884099997408 0.149867198847098 0.238387723939051 0.352904077239771
0.16696073036377 0.193747755019136 0.276507159569157 0.362784355047937
0.204877991248321 0.32509944440692 0.156086561038673 0.313936003306087
0.100833993189816 0.332577967380164 0.0878981177051235 0.478689921724896
0.0905289849675558 0.424978015257789 0.0918796358426296 0.392613363932026
0.121966623327114 0.132180559804145 0.302030118521129 0.443822698347613
0.323612612363188 0.170697748153333 0.176234436739295 0.329455202744184
0.264472512640893 0.104175780070537 0.268463525517629 0.36288818177094
0.260739995495286 0.159342755077614 0.321542146030706 0.258375103396394
0.345586091416346 0.202360710731149 0.198562987450267 0.253490210402237
0.165389555924399 0.208518963042114 0.348845561563103 0.277245919470383
0.173759777006269 0.280303761670994 0.139592789644252 0.406343671678486
0.302986321510148 0.23140509435212 0.164379995962493 0.301228588175239
0.41857590739211 0.364515556617308 0.0958979853087918 0.12101055068179
0.48765004227226 0.0863700638789942 0.293537839672429 0.132442054176317
0.300882042236802 0.0344701757985215 0.301364766957607 0.36328301500707
0.208873442433161 0.240624932145479 0.327512101890856 0.222989523530504
0.391006668192695 0.236017886667923 0.182149842946819 0.190825602192562
0.357919262319599 0.322174766972677 0.156893611869797 0.163012358837927
0.118007768779797 0.557511484112837 0.182517733707827 0.141963013399539
0.304658963314403 0.248471624755375 0.159406824170125 0.287462587760096
0.429625693332845 0.242630244106819 0.269571186437558 0.0581728761227772
0.331601876601731 0.339773222394265 0.216230100556508 0.112394800447496
0.28422492131292 0.324201416557696 0.136423691243579 0.255149970885804
0.39635090191189 0.20659914655336 0.224870876391148 0.172179075143602
0.135039491201885 0.320661517191084 0.286237899589167 0.258061092017864
0.346472463254736 0.173209471081314 0.244088762225586 0.236229303438364
0.100869928125096 0.0860009568164218 0.263412527615293 0.549716587443189
0.561311203491722 0.148118800191604 0.100412188633237 0.190157807683436
0.276226326035837 0.232825311846396 0.315056141357205 0.175892220760563
0.24617864054244 0.0328295274365592 0.437849387010448 0.283142445010552
0.252896412467989 0.20754969870295 0.35083011859186 0.188723770237202
0.0947754447654058 0.283474292180483 0.178333619611635 0.443416643442476
0.44076137585746 0.17268030423313 0.344718923716116 0.0418393961932938
0.278970537165862 0.145838695871818 0.442574513346583 0.132616253615737
0.274492954113238 0.27319904777438 0.23416524411736 0.218142753995021
0.249122882819225 0.200230729296545 0.238526550623818 0.312119837260412
