0.349217151764033 0.183702281410447 0.316080974155955 0.150999592669564
0.498790694778554 0.109976269154905 0.189827922583272 0.201405113483269
0.396474612682785 0.195000478632428 0.300961803020492 0.107563105664295
0.44791896760329 0.253532997603768 0.10619547664202 0.192352558150921
0.244401950274518 0.249844682625234 0.320226755616177 0.185526611484071
0.250096759191861 0.137755598684932 0.363144993340337 0.24900264878287
0.129150776380597 0.236469032090521 0.176802544931536 0.457577646597345
0.280596623508126 0.331672150423544 0.130504265249105 0.257226960819225
0.0630491893110869 0.275643396886745 0.429052683124281 0.232254730677887
0.247021450757869 0.18393281538776 0.305704281481379 0.263341452372992
0.260653553887542 0.280519106318035 0.374988007359551 0.083839332434872
0.261895953514343 0.261725126202912 0.122071925643975 0.35430699463877
0.280954198981354 0.235866933811606 0.255146482484095 0.228032384722945
0.353620897715869 0.399110382090455 0.1461542745287 0.101114445664976
0.365140521640591 0.14670497264743 0.292743478102792 0.195411027609188
0.396784639280516 0.137536132782676 0.253769909297383 0.211909318639426
0.114059461733032 0.275194178612683 0.381346188383794 0.229400171270491
0.150244780239491 0.271320894405493 0.154409810314421 0.424024515040595
0.202400982325909 0.406726463844644 0.268243249572603 0.122629304256844
0.300462306360631 0.153919776446559 0.471683831383677 0.0739340858091327
0.281426990491223 0.169543427076916 0.19871163907492 0.35031794335694
0.297723257853368 0.191456705298191 0.215159064200164 0.295660972648277
0.205033718490986 0.176496222882407 0.393797362220111 0.224672696406496
0.241849996380017 0.306072602667071 0.216922931670898 0.235154469282014
0.293183193940156 0.189302302120539 0.371250037138578 0.146264466800727
0.497065571865398 0.173112339233353 0.145710136424699 0.18411195247655
0.339853138889897 0.208843656299094 0.21797269894211 0.2333305058689
0.244410710237495 0.403249859721532 0.161610491285547 0.190728938755426
0.364976352772185 0.35990432012231 0.0618724049364018 0.213246922169104
0.116051899496826 0.131343651552964 0.551569604768101 0.201034844182109
0.199070186366593 0.324796550842402 0.244501347883643 0.231631914907361
0.188450707407115 0.341514799161808 0.218994808469998 0.251039684961079
0.192268899957343 0.174303755457297 0.521403267138422 0.112024077446937
0.166061177610719 0.501624551245753 0.221814086606615 0.110500184536912
0.0822293829996265 0.278749299924104 0.276839918870682 0.362181398205588
0.347530224555428 0.124475549881931 0.259658164033324 0.268336061529317
0.28739139779373 0.071560324130468 0.448045630489958 0.193002647585844
0.287511520942226 0.305289581430433 0.116053274765235 0.291145622862106
0.270625070136491 0.0704597887738769 0.175769636358533 0.483145504731099
0.155206918036334 0.422726627917001 0.16679236563584 0.255274088410825
0.33651475725228 0.25807726747943 0.235127352369287 0.170280622899003
0.166897405986166 0.453105030771504 0.255125113612569 0.12487244962976
0.211923298792289 0.311896682673109 0.288500429256758 0.187679589277844
0.161950188046996 0.347558164542049 0.394951769347978 0.0955398780629775
0.311097680890159 0.18063782270782 0.287535582539994 0.220728913862027
0.240507861179631 0.300451361428828 0.17197871853419 0.287062058857351
0.103849450687495 0.596772847791741 0.181857434157543 0.117520267363221
0.310592084215905 0.222555488728326 0.288634361690527 0.178218065365241
0.498036398359809 0.142779199710677 0.167508018997678 0.191676382931836
0.36542110762485 0.198030935927673 0.295625503551729 0.140922452895748
0.451153303953869 0.305047477290507 0.0826181380917802 0.161181080663843
0.245071900311781 0.246096937475931 0.351261220569877 0.157569941642411
0.246024535960665 0.173024355053828 0.39857941393342 0.182371695052087
0.0992077352147725 0.269579761625631 0.164360515658166 0.46685198750143
0.25449415653954 0.350800506011143 0.128808694753893 0.265896642695424
0.08468099564906 0.244155357920546 0.477160989016955 0.194002657413439
0.245552067241054 0.156369190279309 0.350598398836958 0.247480343642678
0.248484732288208 0.301972163693073 0.384366123035196 0.0651769809835235
0.255226712819152 0.216149086978515 0.12876994328122 0.399854256921113
0.320527753448997 0.233092368109767 0.288832731430564 0.157547147010672
0.343867169436258 0.414778090314374 0.201933141476794 0.0394215987725743
0.319999068426136 0.153822051764299 0.310294472028916 0.215884407780649
0.360955215301358 0.160913256967884 0.238605728853994 0.239525798876765
0.17519957718736 0.251031476973104 0.368668302256299 0.205100643583237
0.197752825187827 0.238376211082345 0.176669870435027 0.387201093294801
0.189467365514267 0.361895270315108 0.324361055964161 0.124276308206464
0.256118361663456 0.110434389113356 0.492395694261619 0.141051554961568
0.278623916830752 0.167785044840331 0.191746709451857 0.36184432887706
0.259737276504466 0.162861110224771 0.320095742546876 0.257305870723887
0.200291767744593 0.14251760096463 0.430430541289142 0.226760090001635
0.203248564780199 0.325145263307884 0.199693619815854 0.271912552096063
0.297688655330519 0.178271627225966 0.391307338978857 0.132732378464658
0.527031734540226 0.230444528154635 0.108282862001746 0.134240875303393
0.337458468700073 0.219767011913162 0.196672875271694 0.246101644115071
0.220322141525609 0.368672644893072 0.21820701589154 0.192798197689779
0.345617060379566 0.340541881279655 0.0988188556166633 0.215022202724116
0.15098682434241 0.133726059024269 0.555702756850897 0.159584359782425
0.200582757808302 0.307968080334067 0.289111891985677 0.202337269871955
0.178255413262318 0.356486331718037 0.231208225339052 0.234050029680593
0.211734551238987 0.196437311692646 0.475235962905473 0.116592174162894
0.150682503776226 0.456109924933683 0.221216962769983 0.171990608520108
0.0935113688648339 0.265075782007054 0.215140099829731 0.426272749298381
0.317842337014643 0.163804073560636 0.215632383982309 0.302721205442413
0.276311275310767 0.0773513390581402 0.431525836156232 0.214811549474861
0.264299828266976 0.288400270313313 0.1399379441597 0.307361957260011
0.256596278547993 0.112701746580859 0.159062014255839 0.471639960615309
0.108568658209175 0.468789100135183 0.17639301059032 0.246249231065322
0.366556850406323 0.225198429384082 0.243178378993449 0.165066341216147
0.0959608691797633 0.474819723602078 0.273312599911417 0.155906807306741
0.197795082657439 0.360106967747419 0.289496429203949 0.152601520391193
0.127633969524852 0.367249585965389 0.364532490766584 0.140583953743176
0.288827705781366 0.153723298636203 0.30105735550066 0.256391640081771
0.2686696144688 0.270816619315997 0.168135268901786 0.292378497313417
0.11743255981951 0.597180038983075 0.164706835072981 0.120680566124434
0.293153503357617 0.232935865568802 0.286771120518132 0.187139510555449
0.479586128849305 0.160532023677698 0.152131406628241 0.207750440844756
0.382589121801273 0.157852062293241 0.300015733569909 0.159543082335577
0.421432726065213 0.327497549247935 0.122853649380991 0.128216075305861
0.20821300053682 0.271157967393492 0.365279180865191 0.155349851204498
0.182280622437743 0.224360073932373 0.420545672375682 0.172813631254202
0.119632890251855 0.27738775858203 0.166208473064592 0.436770878101523
0.278970952468325 0.371826093210399 0.107362294478439 0.241840659842837
0.108719085361909 0.271988273426406 0.515326440836032 0.103966200375653
0.232917228263226 0.179836533131691 0.326436659835675 0.260809578769408
0.217247930252498 0.33819605019272 0.344334530440736 0.100221489114046
0.267768730333503 0.202439148504748 0.113483385980505 0.416308735181243
0.356801124708446 0.240675045934889 0.306041298750468 0.0964825306061979
0.322808165224692 0.33524870500494 0.218227768985409 0.123715360784959
0.341936128782276 0.114422603983266 0.305178245574651 0.238463021659808
0.360885022799478 0.198213220479643 0.263482711997616 0.177419044723263
0.194745790881043 0.182512543290169 0.395010077292716 0.227731588536072
0.194974531593807 0.211640972072041 0.205416989363031 0.387967506971121
0.20984099878535 0.342108785583514 0.369187372914072 0.0788628427170633
0.247184706042671 0.0912690670568501 0.525102963081996 0.136443263818483
0.316776554925951 0.231511065694996 0.167182544627306 0.284529834751747
0.249493005595587 0.180252289930508 0.352034688089665 0.218220016384241
0.163992482440326 0.153710849378832 0.473728580042124 0.208568088138718
0.17012051514231 0.28884092406525 0.270014186297532 0.271024374494908
0.281758139959955 0.254681109326246 0.357354183931364 0.106206566782435
0.465769807256158 0.238005061102172 0.126875612387615 0.169349519254055
0.387451316410455 0.155716153398779 0.17337358690617 0.283458943284596
0.268538255218224 0.281183240515079 0.255788438531318 0.194490065735379
0.352855043956054 0.292392136177382 0.0760740916481508 0.278678728218414
0.134621776408177 0.12539752128818 0.52317581627789 0.216804886025753
0.169402611704577 0.287438016622727 0.320166593513723 0.222992778158973
0.180481018096121 0.346427920763375 0.265806014986575 0.207285046153929
0.238466881757994 0.201796298784686 0.488801241721277 0.0709355777360422
0.134492241189183 0.472119294612478 0.20645918820927 0.186929275989068
0.0899186072530351 0.259959484923613 0.210477570409857 0.439644337413496
0.277092496762541 0.160732868952795 0.264845855042229 0.297328779242435
0.276489588601002 0.0897418354362062 0.393876945005047 0.239891630957744
0.271737386069744 0.266064730834505 0.114503335245043 0.347694547850707
0.250431086981887 0.130464552271149 0.132485619889273 0.486618740857691
0.151736591978466 0.448128477804568 0.133869398700401 0.266265531516565
0.362074939073045 0.253118990347767 0.238623576261139 0.146182494318049
0.0964774332760874 0.515232381135385 0.263747812267223 0.124542373321305
0.169713716592713 0.344959315939782 0.293539233311252 0.191787734156254
0.218169865295733 0.36232597066925 0.335833246667613 0.0836709173674035
0.297632406304981 0.157757401449078 0.342282524866886 0.202327667379055
0.263540684367163 0.28438206671865 0.170676332563706 0.281400916350482
0.086710722653744 0.609779724759589 0.175732632957194 0.127776919629474
0.353353166889584 0.221271192540521 0.260895389251562 0.164480251318333
0.475491385365139 0.138355268347406 0.131063340554892 0.255090005732563
0.348352753794013 0.198907843413909 0.269707227677155 0.183032175114923
0.512962854296019 0.303983455853311 0.0699925572694297 0.11306113258124
0.17737311358975 0.293117400323944 0.355976926197918 0.173532559888387
0.173165087178264 0.239677123671324 0.403692461900154 0.183465327250259
0.164051278408774 0.312646081204424 0.129694142269557 0.393608498117245
0.249298458589573 0.358942972103393 0.130733262988137 0.261025306318897
0.12355338801407 0.245286546411672 0.519014224649834 0.112145840924423
0.232049643106414 0.169542280392869 0.318094052388263 0.280314024112454
0.185551703798857 0.338620741563874 0.329448239581305 0.146379315055964
0.240882808010522 0.248990089075635 0.0764915711015034 0.433635531812339
0.380403097101672 0.262366213795879 0.270853245091537 0.0863774440109122
0.365053686737506 0.309731674129741 0.200851463543105 0.124363175589647
0.329970536343921 0.1139794908595 0.27352271874989 0.282527254046689
0.363730974562925 0.214648058322469 0.240146696111454 0.181474271003152
0.211084533702288 0.194540202161544 0.392846316113753 0.201528948022415
0.224138097336591 0.215699633936878 0.21364221034036 0.346520058386171
0.209174071495201 0.281920349890243 0.428403500237525 0.0805020783770315
0.308771120780065 0.101482807779825 0.493832580959394 0.095913490480716
0.28658487051644 0.227084837049971 0.184736572860586 0.301593719573002
0.182700816056176 0.249204655429498 0.379034312186453 0.189060216327873
0.121001772657283 0.185386002907172 0.474409344754285 0.219202879681261
0.22403162596512 0.238807863074278 0.247862422647642 0.289298088312961
0.274686902787023 0.267552154858184 0.315818727592467 0.141942214762326
0.478537877970241 0.269893966060204 0.114645761266532 0.136922394703023
0.356077793211455 0.190217025800765 0.184813284577619 0.268891896410161
0.223787835650652 0.317603000013755 0.262585288696437 0.196023875639155
0.410738886821757 0.251443885165368 0.101957059430823 0.235860168582052
0.138229600759816 0.103648197239311 0.5118068979696 0.246315304031273
0.112624221907031 0.319708239268912 0.351656240134771 0.216011298689286
0.213396584969392 0.354622724739596 0.249468955001194 0.182511735289818
0.26537077651119 0.181570515946735 0.513196187818441 0.0398625197236349
0.095091389724586 0.469630179524232 0.23503765433387 0.200240776417312
0.0580576199231795 0.2872802867221 0.246570199000852 0.408091894353869
0.289971435753885 0.1474260650737 0.274033039456124 0.288569459716291
0.286680036701914 0.0807027654504682 0.383107275468081 0.249509922379538
0.268533760721348 0.252571733843824 0.0688125490759 0.410081956358928
0.29089212790456 0.122089874655211 0.0611801944008827 0.525837803039346
0.148107427353739 0.484821190644727 0.110514856619622 0.256556525381912
0.350527533026161 0.282617038602521 0.268433533159819 0.0984218952114989
0.0880555370817468 0.523953578962638 0.243477311155123 0.144513572800492
0.183840967964687 0.340874822027258 0.23761006613838 0.237674143869675
0.224241254383908 0.380475613408695 0.302555960561591 0.0927271716458063
0.349989109290689 0.137475004716714 0.314455933926064 0.198079952066533
0.241125716611841 0.295065349625771 0.194370504436627 0.269438429325761
0.105924181898673 0.627371979587785 0.176188696633587 0.0905151418799557
0.335900562827893 0.232568851761394 0.277598029843683 0.153932555567031
0.444874252052514 0.175092306722983 0.172533871218975 0.207499570005529
0.29121284249514 0.276836334100372 0.233783368479509 0.198167454924979
0.494685831814822 0.299293368854567 0.0758864877304546 0.130134311600156
0.166665664567303 0.306080980797969 0.383530260826383 0.143723093808345
0.192124442782866 0.283294538459201 0.384998024936739 0.139582993821194
0.189552782041178 0.321219115423868 0.0794439007540977 0.409784201780856
0.22892393072495 0.362752306784529 0.105529610529406 0.302794151961115
0.132068255911682 0.267323021197672 0.488989847468873 0.111618875421773
0.169925610235781 0.1824263544757 0.379238493556552 0.268409541731967
0.167074165209934 0.324715955971998 0.345769860863564 0.162440017954504
0.229014722641753 0.238496515808622 0.0602572366072834 0.472231524942341
0.339434254786184 0.283064298774964 0.262729509555182 0.11477193688367
0.332542367785195 0.355587587260541 0.212786716559523 0.0990833283947408
0.26486866363923 0.20568941299135 0.259766441582186 0.269675481787234
0.341411291566903 0.181973467172334 0.234796339818543 0.241818901442219
0.235733828185531 0.16308370347043 0.389020193266367 0.212162275077672
0.219918003945686 0.198594823431471 0.28749706975813 0.293990102864712
0.191250160643378 0.264791091963526 0.419158251545647 0.124800495847449
0.316638326295569 0.107966346170428 0.505510617430524 0.0698847101034789
0.266522694226938 0.199977060057483 0.219019794158251 0.314480451557329
0.18884543425841 0.17675962847556 0.380405973154742 0.253988964111288
0.063411994737353 0.188739396497249 0.524675552718444 0.223173056046953
0.257615082178939 0.22597419357199 0.223487556552037 0.292923167697034
0.248352410972537 0.256836854640913 0.303560002514622 0.191250731871929
0.479479104677314 0.213063998908342 0.123877671620524 0.18357922479382
0.365314730640979 0.170956785937695 0.154412711301636 0.309315772119691
0.192323363615939 0.289242890738083 0.277450425192229 0.24098332045375
0.400854038440132 0.211644696459275 0.12710915042593 0.260392114674663
0.107744061778659 0.148313875841489 0.518191933345897 0.225750129033955
0.103137453913955 0.353660528483269 0.323642588730009 0.219559428872767
0.182537089625053 0.355270283931162 0.305583736881946 0.156608889561839
0.238042172307541 0.223149308872892 0.49953970872729 0.0392688100922776
0.0790764126107766 0.452890454412248 0.255378471790469 0.212654661186506
0.0690258666590448 0.248257268402241 0.228104399767907 0.454612465170807
0.342029843493854 0.134229265111384 0.234987203087083 0.288753688307679
0.273920243763318 0.0834894288870319 0.447302980283291 0.195287347066359
0.244225730891358 0.283287580987262 0.0694411211671273 0.403045566954253
0.289863614956601 0.115703499542286 0.0598020737268295 0.534630811774284
0.136135633686559 0.423234725901131 0.101968129661029 0.338661510751281
0.323172727127076 0.280177857689605 0.294160590075458 0.102488825107861
0.0926835581422359 0.524642725077385 0.265891925165027 0.116781791615353
0.145835142395998 0.333594052729172 0.268028740576641 0.252542064298189
0.214561129610031 0.423766727819081 0.295711394718825 0.0659607478520638
0.340865551932872 0.162783574155935 0.321038972608648 0.175311901302544
0.232987506314512 0.252913281432234 0.253146475923093 0.260952736330161
0.140019283923404 0.626027888538389 0.143006842744332 0.0909459847938757
0.306997884286985 0.308530109761855 0.263056648339296 0.121415357611864
0.397642465168146 0.200972830133143 0.197491865270485 0.203892839428226
0.269468705726747 0.3170519878286 0.234783951214796 0.178695355229857
0.48815335057774 0.343672281029874 0.0718465417822841 0.0963278266101016
0.115722432810038 0.377312290110831 0.348854458355499 0.158110818723632
0.246759453477485 0.232864944606015 0.388115620922271 0.13225998099423
0.16779015077806 0.417906637651744 0.0756038891280813 0.338699322442115
0.233886044381752 0.326138570989276 0.159751999083305 0.280223385545668
0.124478072435695 0.299224056323738 0.448388988013574 0.127908883226992
0.138466217017388 0.175356017338725 0.452786487506167 0.233391278137719
0.170720423305912 0.332422110488198 0.368586711987498 0.128270754218392
0.246842278836723 0.251565723920469 0.0506302280760407 0.450961769166767
0.317334893002126 0.28473150639996 0.266331667332823 0.131601933265091
0.285229221503674 0.397861591132257 0.231408935441024 0.0855002519230452
0.257258916754676 0.223875913037053 0.243258135025106 0.275607035183165
0.314277154426084 0.169902307777644 0.216376034925027 0.299444502871245
0.286710775729208 0.149919453499852 0.390967782997211 0.172401987773729
0.227517399924882 0.151231997685522 0.360440137326252 0.260810465063345
0.190806096086291 0.188793493872618 0.451075128585123 0.169325281455968
0.38154055823098 0.0427920293809386 0.4742811684834 0.101386243904681
0.267180292435574 0.163015935773057 0.283965947161507 0.285837824629862
0.186900956675827 0.14719320169665 0.365173250309348 0.300732591318176
0.0868322468935641 0.16004303995228 0.508025662952904 0.245099050201252
0.252623544078063 0.195989501920219 0.270961355640076 0.280425598361643
0.234265547405182 0.259989191705879 0.302122362173157 0.203622898715781
0.454828466045303 0.248706677193127 0.138284465493583 0.158180391267987
0.330646243959212 0.170543723636464 0.135931129224415 0.362878903179909
0.236271557185606 0.31764416269622 0.233044095945525 0.213040184172649
0.368946047300681 0.180910127531838 0.170517322258492 0.279626502908989
0.0827200739184734 0.142963131012441 0.527760262443134 0.246556532625951
0.124856230582377 0.380443725146288 0.299704195736713 0.194995848534622
0.189332481874531 0.339062922826264 0.303850462956453 0.167754132342752
0.230053254113226 0.208676704871252 0.513734034020937 0.0475360069945843
0.0522330303556024 0.434713320334252 0.298323652245459 0.214729997064686
0.0882599906422324 0.235809028400556 0.241642166930686 0.434288814026526
0.33580990885084 0.121822218828488 0.234219951581333 0.308147920739339
0.249057288799854 0.0713052394582237 0.469013525672506 0.210623946069417
0.228361663710111 0.293585033866866 0.0368238781137358 0.441229424309287
0.24901531869288 0.114652945838605 0.142616329269883 0.493715406198632
0.146840321739206 0.422181424859884 0.1110110160728 0.31996723732811
0.284430637331661 0.239168023292487 0.371801074279043 0.104600265096809
0.128223863517125 0.512449296649239 0.234543663619382 0.124783176214254
0.183519915589904 0.366747708825137 0.197260958710625 0.252471416874335
0.217328950528265 0.413425128450823 0.28009237970619 0.0891535413147221
0.36129783340373 0.172524223203243 0.330656275652717 0.13552166774031
0.229581225453276 0.238706131366894 0.222065212918058 0.309647430261772
0.122608354061459 0.595331341472062 0.223036032208735 0.0590242722577438
0.288934679132372 0.362472351083639 0.230721920184477 0.117871049599513
0.365089716354387 0.218531268295229 0.220086312192206 0.196292703158178
0.24356573957876 0.308252922539978 0.239199366430568 0.208981971450694
0.496757913419096 0.348573332184467 0.0760962670751865 0.0785724873212504
0.123004241597995 0.392187576870174 0.337424113782045 0.147384067749787
0.208148801848206 0.2728357212892 0.37999557159559 0.139019905267004
0.182673492377548 0.399302105197116 0.082659592143148 0.335364810282188
0.239570675618115 0.279437104842652 0.168710454689203 0.312281764850031
0.112299453322876 0.279140562427211 0.483618259681351 0.124941724568562
0.112820400289614 0.190368703462098 0.487150593785266 0.209660302463021
0.18701200335826 0.372918340165426 0.346313524974156 0.0937561315021587
0.275049415440029 0.264084550309456 0.075936369778499 0.384929664472016
0.351854823366457 0.265493829013697 0.272882939318341 0.109768408301505
0.275065636517671 0.380931575421144 0.247427235356619 0.0965755527045671
0.252863358645867 0.184245317849863 0.290489403191903 0.272401920312367
0.262683862503611 0.172721027989151 0.247977852347807 0.316617257159431
0.258195914797889 0.221462308333967 0.373186792279046 0.147154984589097
0.21857964224143 0.100996279115338 0.414742040478624 0.265682038164608
0.168035387839902 0.262613886456348 0.422594507984374 0.146756217719377
0.343329319544054 0.0955121798721613 0.432087435193795 0.12907106538999
0.230921929270612 0.191754283691318 0.280595570479366 0.296728216558704
0.174446748217752 0.150096552424515 0.389439461142214 0.28601723821552
0.087180918017648 0.177551807386908 0.524352350583403 0.21091492401204
0.248072886493731 0.203360475275356 0.308462130616873 0.24010450761404
0.24886272502127 0.216873846998258 0.30749588533048 0.226767542649992
0.471875418508291 0.23424129496359 0.174163493470936 0.119719793057183
0.317080807517062 0.144727640524896 0.145438820979841 0.392752730978201
0.174127048361621 0.348393358021408 0.231876686683837 0.245602906933134
0.39603435235794 0.207922224412773 0.158331018942807 0.237712404286479
0.0940847823809706 0.103222032900015 0.590353321021339 0.212339863697676
0.143807274028227 0.38481873668421 0.287499193471895 0.183874795815668
0.216757481788896 0.380110558384325 0.28885947521134 0.11427248461544
0.313092006604346 0.169165103122143 0.476405848361803 0.0413370419117079
0.0585377344450186 0.439095560466215 0.296954970566445 0.205411734522321
0.121576812357794 0.222282341083493 0.229144193843675 0.426996652715037
0.301175351373875 0.117574042586961 0.240771864392452 0.340478741646712
0.216467117186589 0.0554495782257336 0.462175396461987 0.26590790812569
0.233283635431453 0.25556865036563 0.0584642169031746 0.452683497299742
0.218524328773826 0.151472256487903 0.131911363438636 0.498092051299634
0.182019341609908 0.402821902756552 0.0746796792555615 0.340479076377979
0.277997210032754 0.22052472157292 0.416508735028597 0.0849693333657288
0.131374057160648 0.499686253511274 0.256540848502021 0.112398840826058
0.182842715124906 0.319004831692878 0.206187405510512 0.291965047671704
0.178131473336345 0.449692370938343 0.294578312278469 0.0775978434468425
0.336755156443612 0.183013512706554 0.366375071373904 0.11385625947593
0.228603369223984 0.282296235137733 0.227041186715322 0.262059208922962
0.0978709217417885 0.617786155165246 0.212526745638139 0.0718161774548259
0.245585833327796 0.361139935734323 0.248067189715255 0.145207041222626
0.342729745181978 0.228054460314198 0.235176838471734 0.19403895603209
0.245189216568094 0.344760607044591 0.188153201374972 0.221896975012342
0.477009436468178 0.355424022689702 0.0497802247550822 0.117786316087038
0.136088962103862 0.427450343641658 0.311923014768554 0.124537679485926
0.208604637001322 0.254364915074009 0.402194040653502 0.134836407271167
0.147988492927438 0.395201445730767 0.103930864629922 0.352879196711872
0.203524874595559 0.2698548924092 0.191710208177896 0.334910024817345
0.119322555891804 0.258109896219549 0.469368254097606 0.15319929379104
0.0719337770111211 0.213227906398623 0.510923163781338 0.203915152808918
0.133870375094276 0.356384033142614 0.405448805657559 0.104296786105551
0.270798876799839 0.348214248354309 0.0404803777347822 0.34050649711107
0.34947329869 0.210264281114481 0.326757879964687 0.113504540230832
0.252759637589757 0.402796644961361 0.306553599190985 0.037890118257897
0.30172824129479 0.152254174953859 0.279912927733684 0.266104656017668
0.233607530335423 0.191802214224568 0.238601223109557 0.335989032330452
0.292665942238582 0.225123979370356 0.384571669131435 0.0976384092596259
0.18859233141372 0.081336706619026 0.447329767870717 0.282741194096537
0.165139833067789 0.255851649657234 0.423636647275904 0.155371869999072
0.360475749219685 0.132198689230858 0.446095504191441 0.0612300573580159
0.23522331268096 0.231111037032007 0.221595930951028 0.312069719336005
0.199763934038065 0.109954453662653 0.398365357414044 0.291916254885239
0.0708766534216831 0.208433590013874 0.493196165459566 0.227493591104876
0.213354836500924 0.247044060206197 0.32502898578624 0.21457211750664
0.252329290526639 0.200139798891085 0.309596025862027 0.237934884720249
0.479136852129461 0.215984643347633 0.165007154908911 0.139871349613994
0.290105816605513 0.13951662195769 0.111369791307304 0.459007770129493
0.167952177717158 0.417909724613551 0.162508480876432 0.251629616792859
0.383138422789027 0.183385139020261 0.166690729518122 0.26678570867259
0.108851052198453 0.103559019243624 0.611504702577749 0.176085225980174
0.155604379939182 0.403738175320141 0.338749082750447 0.101908361990231
0.191780451370082 0.394210086500965 0.289230201677984 0.124779260450969
0.320812907117578 0.133761542897921 0.466190044619627 0.0792355053648741
0.0476294024959876 0.442681445937181 0.287185701382701 0.22250345018413
0.158291938680609 0.212056142524099 0.192961644672759 0.436690274122533
0.299490911877272 0.115394263748198 0.25328948194802 0.33182534242651
0.223210665356786 0.0353400638109351 0.469733664712419 0.271715606119859
0.206040999629786 0.267640294309994 0.0837025227980654 0.442616183262154
0.256499622771269 0.132939462984649 0.106620445228115 0.503940469015968
0.121090144536925 0.422816428757944 0.0840263737548157 0.372067052950315
0.306330449616053 0.258027158756786 0.383500937860495 0.0521414537666661
0.176451700762337 0.469005585657825 0.248199167627438 0.106343545952399
0.213962738145682 0.320276756243988 0.150176314384383 0.315584191225947
0.178412344223564 0.478706863677568 0.275014836858469 0.0678659552403997
0.330234004565207 0.141393362655242 0.372610644319929 0.155761988459623
0.248085648420365 0.310647867666672 0.249257446124064 0.192009037788899
0.0912683249475334 0.620851173817952 0.228045395992491 0.0598351052420236
0.251273967390599 0.412307159651178 0.183196521140088 0.153222351818136
0.345138106983622 0.2246126101309 0.256140360448689 0.174108922436789
0.205474326588872 0.330434512412321 0.173474596491598 0.290616564507209
0.512709664405374 0.322353606628028 0.0714729550493899 0.0934637739172078
0.0918890891032459 0.419708689757362 0.364349291287517 0.124052929851875
0.185275221159596 0.2393228019105 0.453129448550261 0.122272528379643
0.166210003478377 0.415189869287555 0.0836246212084124 0.334975506025656
0.192955313741795 0.289694971594287 0.201663912345752 0.315685802318166
0.106238648337412 0.224098498458489 0.498248049227948 0.17141480397615
0.118503040707559 0.202405328641561 0.434587528750929 0.244504101899952
0.161962206809122 0.324418989735215 0.43125980549992 0.082358997955743
0.251624092313889 0.390995141114802 0.0171441140236836 0.340236652547625
0.349554542003616 0.218642101548297 0.315056750325864 0.116746606122223
0.229605611453722 0.393156064417578 0.307091207102959 0.0701471170257405
0.30279015302442 0.164290843142961 0.268208066884843 0.264710936947776
0.277249636545305 0.144196665076284 0.230480336046579 0.348073362331832
0.318683049430311 0.22594720358985 0.384571669131435 0.0707980778484039
0.167431626509252 0.0632688699390421 0.494542801393429 0.274756702158278
0.187744750290423 0.268481764221906 0.385873670715861 0.157899814771809
0.363662688177928 0.113536455044663 0.446256040664126 0.0765448161132826
0.250621335824603 0.209345807000556 0.217556657481784 0.322476199693056
0.212240482998031 0.068968091050778 0.420151471457833 0.298639954493358
0.0527741575313395 0.181849838734479 0.492505851023934 0.272870152710248
0.28303385141536 0.236551403628353 0.341739900253934 0.138674844702353
0.284102326744421 0.197553641143075 0.291079580900021 0.227264451212482
0.440999255365325 0.204734669897312 0.205830144798332 0.148435929939032
0.32349271734712 0.118124869025004 0.073892565403882 0.484489848223994
0.138975852113723 0.420246175209891 0.175929672331995 0.264848300344391
0.416381150250065 0.200661006154128 0.139804352785394 0.243153490810413
0.134041251685132 0.0334224007865878 0.642927552869459 0.189608794658821
0.103494784807121 0.42454728032968 0.329326700596876 0.142631234266323
0.20181193154343 0.345826794544695 0.319908730894659 0.132452543017216
0.309984221386184 0.164059203405416 0.439619677464263 0.0863368977441376
0.0496407314839976 0.414443417637652 0.287687380517024 0.248228470361327
0.149918190251024 0.208422482929174 0.232324027683789 0.409335299136013
0.290779932154599 0.142295073879536 0.241141766586231 0.325783227379634
0.243363790144398 0.0496293154734931 0.491538658527441 0.215468235854668
0.256035688681313 0.211569880584311 0.0737893293810508 0.458605101353325
0.258703643587403 0.115116925995534 0.0950010348902347 0.531178395526829
0.0750567198041841 0.425874672783977 0.0947463070981685 0.40432230031367
0.291394377690722 0.314057319457689 0.366526596485906 0.0280217063656838
0.212947059544459 0.499662100341331 0.184026238887866 0.103364601226344
0.258329652435686 0.328850793707392 0.146096779560843 0.26672277429608
0.249232428164198 0.419766995308661 0.240733822935004 0.0902667535921364
0.310105162803008 0.141144525836159 0.372731230657218 0.176019080703614
0.251818102324014 0.310258940601603 0.247021336454744 0.19090162061964
0.07077575941462 0.620605199057915 0.220527550145313 0.0880914913821522
0.309188937676091 0.447218376289461 0.168886029443855 0.0747066565905932
0.354001481714194 0.223322916102226 0.241283346110203 0.181392256073376
0.103856978255051 0.374936574984022 0.206785576992717 0.31442086976821
0.478304491538837 0.366693357509801 0.0813381483512017 0.0736640026001598
0.111371693459263 0.40472136547437 0.32008471168826 0.163822229378108
0.183170172820015 0.207578699760531 0.474047162169098 0.135203965250356
0.12864843914464 0.485630487149014 0.104268549680831 0.281452524025515
0.222104331108375 0.307916702146901 0.182869802475538 0.287109164269186
0.128195644287726 0.201630227532452 0.496777544782925 0.173396583396898
0.11324367403647 0.186330697994361 0.461701033371431 0.238724594597738
0.190029029631561 0.298153225737416 0.38049844213563 0.131319302495394
0.256139242078373 0.420944672609442 0.00290561338202469 0.32001047193016
0.350467791384736 0.257120450959458 0.309169786611717 0.0832419710440885
0.262758258001836 0.387759627890207 0.287998684069927 0.0614834300380294
0.25440443958289 0.212246583124223 0.290800858083829 0.242548119209058
0.239886770907317 0.175325938883448 0.21615781271042 0.368629477498815
0.293424720618114 0.180673455421593 0.449939708565978 0.075962115394314
0.142962469620007 0.160500016090941 0.476731657744851 0.219805856544202
0.187231707990415 0.265978071781683 0.374804448083066 0.171985772144836
0.358395748998654 0.0894488079695967 0.485247019799396 0.066908423232353
0.251826676422848 0.267670987394433 0.155208738465174 0.325293597717546
0.15365156121873 0.045851692669243 0.4852721569542 0.315224589157826
0.0499224530698395 0.173153360030256 0.48790485793409 0.289019328965815
0.300094606765754 0.23947305507764 0.296078486200178 0.164353851956429
0.292930784556036 0.210173419307737 0.311520375200542 0.185375420935685
0.394111749443557 0.226647729476986 0.230838361403388 0.148402159676069
0.309265226451692 0.110255349527969 0.0885843184665344 0.491895105553805
0.168380772121524 0.368753470747165 0.199666498121088 0.263199259010224
0.379922591980987 0.220211910419034 0.145204187237358 0.25466131036262
0.10605141068868 0.010155600637011 0.685775711386613 0.198017277287695
0.125834858325111 0.408270299433898 0.327121194164074 0.138773648076917
0.229759166033851 0.329903638438549 0.310076880157559 0.130260315370042
0.291237297777479 0.222546638952119 0.421086340534286 0.0651297227361163
0.0387089570863842 0.425098804424327 0.312783324740018 0.223408913749271
0.181318098080497 0.207290545514999 0.227684872854005 0.383706483550499
0.288237568977545 0.111552879585538 0.329285588013597 0.27092396342332
0.256469680293416 0.0466817592751513 0.47622901950266 0.220619540928773
0.21809280738702 0.197800858971486 0.0698799746600877 0.514226358981406
0.263831306915715 0.120205162388009 0.105464440168513 0.510499090527762
0.0335667101559244 0.448511225160184 0.117068306619396 0.400853758064495
0.316490089496347 0.315280436076037 0.363299930775807 0.00492954365180964
0.250536348361712 0.455877094684794 0.189646359016017 0.103940197937476
0.250867768795769 0.393554398152487 0.0929856278385827 0.262592205213162
0.245597905046982 0.403157429767513 0.271984452410112 0.0792602127753935
0.334866774800391 0.112660560151732 0.371844596699947 0.180628068347929
0.249263956682389 0.288356278941615 0.273640711486185 0.188739052889811
0.0923543639854428 0.603558431602156 0.233497042631758 0.0705901617806427
0.329781402368981 0.452553176753795 0.147841449760052 0.0698239711171716
0.279887034522371 0.276249730093733 0.260932686060614 0.182930549323282
0.105029733156978 0.357765787806275 0.227259330793332 0.309945148243415
0.488584571847277 0.373694814553026 0.0832428163291439 0.0544777972705535
0.147211046169435 0.404324213119662 0.316026944818595 0.132437795892307
0.168284885344243 0.221356591580595 0.407008791220814 0.203349731854349
0.171013899382128 0.490474784955281 0.110202504637539 0.228308811025052
0.271790119600582 0.315086769240003 0.199712046749987 0.213411064409428
0.140167424171332 0.180066993445372 0.517688811094229 0.162076771289067
0.122779724605037 0.163715721969873 0.482441559069487 0.231062994355602
0.188877923189003 0.317777540142207 0.362228608091007 0.131115928577782
0.278687088296013 0.38163403944531 0.00290561338202469 0.336773258876652
0.326541347527828 0.246978867957053 0.366053232535167 0.0604265519799523
0.227767811575164 0.387111035774594 0.30787816070285 0.0772429919473921
0.200698635399043 0.205380057824376 0.276774281063998 0.317147025712583
0.244682253819185 0.214183990656143 0.177878273753716 0.363255481770955
0.238655689956559 0.22229827227212 0.440348740192747 0.0986972975785743
0.108732600876438 0.238346202215893 0.455167569111101 0.197753627796568
0.213897784663843 0.276959215670468 0.347256404414563 0.161886595251127
0.394862348772503 0.0332062626596545 0.478178966207167 0.093752422360676
0.191506697137725 0.240526774664669 0.205397857920345 0.36256867027726
0.0720862939112795 0.105317960226825 0.474956363381974 0.347639382479922
0.0144293861687312 0.175721862381898 0.529707253616406 0.280141497832965
0.294525691032152 0.267881375139502 0.3281950979852 0.109397835843146
0.270800346621498 0.25981171408557 0.327238092588721 0.142149846704211
0.398366804020345 0.231350060853015 0.222043088629092 0.148240046497548
0.276983234385273 0.0555986149717761 0.131258336158286 0.536159814484664
0.175894516115583 0.368239228234293 0.174775765146342 0.281090490503782
0.387115515837188 0.212803961136247 0.169134268386223 0.230946254640342
0.103287809074983 0.00682945404136534 0.679993127303114 0.209889609580537
0.124822359276736 0.437334476008946 0.326295321775406 0.111547842938912
0.255972310899902 0.262850308790797 0.362926781811385 0.118250598497916
0.247934467742379 0.235155119329941 0.433287082295184 0.0836233306324964
0.0580775273144914 0.447229938283839 0.301721384834387 0.192971149567283
0.13876086404865 0.223285243621078 0.191802075307786 0.446151817022486
0.296037253554002 0.1021084902155 0.36297611398332 0.238878142247177
0.317039840721012 0.00125214156730086 0.441683792257697 0.240024225453989
0.20223357432873 0.190165216610357 0.0483397488506477 0.559261460210265
0.254507333148256 0.152606505799775 0.109081134331579 0.48380502672039
0.0589580168956906 0.444495002000332 0.0987640208747252 0.397782960229252
0.30473652842802 0.335662554696947 0.341647396544263 0.0179535203307697
0.256321361654628 0.420071119155429 0.183876495425187 0.139731023764756
0.277239806769257 0.436300073293246 0.0861587766825082 0.20030134325499
0.268686475853412 0.381502837534269 0.287484519095602 0.0623261675167169
0.308861898650573 0.127624985738828 0.335196618560139 0.228316497050461
0.262785109085362 0.242510103841892 0.308181075748833 0.186523711323913
0.112466310048559 0.581803588017662 0.258612671114066 0.0471174308197129
0.30070207032929 0.515995131167224 0.151970489867416 0.0313323086360704
0.277998251863291 0.334331240139765 0.234153935461718 0.153516572535226
0.159855946908199 0.353407334427029 0.182473473161973 0.304263245502798
0.486993319969442 0.35421211462003 0.0766449425510614 0.0821496228594671
0.138943996095953 0.455855171785197 0.324725284311144 0.0804755478077064
0.138783705959709 0.219940899159453 0.386078731914257 0.255196662966581
0.14256730759113 0.491472680033316 0.08970483540453 0.276255176971024
0.210433494552371 0.307662359191597 0.20408752268027 0.277816623575763
0.148279971566617 0.155954368857648 0.494421789097794 0.20134387047794
0.0948065721291401 0.210114060674476 0.504470570539054 0.190608796657329
0.141388125527456 0.336260606951338 0.349207098159585 0.173144169361621
0.318802327703182 0.370309427801515 0.003232836973764 0.307655407521539
0.327720876101821 0.280375648436287 0.37481840913152 0.0170850663303722
0.201488497538217 0.337834638473012 0.348016549331689 0.112660314657083
0.213496969783613 0.174843974389668 0.284091185497535 0.327567870329184
0.227752034148427 0.235133831760591 0.274971705224865 0.262142428866116
0.26238251646113 0.239213136325371 0.446652126751758 0.0517522204617403
0.109930377371684 0.282336253514062 0.43297193889902 0.174761430215234
0.162973287839688 0.253787144903436 0.396500522273615 0.186739044983261
0.332796973735011 0.0256794944337109 0.473313937043974 0.168209594787304
0.164537058257616 0.258586194103611 0.241430493388637 0.335446254250137
0.0627538320756958 0.111104271236258 0.477590095927629 0.348551800760417
0.0393965632994788 0.149451560270382 0.512455199038713 0.298696677391426
0.255821635141013 0.323849104305653 0.337042602722987 0.0832866578303479
0.247814565276447 0.287136224765616 0.306209740013345 0.158839469944592
0.452406070178706 0.226931438208862 0.169480314545748 0.151182177066684
0.256932001374674 0.0252416287913626 0.133430347138134 0.584396022695829
0.202609928973758 0.350840532208226 0.217932029891973 0.228617508926043
0.391225390612356 0.180558513312003 0.184557993850139 0.243658102225503
0.153288634773937 0.0111102334647903 0.679993127303114 0.155608004458159
0.111680081452509 0.409608575561251 0.305813446329712 0.172897896656527
0.23078168673595 0.32342050056904 0.398306484601327 0.0474913280936835
0.254890889075977 0.182533154656196 0.452407264304831 0.110168691962996
0.0820393771103787 0.422283841569718 0.286998878219753 0.20867790310015
0.164568410680782 0.195480058931727 0.200405689469043 0.439545840918448
0.33058181791848 0.0492743250435474 0.310069348718396 0.310074508319576
0.304853003687644 0.0363228027258346 0.449652507446024 0.209171686140497
0.206180827056542 0.174064113811646 0.0195735926298391 0.600181466501974
0.288464665724648 0.102794849981291 0.0709815898769798 0.537758894417081
