0.143339426894757 0.439457478295621 0.18260395597609 0.234599138833532
0.353586191913286 0.295294705699872 0.212915447043088 0.138203655343753
0.0543985019108374 0.266462569780082 0.229602379264512 0.449536549044568
0.251844976814377 0.278872665791853 0.208780159716536 0.260502197677234
0.156922086189424 0.182176083044982 0.177973981739365 0.482927849026228
0.17277678148193 0.316528323281434 0.245012387961218 0.265682507275418
0.110988506008242 0.439193463860614 0.175561023592567 0.274257006538577
0.346824613709895 0.31179892674838 0.181423904598198 0.159952554943526
0.224904504466187 0.0939323254947546 0.215092750511998 0.46607041952706
0.255595208032092 0.165211251220201 0.324399531937175 0.254794008810533
0.175560964710841 0.30149479071499 0.37559930232881 0.14734494224536
0.144493693426188 0.250925459562647 0.30486203503542 0.299718811975745
0.221697309913823 0.295580276921389 0.217533755303071 0.265188657861717
0.36820475499546 0.264814241842426 0.0893403631565429 0.277640640005572
0.20542274220587 0.441885807189817 0.148591400209167 0.204100050395147
0.210261705673868 0.200573193531287 0.350250952562991 0.238914148231854
0.313134354364058 0.249161154437725 0.330307447649348 0.107397043548869
0.228962968184371 0.186637889367721 0.205886258407868 0.37851288404004
0.366623395385358 0.286764979559844 0.127620283894054 0.218991341160744
0.197245561325748 0.221825575954998 0.307231605411961 0.273697257307294
0.327076048301976 0.207356092963204 0.217274848464174 0.248293010270646
0.28164154058883 0.209549638641492 0.420931041802453 0.0878777789672253
0.299117041634285 0.155261274623759 0.217130050934099 0.328491632807856
0.0513014776750135 0.365984458771819 0.243468220067499 0.339245843485668
0.155184155242002 0.326104200012631 0.275881073807211 0.242830570938156
0.221103902611022 0.247517591527831 0.284942428372306 0.246436077488841
0.282522155302526 0.155612514084311 0.101143454937818 0.460721875675345
0.173919321464112 0.368071504980095 0.219821010044729 0.238188163511064
0.319992743387595 0.132412802313249 0.104753310219304 0.442841144079852
0.201491316783034 0.209968437098464 0.210813981817428 0.377726264301075
0.287002995327567 0.276050920817299 0.182328111076861 0.254617972778273
0.167771208402446 0.457493266977095 0.229890328978777 0.144845195641681
0.169996598768369 0.237402794865036 0.201797711625136 0.390802894741459
0.216750991611305 0.408935435644913 0.116927330869866 0.257386241873917
0.243007691523064 0.248418138203571 0.419737373766185 0.0888367965071798
0.397072347698564 0.20134917026733 0.237044429914976 0.16453405211913
0.223686389889965 0.295905167392098 0.326059379829426 0.154349062888511
0.19404409916741 0.094163706638702 0.331852871265621 0.379939322928268
0.252601184748215 0.169214358838182 0.292517969350733 0.28566648706287
0.175843764901075 0.341922859699266 0.159626557863518 0.322606817536142
0.298569288646933 0.132202018165888 0.371348104166163 0.197880589021016
0.158502982090996 0.157974343187761 0.434580709344382 0.248941965376861
0.430509175977412 0.330576232935298 0.10086288560132 0.13805170548597
0.527818741568963 0.152679746137403 0.23416988481607 0.0853316274775638
0.23399612035698 0.141107346659851 0.203793354956452 0.421103178026717
0.24161154274332 0.272813655311733 0.132224382492963 0.353350419451985
0.168968057258717 0.301632290303191 0.215613540342174 0.313786112095917
0.120682633078044 0.401818812379456 0.203545339350246 0.273953215192254
0.344898861468477 0.365592614430445 0.127265104119033 0.162243419982045
0.0948491391803697 0.252802474875601 0.189995940052874 0.462352445891155
0.26398772485662 0.268580874655011 0.226336747259176 0.241094653229193
0.136450193852342 0.195326960969618 0.174752526790713 0.493470318387327
0.184261846361456 0.341976889776176 0.207425047179753 0.266336216682616
0.0946049903198844 0.420562867703451 0.17369538767551 0.311136754301155
0.310122388148874 0.323770221412925 0.231803388739211 0.13430400169899
0.208457028407222 0.158470735684316 0.188354521513851 0.444717714394611
0.286493158261793 0.150865109485342 0.293996628981054 0.268645103271812
0.159457292078824 0.290896074284158 0.361679413257552 0.187967220379465
0.168879628855206 0.224676372950278 0.27418439193725 0.332259606257267
0.230334966959443 0.304623592795103 0.170227653242824 0.29481378700263
0.347099917175293 0.242096124968551 0.0906303907092928 0.320173567146864
0.217700770637917 0.40536452967134 0.193834326332486 0.183100373358258
0.163011673184913 0.18084405722822 0.350555702281625 0.305588567305242
0.279010305442546 0.248868456591999 0.368226707023378 0.103894530942077
0.270201003457643 0.160685159651057 0.230696349761588 0.338417487129712
0.345818985382465 0.287222640826981 0.114946560842496 0.252011812948057
0.216753544221923 0.229876359498147 0.296273259182215 0.257096837097715
0.28369690263921 0.254396942712669 0.204103115875503 0.257803038772619
0.321652298047925 0.192799675576115 0.390591628439199 0.0949563979367607
0.308344122062094 0.151619628716568 0.201638180649786 0.338398068571553
0.0571138760076503 0.376184885196672 0.266750951875057 0.29995028692062
0.181619838088934 0.309573868206351 0.276728915583187 0.232077378121528
0.236231734582062 0.305537769151088 0.312836665765354 0.145393830501496
0.299032958665579 0.13561787100985 0.147118164974353 0.418231005350217
0.214462517965788 0.39737018135586 0.181046735685272 0.20712056499308
0.306955432986617 0.135817655131015 0.0955120738571638 0.461714838025204
0.222768410262909 0.158539966739513 0.231780671554243 0.386910951443335
0.257690788761466 0.262871355677719 0.216580780017323 0.262857075543493
0.156120618281166 0.427182199726072 0.237998907490524 0.178698274502238
0.192440991718643 0.226661930931575 0.214097778484598 0.366799298865184
0.294730329553393 0.37570521894852 0.0772020179882283 0.252362433509859
0.260161771844844 0.271243333483009 0.39900984666536 0.0695850480067879
0.399390486909839 0.212871917983265 0.175409303689092 0.212328291417804
0.223338984165504 0.266966801076538 0.360316411294376 0.149377803463582
0.210631561693923 0.105896080805306 0.343289715166795 0.340182642333976
0.250575491762589 0.155439542617788 0.289852513129294 0.304132452490328
0.169743852167304 0.373806605665745 0.180763364966694 0.275686177200258
0.323221201240915 0.12948614341153 0.34595810871112 0.201334546636436
0.200763071368984 0.159104055008738 0.412289338112251 0.227843535510028
0.402674551826412 0.366171237009573 0.0567326570832771 0.174421554080738
0.528726572084606 0.167936901782343 0.201247203138915 0.102089322994135
0.262721925321759 0.141809225287148 0.169465011644661 0.426003837746431
0.247087015210107 0.286807437425272 0.115345034484302 0.350760512880319
0.135081550041178 0.311728886176083 0.233926218246207 0.319263345536532
0.176082120181612 0.384245354882982 0.204186179206597 0.235486345728808
0.354568071945045 0.33473055327495 0.127846699001566 0.182854675778438
0.0964681587958336 0.218159434522635 0.190087738644767 0.495284668036765
0.245904192189833 0.304338641138595 0.261544711529552 0.188212455142021
0.0767197778806254 0.196341102120136 0.212281349454884 0.514657770544355
0.157490558654076 0.346795939590426 0.215088049999507 0.28062545175599
0.0826706971885404 0.437461387208499 0.18917985740289 0.29068805820007
0.363105295268314 0.298926728704756 0.23202732519989 0.105940650827039
0.217789020320717 0.125993373585445 0.217585416302485 0.438632189791352
0.235770208408858 0.14892540801596 0.286579158642067 0.328725224933115
0.147802072143478 0.264170581029087 0.385108395596653 0.202918951230782
0.156926191451197 0.214542421990852 0.281233152064759 0.347298234493192
0.249037196415255 0.287525818326974 0.163158283912985 0.300278701344786
0.347779634719992 0.198999300192402 0.117898349713095 0.335322715374511
0.268988161482581 0.421900544605876 0.14416768200817 0.164943611903374
0.179955839661518 0.152301876170364 0.330551669321929 0.337190614846188
0.235751557908418 0.25046700632517 0.383016981965439 0.130764453800973
0.295109802576937 0.0961537927921927 0.238491490444308 0.370244914186563
0.303363941552487 0.311752175545003 0.1376415845545 0.24724229834801
0.207262427848822 0.256046241310677 0.286367953316529 0.250323377523973
0.30802380127993 0.238529326598695 0.202130184286969 0.251316687834406
0.315139511285601 0.183454813291045 0.388959615913393 0.11244605950996
0.312878609558224 0.20259487381422 0.25123040972179 0.233296106905766
0.0665027368174998 0.396860231271531 0.223684075976545 0.312952955934424
0.20074331132271 0.295980893801314 0.30357675679548 0.199699038080496
0.193370874687635 0.312043395730835 0.297001350811188 0.197584378770341
0.279695086069355 0.1625026998961 0.104932676939615 0.45286953709493
0.224907240139058 0.425759240974208 0.144336975130904 0.20499654375583
0.318956738671297 0.144769209904391 0.11138865138396 0.424885400040352
0.226988755041059 0.150094853616352 0.273244255995469 0.34967213534712
0.271982690677033 0.269597122571661 0.192143306419386 0.26627688033192
0.186217364738441 0.446904879198834 0.167334426766152 0.199543329296574
0.18433261397094 0.222268530219869 0.222907947600493 0.370490908208698
0.313594270391885 0.378793275390149 0.0746123203296783 0.233000133888288
0.242797469066693 0.227091445900161 0.411738652581045 0.118372432452101
0.329614651095186 0.267100661119893 0.219966232534215 0.183318455250707
0.226921993374755 0.303899289549204 0.327097320875951 0.142081396200089
0.227767984395801 0.0877829742404546 0.297534522575918 0.386914518787827
0.249458392185494 0.10093193566394 0.313114674448438 0.336494997702128
0.184815921327245 0.408971085449015 0.168513011995671 0.237699981228069
0.319360779249939 0.175931115492174 0.359382344788236 0.14532576046965
0.214078515750426 0.17127718488884 0.39304960442395 0.221594694936784
0.380874663352942 0.383923757382897 0.0946592486377009 0.14054233062646
0.513678452402719 0.168280943144748 0.185581947820752 0.132458656631781
0.287609492568092 0.150811169431404 0.159838695615781 0.401740642384722
0.192392285242366 0.286807437425272 0.150809784720435 0.369990492611927
0.136549393016576 0.35078948080069 0.190333457708921 0.322327668473812
0.173988649275938 0.360505142601282 0.215539097625886 0.249967110496895
0.306227792877412 0.335650197081942 0.136510276436639 0.221611733604007
0.154688665779177 0.177419088743294 0.16161884140453 0.506273404072998
0.241516511498398 0.340396351087686 0.223568655890687 0.194518481523228
0.0629472659094422 0.210461398776755 0.244029318770504 0.482562016543298
0.14057145639626 0.294647855154815 0.260365051562734 0.304415636886191
0.0838010299455608 0.412604857515147 0.183896307794461 0.319697804744832
0.370293068188902 0.314214002518494 0.195129207477878 0.120363721814726
0.184257036023857 0.131602152335038 0.264571876895083 0.419568934746022
0.209288613442832 0.190376222930384 0.264339387814485 0.335995775812299
0.0922039920143481 0.313186537831846 0.378360605316156 0.216248864837649
0.144337945674483 0.285169884959548 0.233054803880894 0.337437365485075
0.247171673560759 0.240446887298019 0.211685960158416 0.300695478982806
0.37197453570836 0.194208039280086 0.126425532372695 0.307391892638858
0.30774528609562 0.402733984897338 0.114077924958015 0.175442804049027
0.215663615834303 0.140387035719155 0.340225466719338 0.303723881727203
0.267355731606415 0.246068780716423 0.367144363805229 0.119431123871934
0.264943059189702 0.09414022662766 0.248061390077369 0.39285532410527
0.293510394154254 0.333867571717743 0.12722857280313 0.245393461324874
0.192403743113449 0.245924393307203 0.29267477971547 0.268997083863878
0.331028421243397 0.235576148937293 0.25082658807444 0.18256884174487
0.303578071557936 0.156998701062711 0.41759450100077 0.121828726378584
0.311048660600913 0.202541961863013 0.258940854340505 0.227468523195569
0.0223468298792506 0.41767871465283 0.229820268031964 0.330154187435955
0.198101540345649 0.284278938603236 0.291908362638748 0.225711158412367
0.213866289165408 0.343462350620358 0.233506235108216 0.209165125106017
0.204042462398015 0.175278728709196 0.128160805182387 0.492518003710402
0.162942201663011 0.435912968428807 0.188094479629257 0.213050350278924
0.25123139117659 0.159414368916097 0.138061560222333 0.451292679684979
0.205844231534541 0.168960082456502 0.306995613417912 0.318200072591046
0.253192114337799 0.299760722855801 0.175666338971716 0.271380823834683
0.198867558326783 0.41350081056166 0.159680543154368 0.227951087957188
0.189692987930351 0.20128395672639 0.255850399288488 0.353172656054771
0.252875687041349 0.379546490892631 0.102745842635549 0.264831979430471
0.260252212370517 0.195203927984122 0.411477289112446 0.133066570532914
0.335747226213867 0.279165609640749 0.223627078802973 0.161460085342411
0.206582236968145 0.330549317718592 0.340117510337482 0.122750934975781
0.234367934569205 0.0401343137219928 0.344451335525266 0.381046416183536
0.238512978737578 0.150901244033267 0.289474485035457 0.321111292193698
0.174788422971179 0.428782723847111 0.177955924462728 0.218472928718982
0.269258624548922 0.203653890462054 0.333042422134958 0.194045062854066
0.293283680116129 0.148405657516213 0.375561596792332 0.182749065575326
0.345944421523226 0.429614702429851 0.0611842018523854 0.163256674194537
0.508750517131894 0.19479415398597 0.177814316317232 0.118641012564905
0.328085071599137 0.160766742996498 0.152017893975153 0.359130291429212
0.205821692365842 0.288330680176408 0.127979001255257 0.377868626202493
0.0945296325825261 0.382342431332167 0.177348033186145 0.345779902899161
0.208282103055475 0.323832959579844 0.298076415716794 0.169808521647887
0.245367042082302 0.354523723866534 0.182690921382346 0.217418312668818
0.163361051383764 0.150490682779013 0.161566576961164 0.524581688876059
0.195457175735996 0.377371940808218 0.226253892099759 0.200916991356026
0.0818381310973014 0.166084219728731 0.241059997255093 0.511017651918874
0.128471723757225 0.294380268402508 0.243048447995282 0.334099559844985
0.0762400229199091 0.405185373901225 0.182352375333979 0.336222227844886
0.348495149398649 0.340308779934931 0.141956593622893 0.169239477043527
0.2031862359099 0.134469692202331 0.264695346927205 0.397648724960564
0.248464781188441 0.212617137480295 0.232813011350313 0.30610506998095
0.121021862493891 0.289211898148117 0.347916204704124 0.241850034653868
0.162818693438016 0.29759983501405 0.208412961317025 0.331168510230909
0.226869967496267 0.246074160786809 0.213450938533702 0.313604933183223
0.383505677009745 0.160557206156257 0.145969284330522 0.309967832503477
0.305371018744505 0.396951130381046 0.0839354707720265 0.213742380102423
0.23914273122103 0.0853966627202825 0.372300401557212 0.303160204501476
0.259317164978177 0.264923211750256 0.37165000814227 0.104109615129298
0.302242297102223 0.0856462590929186 0.217247828650893 0.394863615153966
0.331174072973334 0.317138045495991 0.128278739088261 0.223409142442414
0.256969174323661 0.210452186180763 0.244547548934805 0.288031090560771
0.285236302009295 0.252161430510063 0.246837808196895 0.215764459283747
0.305160373489857 0.176195492677816 0.375241172363224 0.143402961469104
0.314669933570671 0.146763542939285 0.312152074083166 0.226414449406877
0.0610707866844388 0.409265382877603 0.203065244016526 0.326598586421432
0.22275803901646 0.285575099991982 0.28153758152908 0.210129279462479
0.170909009002453 0.310472373372578 0.28801650870053 0.230602108924439
0.205700299788682 0.169755271464925 0.160920253358171 0.463624175388223
0.157736826893145 0.471488702071134 0.200681479290546 0.170092991745175
0.21385200122768 0.135059275666046 0.171994711223444 0.47909401188283
0.223005458831579 0.198923217488951 0.29735157061843 0.280719753061041
0.278317073089057 0.263163131834237 0.182484484613308 0.276035310463398
0.19597701291761 0.375575905358843 0.139138742217452 0.289308339506095
0.227838092574705 0.176637685252197 0.264067069793259 0.331457152379839
0.295570340396633 0.353728062379037 0.101788850645452 0.248912746578878
0.274880052257333 0.209726197340652 0.393324392937285 0.122069357464729
0.420710995440901 0.239534297276968 0.202432345141141 0.137322362140991
0.198613309607073 0.322228006783749 0.299719014541811 0.179439669067367
0.19904503975548 0.0332976932191204 0.371104952383214 0.396552314642186
0.199491573485881 0.155471253604302 0.332136650564785 0.312900522345033
0.144232151274483 0.480917138126246 0.196053069165643 0.178797641433628
0.338377719204538 0.228621387333303 0.313912887778196 0.119088005683962
0.280609721538914 0.201114989589786 0.385473826715398 0.132801462155903
0.331220771378348 0.448330731722988 0.0610990618967586 0.159349435001906
0.487931301341059 0.251062611932105 0.146694502762544 0.114311583964292
0.341155524289727 0.147067410820023 0.173525745079405 0.338251319810844
0.181536906548698 0.212798977664464 0.201802335415518 0.403861780371321
0.0929014029784234 0.407257847294627 0.143399865865804 0.356440883861145
0.212762357693949 0.318721372514805 0.30193125348015 0.166585016311095
0.231769488067307 0.385606112671759 0.186962502249117 0.195661897011817
0.155788422319675 0.0967372884306985 0.191019112814653 0.556455176434974
0.246619970864763 0.34702738401814 0.251561397427269 0.154791247689828
0.111583135621313 0.199196757310205 0.216665394129109 0.472554712939373
0.120965642359347 0.292431406985613 0.242872955029201 0.34372999562584
0.0538303506763885 0.434613732667243 0.196377044428922 0.315178872227447
0.321815352329713 0.303557576666864 0.165185179814437 0.209441891188987
0.184069460963449 0.152549532786291 0.27712044986098 0.38626055638928
0.349189784636756 0.21292180688982 0.13179253410382 0.306095874369604
0.128062505627114 0.25169939914724 0.363596514601413 0.256641580624233
0.0893752848482057 0.328599487770195 0.18140195923488 0.400623268146719
0.294334682028519 0.244573390395378 0.147787515575242 0.313304412000861
0.41691142459451 0.144931985659817 0.11962162938903 0.318534960356643
0.304097576702212 0.393287422233686 0.0814182206383482 0.221196780425754
0.228995811088346 0.12103971203816 0.349391920736733 0.30057255613676
0.28796778346242 0.193176870902216 0.401334720938276 0.117520624697087
0.299204233183284 0.100434301177465 0.191212367390421 0.40914909824883
0.326217166917303 0.363127507821806 0.1061502071694 0.204505118091492
0.301307743601559 0.183143514206884 0.195702660623227 0.31984608156833
0.307585770243756 0.217875391938327 0.286083379782965 0.188455458034951
0.337824639450778 0.127034251974855 0.384614415999442 0.150526692574925
0.279273778397014 0.205311538725933 0.308398394913126 0.207016287963927
0.0460904473440388 0.363508586811186 0.25196697935584 0.338433986488935
0.283755003846433 0.290750374456982 0.24421280703096 0.181281814665624
0.207254739031733 0.288143839657242 0.264248462435062 0.240352958875963
0.146443355233591 0.172532400474989 0.21144439102788 0.46957985326354
0.155634223997097 0.547012301430574 0.205459382900921 0.0918940916714078
0.236886515708649 0.118329869480132 0.193066235827202 0.451717378984016
0.258755303951005 0.199178672588928 0.270121179351208 0.271944844108859
0.224140602830085 0.238737883463265 0.213236979637661 0.323884534068988
0.180691098217831 0.356839111710857 0.131377477438778 0.331092312632535
0.225239938029875 0.197148557769676 0.272563973700767 0.305047530499682
0.284271904644818 0.335298303845434 0.113222114641602 0.267207676868145
0.269509433074393 0.164538223102583 0.442027530536217 0.123924813286807
0.405716371352615 0.209574388939636 0.252578533227505 0.132130706480244
0.209497011665419 0.283737690121976 0.289076900696714 0.217688397515892
0.190319031198929 0.0429373434298586 0.382382316432088 0.384361308939125
0.182742251257747 0.201495527341869 0.360730174766791 0.255032046633594
0.137715797756246 0.509557697191635 0.176524581532428 0.176201923519691
0.347476372449557 0.256615513886252 0.298194044956535 0.0977140687076557
0.267396278807265 0.197721077198748 0.401029158280372 0.133853485713616
0.338082261331355 0.397922631368735 0.0704915265524429 0.193503580747467
0.433198872483236 0.235441733203299 0.155943441040141 0.175415953273324
0.330718121130278 0.146605081385792 0.163197744324589 0.359479053159341
0.172531766099544 0.195460402433786 0.217071252960263 0.414936578506407
0.075331817152874 0.44009899475956 0.109257751719424 0.375311436368142
0.175157119110312 0.285194114191067 0.316268869556377 0.223379897142244
0.169440666012174 0.385948825100878 0.22859802801122 0.216012480875728
0.140032643465893 0.0689178483010198 0.203256282146291 0.587793226086796
0.241719361750788 0.277594944980076 0.340666173593183 0.140019519675953
0.130702697370125 0.229836450433726 0.222249744584429 0.41721110761172
0.136404951771961 0.269135180599166 0.247830391671344 0.346629475957529
0.0751957011961611 0.457204563996823 0.151898818127196 0.31570091667982
0.308820837825032 0.254336216926386 0.209425353174304 0.227417592074277
0.18934850397761 0.178471988529712 0.262094893843336 0.370084613649343
0.365097067112138 0.173761203174247 0.142924176088505 0.31821755362511
0.132344889358448 0.289032269079528 0.352695628628753 0.225927212933271
0.0809787695805374 0.315280804947331 0.203093673322381 0.400646752149751
0.284696934061602 0.241736884833078 0.119053857145541 0.354512323959778
0.387134650486333 0.156915894529841 0.164560814125025 0.291388640858801
0.289975371305796 0.351930586882361 0.104222139585814 0.253871902226029
0.224028778133318 0.113976749311238 0.362678684876508 0.299315787678936
0.233570656662971 0.210918656164695 0.400042671536604 0.155468015635731
0.246511514472533 0.112473489915446 0.198343347998475 0.442671647613545
0.298920277949327 0.369559422134804 0.127015181824378 0.204505118091492
0.337378449842857 0.148296413184861 0.186333016187872 0.32799212078441
0.285215026748344 0.238577303692768 0.316091980481749 0.160115689077139
0.27037875425864 0.144552898937563 0.392521206339063 0.192547140464734
0.295105967582326 0.169630158312926 0.304339279482553 0.230924594622195
0.0500674506592697 0.371953384198533 0.250552466303399 0.327426698838798
0.303935235318911 0.310112831594304 0.251967281228241 0.133984651858543
0.151542960260368 0.27697822047554 0.334412008448708 0.237066810815384
0.163335662834529 0.17753515182772 0.137784105152213 0.521345080185538
0.141898744583798 0.602962514165325 0.161768275130493 0.0933704661203834
0.235077533500045 0.08098609083265 0.204814652496636 0.479121723170669
0.26072258308672 0.103721556551787 0.290541875652361 0.345013984709132
0.258059330549077 0.216895362517327 0.211232475422223 0.313812831511372
0.166823945688993 0.373690673652296 0.115342397191685 0.344142983467026
0.233860172824091 0.195640815381036 0.335364112650882 0.23513489914399
0.314806547998713 0.324838393570485 0.1265051314653 0.233849926965502
0.252419213337828 0.163501721461663 0.445935896815428 0.138143168385081
0.423294577994681 0.168224445352079 0.263312158368943 0.145168818284297
0.242535826136056 0.278237478153656 0.280674666316814 0.198552029393474
0.147050783004566 0.136015418953812 0.383624003314073 0.333309794727548
0.174773298186352 0.184202535455953 0.391600583069662 0.249423583288033
0.160611790670228 0.527950344470595 0.0979598892205073 0.213477975638669
0.371108267521151 0.253365635129783 0.308799577684903 0.0667265196641624
0.245691892521992 0.246793597639425 0.383511662729225 0.124002847109359
0.281659659982169 0.409450336863981 0.0939421808551666 0.214947822298683
0.437228913676127 0.261218686727045 0.168858156660131 0.132694242936697
0.33319635066998 0.166556913971295 0.132881472487952 0.367365262870773
0.18359098504732 0.193509268939055 0.181533749050244 0.441365996963381
0.064346032163558 0.435631532826178 0.107447543011377 0.392574891998888
0.161596464130647 0.272070058897911 0.333388632474823 0.232944844496618
0.195277814848755 0.39293166199068 0.20451015023009 0.207280372930475
0.154342658313327 0.0247967796548198 0.171893260965559 0.648967301066295
0.221305167489832 0.310105184936977 0.331624189807609 0.136965457765582
0.0778099505064707 0.248510429953825 0.260132620398532 0.413546999141172
0.122313782682882 0.273053408257308 0.277552042839419 0.327080766220392
0.117566386805219 0.449753288074465 0.145962712147124 0.286717612973193
0.336964931014654 0.248813281391559 0.19745446964211 0.216767317951678
0.182452346467264 0.226595153732271 0.238148028154559 0.352804471645905
0.373614357641701 0.173256959165913 0.109559710203407 0.343568972988979
0.154902978942793 0.307478735912648 0.292683962884512 0.244934322260047
0.0599984109969176 0.313319045917676 0.210704590314798 0.415977952770609
0.290049589009967 0.239775846228001 0.129677281802929 0.340497282959103
0.375308127587706 0.160759267194256 0.189934400403899 0.27399820481414
0.272214283731033 0.377714931230719 0.138928275157282 0.211142509880966
0.178640518871937 0.147952858998011 0.36174654762165 0.311660074508402
0.272789531241335 0.247213936595626 0.359475260461723 0.120521271701315
0.280997108079484 0.0959468818569621 0.188052043989905 0.435003966073648
0.260575840593918 0.37864846525426 0.120264163282978 0.240511530868843
0.320721292181464 0.121911132497033 0.207540902295603 0.3498266730259
0.283839416809357 0.280188463198323 0.286968397627814 0.149003722364506
0.215369779697871 0.142226103723241 0.418798782644501 0.223605333934387
0.252299386506324 0.209594145153957 0.321867448339651 0.216239020000069
0.0657736188093333 0.394310754437284 0.242242917966852 0.297672708786531
0.351280424871199 0.307655292858251 0.189111906019349 0.1519523762512
0.135183723499604 0.251655187119432 0.340970326943061 0.272190762437902
0.184494841382788 0.170970881530189 0.115821228708927 0.528713048378095
0.165246469348406 0.582383622096155 0.137623143508285 0.114746765047154
0.195767478198288 0.0945038211199262 0.247586422684755 0.462142277997031
0.221317717319146 0.0939104244474177 0.326967852491743 0.357804005741693
0.231675298572737 0.201360756471051 0.233580691417812 0.3333832535384
0.179426304046974 0.315568548174766 0.144899684238604 0.360105463539656
0.220134330952163 0.18135085650704 0.345371850926336 0.253142961614462
0.290157874911354 0.307840642588076 0.110558343264191 0.291443139236378
0.269936495546255 0.136786872897657 0.471126573616568 0.12215005793952
0.454445034180832 0.162906879681376 0.206512388897544 0.176135697240248
0.284628205033416 0.213959469067973 0.276044006563357 0.225368319335254
0.165481993644686 0.110193185719746 0.37393776734116 0.350387053294408
0.209895576612195 0.198519741720194 0.404373947566778 0.187210734100834
0.132473572926975 0.511063319796962 0.10399354022156 0.252469567054503
0.385899836611599 0.254115756621511 0.271436932339629 0.0885474744272601
0.256907025043457 0.258383480389256 0.348824816821517 0.135884677745771
0.215687401243694 0.427338077731426 0.130319001336549 0.226655519688331
0.421645333083479 0.233301011769038 0.177331181910846 0.167722473236637
0.33083544285598 0.192341801507724 0.107930943283736 0.36889181235256
0.158727378897291 0.215863706291678 0.157504094535501 0.467904820275529
0.106904481286147 0.365394053275181 0.128443569176462 0.39925789626221
0.221667065096639 0.200451135539292 0.310995148154332 0.266886651209738
0.195782234027224 0.324979185042413 0.257149303335064 0.222089277595299
0.225778322127517 0.000112954699101209 0.17380444080333 0.600304282370052
0.20548555232343 0.328409667196531 0.325449111303589 0.140655669176449
0.1250590727091 0.223453871828173 0.239298716748477 0.41218833871425
0.147933275263763 0.283804941212636 0.198740603788359 0.369521179735242
0.0989887114875717 0.475960006925346 0.117417782703964 0.307633498883119
0.308885320533727 0.29507261631945 0.236917222619962 0.159124840526862
0.201198596165134 0.241229926681192 0.218012313796375 0.339559163357299
0.359176236859558 0.0969889894819359 0.142749801343976 0.40108497231453
0.152522369244199 0.312661527617659 0.324288852466889 0.210527250671254
0.103797033078439 0.28794612080798 0.154914902056133 0.453341944057447
0.299780290548468 0.243659398639572 0.116776495375148 0.339783815436812
0.394187026229266 0.125516619615549 0.204236401045955 0.276059953109231
0.246124058759038 0.383853104593424 0.176587663705046 0.193435172942492
0.196340196887134 0.217149572626491 0.293183675979006 0.293326554507369
0.260159629122984 0.256279995011546 0.368744836189827 0.114815539675644
0.268658529011756 0.161522840319394 0.143549268973897 0.426269361694952
0.284310602106524 0.327161011081803 0.13340598982321 0.255122396988463
0.272305117978307 0.106468786332542 0.248892866556288 0.372333229132864
0.273934231014434 0.301781838143547 0.308749876851678 0.115534053990342
0.171331084659109 0.1515199921161 0.417354361797391 0.259794561427401
0.263108436447923 0.219774909781832 0.333517008959495 0.183599644810749
0.0854318314408084 0.358793964357865 0.257185424533729 0.298588779667597
0.370075354183043 0.256214592639006 0.218326582389961 0.15538347078799
0.124180465583295 0.266886384801875 0.337330689869559 0.27160245974527
0.16034086575843 0.186090692438989 0.150601804067236 0.502966637735345
0.187497481751691 0.505770319148202 0.14712728502131 0.159604914078797
0.188396461140839 0.144157354896217 0.247209808082472 0.420236375880472
0.252759991827445 0.0820784008608055 0.336681891318967 0.328479715992782
0.235204457104192 0.22133701866632 0.231410371632448 0.31204815259704
0.189422287308589 0.276319431259022 0.168824338780374 0.365433942652015
0.2001162006034 0.180510188493488 0.381187392675224 0.238186218227888
0.290157874911354 0.305671302821816 0.0920793044601204 0.312091517806709
0.260285945083717 0.190184460415632 0.483965781408989 0.0655638130916619
0.425374791948421 0.181995265703862 0.173725807121672 0.218904135226045
0.271778807920102 0.22982157885946 0.301424119405315 0.196975493815123
0.213864030859155 0.10306641051042 0.407665607919809 0.275403950710616
0.226240142842158 0.250954711797787 0.39232287276041 0.130482272599645
0.12707174247611 0.579486060518106 0.0684923999178833 0.2249497970879
0.373916707194541 0.29001052778044 0.222677141748199 0.11339562327682
0.259773250884447 0.272827681142025 0.323201222276921 0.144197845696607
0.244477434316859 0.445402683880409 0.126671545798392 0.183448336004341
0.406888103369756 0.17887664119404 0.197836588088681 0.216398667347522
0.31530746566111 0.186810378614905 0.131992143772095 0.365890011951889
0.198176298003798 0.207056190612751 0.112578753333322 0.482188758050128
0.190086044265154 0.362331514507482 0.108617335399477 0.338965105827887
0.240875485857335 0.214317100404837 0.271193435820176 0.273613977917652
0.158168729810218 0.33795037083628 0.263237713280433 0.240643186073069
0.25530229658667 0.0024746574900507 0.157252437854155 0.584970608069124
0.206394745887869 0.31534366160616 0.341700004166034 0.136561588339937
0.092724129808757 0.258562520633354 0.236357062312187 0.412356287245703
0.153961226169026 0.294521259458613 0.215660155496629 0.335857358875732
0.0856266712274635 0.505300894355936 0.0994306100724167 0.309641824344184
0.266873289128261 0.326265967715809 0.290420602672241 0.116440140483689
0.200111148647349 0.197192674133041 0.264570992179382 0.338125185040227
0.388022901033319 0.0743818645183935 0.100961946371913 0.436633288076374
0.19093881231087 0.381387130592541 0.254015955457616 0.173658101638972
0.115489453850018 0.276276910021049 0.13675987424658 0.471473761882353
0.265056960364116 0.246479316380571 0.102623317589228 0.385840405666084
0.382519277572211 0.112588104763593 0.196481116231325 0.308411501432871
0.225183779980021 0.375334344716236 0.210421047922042 0.189060827381701
0.153633305924116 0.211749560879812 0.290293628478165 0.344323504717907
0.30574093976121 0.222909876225431 0.343345156283859 0.1280040277295
0.230499908042131 0.145345138049179 0.179833378557255 0.444321575351435
0.208069648419877 0.313007011945043 0.205381735299294 0.273541604335787
0.225868591642996 0.115854640099704 0.304465176774409 0.35381159148289
0.27407658265715 0.266809913522633 0.341236744092774 0.117876759727443
0.186378577718064 0.10198989486178 0.458015892197784 0.253615635222371
0.229224264283088 0.241390920074033 0.354597115741523 0.174787699901356
0.0781181602623912 0.311047700343007 0.270579125436545 0.340255013958058
0.313355053686953 0.250876712186144 0.293290611010122 0.142477623116781
0.102154663358188 0.266361241030209 0.311057491339016 0.320426604272587
0.163725523078997 0.19729853129607 0.11772496639457 0.521250979230363
0.188869503508525 0.457499949629188 0.172865438889898 0.18076510797239
0.228705955525404 0.137887353771859 0.197795772328893 0.435610918373845
0.281775791177318 0.0476853123063077 0.370118668063169 0.300420228453206
0.239166720592403 0.170424882372838 0.294581976187549 0.295826420847211
0.189932233886539 0.250974292752059 0.16117368097313 0.397919792388273
0.192489319572081 0.197690062294557 0.395614433303149 0.214206184830213
0.26355174971305 0.336597599163747 0.0818398528778097 0.318010798245393
0.290495439727795 0.132271837784803 0.51501906784477 0.0622136546426323
0.447430548685667 0.127487307449318 0.239025641019406 0.18605650284561
0.254608522288665 0.204470452710862 0.364714469230135 0.176206555770338
0.245281988354587 0.172700831400781 0.396256049232217 0.185761131012415
0.209514445607653 0.242969660652708 0.364407393505967 0.183108500233673
0.133218322026224 0.562008503821712 0.0396568637916031 0.265116310360462
0.326917910087752 0.337914586978193 0.259906457015377 0.0752610459186785
0.261208474455471 0.275289842887668 0.28541311730086 0.178088565356001
0.269214420160487 0.435690609049513 0.130260331250694 0.164834639539305
0.395252007881545 0.198576079331508 0.187893395118441 0.218278517668506
0.351521540997576 0.17864270503153 0.096338379349345 0.373497374621549
0.141966589730853 0.234350951112832 0.131737165226618 0.491945293929697
0.271241448207257 0.409073051849796 0.0589757422612552 0.260709757681692
0.241152029488088 0.143290215675328 0.319591073921772 0.295966680914811
0.172368448480206 0.306918367618438 0.266375807693294 0.254337376208062
0.224000980031779 0.0024746574900507 0.17118165854478 0.60234270393339
0.199983001402493 0.366527248959603 0.373547940703849 0.0599418089340546
0.051511424419859 0.245009363266076 0.258099313524895 0.44537989878917
0.105431988299365 0.30797854997252 0.24286024439691 0.343729217331205
0.0483587340596831 0.504002287797233 0.164304634994445 0.283334343148639
0.219508736168927 0.34505607212479 0.304580684666728 0.130854507039555
0.197964137817118 0.225206992225069 0.250616464520739 0.326212405437073
0.352159822671011 0.0552829163200228 0.108505407582939 0.484051853426027
0.1619582528277 0.421659079126605 0.287124300673058 0.129258367372637
0.079403465350328 0.280315780728203 0.127485394039921 0.512795359881548
0.235974360266944 0.254016695083117 0.111330309790269 0.398678634859669
0.411358484715966 0.067513840302884 0.208328086218125 0.312799588763025
0.216673862352933 0.360390301146969 0.220461579008311 0.202474257491786
0.116615699154893 0.194348052800902 0.257527671318011 0.431508576726194
0.356088883045061 0.279916004503293 0.231010789017701 0.132984323433945
0.170760537578482 0.137011774158764 0.247563059280533 0.444664628982221
0.211786792090533 0.308869823073652 0.250139778033177 0.229203606802639
0.2075229097915 0.0736330008525588 0.339285150727245 0.379558938628697
0.251963169031521 0.320833691786578 0.32881867138133 0.0983844678005707
0.181838749639942 0.105633357726928 0.473054007478697 0.239473885154433
0.181614098283584 0.221638399483478 0.385317780954244 0.211429721278694
0.0426713731548881 0.265176500419439 0.337034846197404 0.355117280228268
0.31604879423319 0.2613015589345 0.265809561932071 0.156840084900239
0.030800812751359 0.235187635570001 0.36910437349623 0.364907178182409
0.216657964505671 0.21694359341414 0.130916354301707 0.435482087778483
0.198100551387964 0.458713007864777 0.209803568930551 0.133382871816708
0.25374588210416 0.114700290207313 0.178902820815485 0.452651006873042
0.260862764142478 0.11301787056847 0.352026271801533 0.27409309348752
0.205052270265515 0.13682681793952 0.355503888915193 0.302617022879772
0.196769826067357 0.276934149857103 0.142821378489148 0.383474645586392
0.152884050689493 0.20603147146742 0.39266506447168 0.248419413371407
0.310634742507507 0.311077039315228 0.0691081474813736 0.309180070695891
0.315579133560652 0.135225988497851 0.51259870525326 0.0365961726882365
0.485308248168154 0.130457339907279 0.227828213009933 0.156406198914634
0.24896577041077 0.192141780173748 0.358915391906963 0.199977057508519
0.246360623331462 0.216942652462368 0.399560659505553 0.137136064700618
0.191440836753333 0.243842141650058 0.397696467134806 0.167020554461803
0.134090320569376 0.566611958955913 0.0486964659350603 0.25060125453965
0.336315483123428 0.400076717117961 0.21266569339793 0.050942106360681
0.239265059778537 0.28193633554003 0.28541311730086 0.193385487380573
0.269897695759054 0.44775804257765 0.141519013422741 0.140825248240555
0.380489585235382 0.193865263152804 0.189918415817225 0.235726735794589
0.329860594286376 0.172483154527004 0.096476557060396 0.401179694126224
0.141368257252887 0.223163954009327 0.128416638301236 0.507051150436549
0.239182335119659 0.421136381260535 0.0760965381037481 0.263584745516058
0.24454551900047 0.151328929132391 0.303707357824904 0.300418194042235
0.225374034328792 0.309106527172936 0.239432205507365 0.226087232990906
0.285604085198939 0.00224308129133871 0.126861962873924 0.585290870635799
0.181082839106589 0.350953235966001 0.388763838159195 0.0792000867682149
0.0414686505167443 0.223512518188585 0.278721142469318 0.456297688825353
0.146078829874291 0.307787258830265 0.258162679920973 0.287971231374471
0.0105942301306175 0.553599387604812 0.18707856035497 0.248727821909601
0.220456860233525 0.266295900978658 0.315059642397539 0.198187596390277
0.12790233302637 0.236885070908395 0.28419979758461 0.351012798480625
0.39873169036865 0.023788386070403 0.0927523886337579 0.484727534927189
0.134251731491478 0.45755247198633 0.243912072788844 0.164283723733348
0.06427880016708 0.234201246041418 0.201826367333795 0.499693586457706
0.215324079010414 0.247270290331214 0.138447655924306 0.398957974734065
0.39793890226567 0.063609145303083 0.20200309523384 0.336448857197408
0.201786115137825 0.378496078045998 0.215659288797811 0.204058518018365
0.13659686326758 0.155620113049204 0.265384342416863 0.442398681266352
0.361879281384802 0.22185906190859 0.304031850381098 0.11222980632551
0.137096425494403 0.107374940208119 0.273483735435316 0.482044898862162
0.206059321808533 0.298236305615315 0.305060684880287 0.190643687695865
0.190715679241169 0.0543985509297532 0.366110064099065 0.388775705730013
0.251574780433881 0.297637505760253 0.398602001019051 0.0521857127868143
0.167293550894615 0.100584735012107 0.482391444718871 0.249730269374407
0.174700410144991 0.218491167719318 0.452402048596593 0.154406373539098
0.0224788993191106 0.29393379008845 0.382656569430894 0.300930741161546
0.29880155734643 0.229691636904025 0.283940282903456 0.187566522846089
0.00691985882755995 0.232455459701997 0.395936054300255 0.364688627170188
0.248228194324715 0.225379270266382 0.11126145933228 0.415131076076623
0.228805517627828 0.441314591788456 0.211306694898708 0.118573195685009
0.277353122028764 0.115051759140826 0.157197619151477 0.450397499678933
0.238886790480722 0.141031381529788 0.3327463770973 0.287335450892189
0.20232444645044 0.101682230839735 0.377937806430639 0.318055516279187
0.18590572662044 0.286542463164502 0.14428331335786 0.383268496857198
0.157126390390652 0.256102789187414 0.358076178430952 0.228694641990982
0.241845330728946 0.34547186563616 0.075314108671072 0.337368694963823
0.322051095274048 0.116971718995493 0.534931813368968 0.0260453723614906
0.540505823676073 0.0469127463816941 0.232432775114147 0.180148654828086
0.262662731434149 0.168896292072364 0.318679127887922 0.249761848605564
0.220349740995049 0.263375874191607 0.389435331906318 0.126839052907027
0.167236983409254 0.279288031998696 0.419568726194261 0.13390625839779
0.141140700773249 0.56396430650217 0.0260685164299472 0.268826476294633
