0.0378370811322835 0.520172092718159 0.383436815811501 0.0585540103380561
0.254538285703209 0.329357345014052 0.347753130551731 0.068351238731008
0.138221241248933 0.609870541445486 0.190258803173732 0.0616494141318492
0.0639190047511041 0.0279218460717953 0.719733692336493 0.188425456840607
0.0729652399116908 0.347147098423208 0.370622914368144 0.209264747296957
0.156207533708363 0.367269374751594 0.206822719669777 0.269700371870266
0.595340957174452 0.106127903377009 0.269891830635241 0.0286393088132983
0.0654406360221794 0.482834411287016 0.217911769722377 0.233813182968428
0.284127196871619 0.165342823742318 0.257998210661658 0.292531768724406
0.149714161798442 0.135072193196061 0.446179966260693 0.269033678744804
0.276026342499625 0.492531198447865 0.0621544036329459 0.169288055419564
0.065798797613366 0.387705993837997 0.123450594624952 0.423044613923685
0.365461178973026 0.0368976848145656 0.0868274981543757 0.510813638058032
0.286814207155463 0.130590581967244 0.0955890001554639 0.48700621072183
0.116705202798993 0.00445109248852976 0.352344496043781 0.526499208668696
0.0868126386591261 0.176225480574791 0.23812038791249 0.498841492853593
0.0948595289976079 0.0252356325151046 0.39679847790451 0.483106360582777
0.068365760055004 0.114645269059227 0.53840007808486 0.278588892800908
0.801761330037478 0.0253795149679707 0.14768911760988 0.0251700373846715
0.523906580237606 0.180985016022643 0.181793351917844 0.113315051821908
0.641621769906487 0.207126622928709 0.128851666143921 0.0223999410208822
0.00279211472676519 0.845762089740564 0.0595322422987111 0.0919135532339598
0.0510294378144634 0.589116903895538 0.276146148468557 0.0837075098214417
0.246472857498092 0.21461129604695 0.528087175317342 0.0108286711376166
0.102613944536891 0.299213365205799 0.208578949228576 0.389593741028733
0.368646487385623 0.270674609297425 0.0582048592513187 0.302474044065633
0.0665002851226435 0.0609599358536448 0.754044185642682 0.11849559338103
0.131651551846207 0.119311197871145 0.742283434368267 0.00675381591438165
0.597229045763028 0.0900717745959299 0.148320356446736 0.164378823194306
0.103939636928217 0.384913497012228 0.322069199121355 0.1890776669382
0.307848896528473 0.226624848009236 0.406790551624137 0.058735703838154
0.299040525514457 0.250301636854314 0.308465823102929 0.1421920145283
0.0805924236596342 0.207148159145304 0.330526058273498 0.381733358921565
0.250645466807382 0.215392060887776 0.0513561336204919 0.48260633868435
0.111128193971359 0.0949615167430108 0.265435897907728 0.528474391377902
0.0823985383640679 0.0983053374900193 0.348861341964942 0.470434782180971
0.137228742267269 0.0264859792222911 0.344501211429993 0.491784067080447
0.213831423320871 0.103458603189866 0.291896781738883 0.390813191750379
0.0439754775652958 0.315718705814143 0.503642906990917 0.136662909629644
0.496282749955453 0.266549748018413 0.183349615328489 0.0538178866976457
0.23033204862556 0.278447116651812 0.370326981091549 0.120893853631079
0.254676499398395 0.315807697562569 0.166764005354553 0.262751797684483
0.212585961278565 0.0551184924285088 0.428823337962064 0.303472208330862
0.161248578962037 0.270936143073565 0.14429943042012 0.423515847544278
0.11269368328615 0.61473513730424 0.208162684864405 0.0644084945452045
0.117419991289411 0.401293434510928 0.0757575282299081 0.405529045969753
0.246866840357661 0.216499058480947 0.263854772231507 0.272779328929885
0.0527586033309941 0.510466812688712 0.374999381431326 0.0617752025489688
0.293844636227047 0.320374656231781 0.334302902483918 0.0514778050572537
0.110795555811304 0.632507634989958 0.183660358430883 0.0730364507678553
0.0875168702737104 0.0401189100864127 0.74806567777753 0.124298541862347
0.083458133988433 0.320239955729099 0.385467006972616 0.210834903309852
0.215158240244779 0.367273559044223 0.219953724096173 0.197614476614825
0.605604561967451 0.0967101219278533 0.289633690393746 0.00805162571094944
0.0336326189501444 0.490149632133811 0.252314122177449 0.223903626738596
0.332327131122061 0.121719229518563 0.249813852026905 0.296139787332471
0.214747598982034 0.152238675690273 0.43527141060798 0.197742314719713
0.263465756048771 0.521868084235645 0.0852055217735204 0.129460637942064
0.0384370742343668 0.393741927423369 0.124008678443711 0.443812319898553
0.322511668351188 0.00974094564483389 0.169522545280993 0.498224840722985
0.221378345318577 0.134266181252878 0.103005630330894 0.541349843097651
0.113929454981052 0.00906217451433338 0.335864078820134 0.54114429168448
0.0644538053475348 0.187917248419396 0.243718304699281 0.503910641533788
0.0779808179844845 0.0489564966401663 0.390750602307369 0.482312083067981
0.0885698734206207 0.151704239536892 0.504424675068195 0.255301211974293
0.804561405741477 0.0253875804077314 0.0976882813113116 0.0723627325394799
0.494864551933649 0.166906817323362 0.184806271762904 0.153422358980085
0.627764683938585 0.239712399304781 0.129665570443788 0.00285734631284555
0.0145771726123375 0.823791093858271 0.052948676988136 0.108683056541256
0.075878332496245 0.562628874229758 0.27245567781823 0.0890371154557659
0.247510324466501 0.188975907629082 0.526303715415998 0.0372100524884189
0.122541625285406 0.261737714651975 0.22091763912369 0.394803020938929
0.34442403849832 0.270996076244632 0.0775036915619152 0.307076193695133
0.0987857563075212 0.0451012800698313 0.737912797066214 0.118200166556434
0.111927894892196 0.12406263763624 0.760649112064687 0.003360355406877
0.570672416494576 0.0850002081499441 0.231700976465315 0.112626398890166
0.13072984461668 0.35698739814258 0.290887390088786 0.221395367151953
0.243739208986396 0.304092850299933 0.402512611826525 0.0496553288871453
0.311926570654206 0.269699830515204 0.305975480333622 0.112398118496967
0.0900041091252364 0.232581760630869 0.328386181653585 0.34902794859031
0.285155803868166 0.214967589180692 0.0472025594206104 0.452674047530532
0.135379840385991 0.128650322891722 0.271254052128197 0.46471578459409
0.0888039700132499 0.114267784157273 0.362860728265508 0.434067517563969
0.143580409956429 0.0291121797664733 0.329628863086505 0.497678547190593
0.148036263393069 0.179026615978292 0.280224076728605 0.392713043900034
0.0157039686092006 0.315718705814143 0.514612590379165 0.153964735197491
0.388961071405237 0.30537314120357 0.215185133826462 0.0904806535647301
0.255770660987464 0.318215462957748 0.315502508546834 0.110511367507953
0.278187622141761 0.272291710793808 0.17258371616429 0.276936950900141
0.221760085854949 0.057206241189332 0.399740963675691 0.321292709280027
0.178206162764324 0.249698128185779 0.140585934780734 0.431509774269163
0.146712171188509 0.607311760273012 0.197060141227016 0.0489159273114632
0.110073654873908 0.384565108874569 0.0741349351122631 0.43122630113926
0.253821940976895 0.200893993522147 0.300692446472322 0.244591619028636
0.088913137015015 0.478693002128595 0.380938757401372 0.0514551034550175
0.319711562956261 0.328151037574919 0.338031793915738 0.0141056055530831
0.109747224161795 0.615621477697784 0.222827259388817 0.0518040387516032
0.0350045027907148 0.0201445802807126 0.846405517033899 0.0984453998946743
0.0527441563819316 0.343284126366249 0.374262032066329 0.22970968518549
0.233830057746087 0.308995535173562 0.252725317364435 0.204449089715917
0.600796384017125 0.0502098431105964 0.278867423315749 0.07012634955653
0.0600443957128329 0.479280456047539 0.276262809888248 0.18441233835138
0.285059430634779 0.103044341004348 0.309950942474729 0.301945285886144
0.183487276883647 0.138754176907491 0.494879241659087 0.182879304549774
0.257040129304022 0.568257651185446 0.0674964936580244 0.107205725852507
0.0121616380092524 0.378285933174746 0.124731587295169 0.484820841520832
0.313146251928236 0.00974094564483389 0.178887961703945 0.498224840722985
0.194375058423234 0.104700138976313 0.130787065980271 0.570137736620182
0.13023588609526 0.0266382119198578 0.293895006641662 0.54923089534322
0.104815118764623 0.190551327591672 0.191659411757713 0.512974141885992
0.0890729853728995 0.0228315895822012 0.371116220055253 0.516979204989647
0.0745928081631254 0.143590561632417 0.513010843776474 0.268805786427984
0.787857639011561 0.0423069982965888 0.106250878227766 0.0635844844640841
0.49237438412493 0.163852212091043 0.219167758970838 0.124605644813189
0.613770611357177 0.233125199647557 0.132375004211965 0.0207291847833008
0.0816602685228308 0.782125941525991 0.0281634564000443 0.108050333551134
0.0699435405482972 0.569625350920742 0.265541976728433 0.0948891318025279
0.337377559144742 0.150288906541845 0.49917790867039 0.0131556256430229
0.123212849226432 0.254447605474855 0.247992815827201 0.374346729471512
0.351470965980908 0.325872559784916 0.0580533131963333 0.264603161037843
0.0746149219052003 0.0484977219679072 0.744917802623071 0.131969553503822
0.0763479982437812 0.14407149657564 0.779504496871789 7.60083087891147e-05
0.6019326077305 0.0600241041759035 0.158663709908675 0.179379578184921
0.12851640351927 0.368420580618902 0.26884695783959 0.234216058022238
0.235374464368094 0.303556127668274 0.385727760497823 0.0753416474658095
0.239143654404499 0.310783586243527 0.318503031713376 0.131569727638598
0.103433998045164 0.262543085876546 0.26090533030463 0.373117585773661
0.310249932099451 0.195059971675751 0.00365530918329456 0.491034787041504
0.139279490009773 0.0987579619488185 0.270357485895065 0.491605062146344
0.0760294100122696 0.107240814690449 0.359022308962443 0.457707466334839
0.171498038144581 0.0172114014712338 0.302614228066337 0.508676332317849
0.126728658702987 0.203924879580809 0.296524741302979 0.372821720413225
0.00250149431380613 0.341182692531075 0.500827612428311 0.155488200726808
0.459716201690634 0.294672777578496 0.218891298647514 0.0267197220833557
0.283768219865733 0.328325934780303 0.312242154093602 0.0756636912603623
0.270560790394868 0.315284759430516 0.153244922286312 0.260909527888304
0.202545701556411 0.0277435089136169 0.403305174738313 0.36640561479166
0.17402286066637 0.260026421375884 0.159627598072598 0.406323119885148
0.170895227558165 0.570972626999435 0.204783495361957 0.0533486500804424
0.103030882766383 0.359550893457828 0.0875064074698025 0.449911816305986
0.292803926516326 0.173472668158463 0.372965040786157 0.160758364539054
0.0722689056103715 0.434365746958967 0.409869961846334 0.0834953855843276
0.276746180362577 0.354830846820898 0.364186560741231 0.00423641207529414
0.115864309337151 0.508408663434017 0.283271761985328 0.0924552652435034
0.0284883261189938 0.0172157237940251 0.860110453694259 0.0941854963927223
0.0334238384537179 0.356786486810066 0.353881257495235 0.255908417240981
0.231778989433366 0.259610064998377 0.291036514152416 0.217574431415841
0.589116822906911 0.0799768492340349 0.261066991419282 0.0698393364397717
0.0870757626124425 0.459605876510299 0.280169983830091 0.173148377047168
0.282223591363932 0.0840254460581457 0.342812915313602 0.29093804726432
0.236961304832334 0.0310897503516344 0.544137417488978 0.187811527327053
0.250866960785441 0.614276731984752 0.070754395455794 0.0641019117740126
0.0414744560701143 0.419445111828944 0.129205865590116 0.409874566510826
0.300053175014153 0.000768611889024074 0.233304635549789 0.465873577547034
0.154582273037145 0.111785219508437 0.12830951753423 0.605322989920188
0.111683839465194 0.0369199390801849 0.309018788116202 0.542377433338418
0.0411725622765747 0.145429847713237 0.206022248101648 0.60737534190854
0.126553931985677 0.0167426646212694 0.345098435320531 0.511604968072523
0.098705215118226 0.138102907553665 0.50967536836125 0.253516508966859
0.828565609532741 0.0278946283973699 0.126217795200537 0.0173219668693518
0.51898309040226 0.102421240260193 0.211400174836712 0.167195494500836
0.622988668107428 0.224383120200301 0.139903163216834 0.0127250484754373
0.0541390376370718 0.775670498081562 0.0342199191405699 0.135970545140796
0.0852303067446654 0.530492516659924 0.322786774838765 0.0614904017566449
0.378078181460959 0.175121954892255 0.433644238003763 0.0131556256430229
0.146294522279526 0.219405211464039 0.217785737185222 0.416514529071213
0.358767688072177 0.324115000080787 0.0487022434891427 0.268415068357893
0.0373052137557951 0.0544577174430392 0.828567120799392 0.0796699480017733
0.126019857386617 0.122730016633438 0.751174117671156 7.60083087891147e-05
0.583215918537112 0.113187392174081 0.150948067619417 0.152648621669391
0.142899284835394 0.294785182482217 0.2495776430704 0.312737889611989
0.255099804157969 0.2649976065931 0.369357972655555 0.110544616593377
0.206697031701507 0.339583712391217 0.289881044948892 0.163838210958383
0.104523163818173 0.30398495087416 0.236585935783913 0.354905949523754
0.327283677465366 0.198884500011577 0.00407351919543431 0.469758303327622
0.131791852762814 0.101083710048066 0.28564957302834 0.481474864160781
0.0558703263550701 0.0368784994624731 0.403762810678012 0.503488363504445
0.197781698192501 0.057178763093491 0.297386247577192 0.447653291136815
0.0994993834570688 0.249328990132854 0.341035756573816 0.310135869836262
0.0176526148265524 0.340022143583556 0.492819302584594 0.149505939005298
0.423201653676251 0.303265022730018 0.273462722583217 7.0601010513912e-05
0.276378975125835 0.321461291980238 0.310412066118935 0.0917476667749922
0.243912462343199 0.30393496016769 0.156010447476937 0.296142130012173
0.195501642093332 0.044812315763037 0.42826965616751 0.331416385976121
0.172681180723808 0.238858511981167 0.159208389065657 0.429251918229367
0.18243246724708 0.551239034224716 0.153313124963356 0.113015373564849
0.075903371508379 0.439421514392354 0.0400603547222568 0.44461475937701
0.313453925605399 0.15662446899583 0.364118503302534 0.165803102096236
0.0465143347657883 0.508664039706666 0.401264111445698 0.043557514081848
0.289571989001749 0.362250960270814 0.31190483613785 0.0362722145895864
0.146507613332172 0.479327734606847 0.291967001722027 0.0821976503389544
0.0260610515714765 0.00791478833353774 0.820942393501654 0.145081766593332
0.0871276210156516 0.309473435377928 0.378702785723002 0.224696157883419
0.289489536974867 0.2528949911195 0.262690880737842 0.194924591167791
0.570317428514503 0.0845020798086893 0.208129615228607 0.137050876448201
0.0664341030979296 0.499637800783652 0.264774284994018 0.169153811124401
0.359043615490141 0.0747834461046261 0.360799327444597 0.205373610960636
0.26206561986994 0.0118790212962949 0.57145750313533 0.154597855698435
0.281279129184639 0.599895656782498 0.0903282786674998 0.0284969353653634
0.0475932879875251 0.4163951373944 0.14224568527679 0.393765889341285
0.294134208413714 0.000768611889024074 0.263485375126252 0.44161180457101
0.160846164830933 0.149102755418261 0.133115319989169 0.556935759761637
0.111468080464919 0.0581351355229752 0.30231334793699 0.528083436075116
0.0248836553819505 0.142939933765589 0.186550406266464 0.645626004585996
0.139878646944112 0.02037245603773 0.318932409812103 0.520816487206056
0.0883952060196142 0.14589444279566 0.580752337924978 0.184958013259748
0.80506610766948 0.0553183445534149 0.137868067362469 0.00174748041463585
0.488729250624245 0.0899306380325662 0.260487545483596 0.160852565859593
0.678357728227275 0.182372728242709 0.112513898673526 0.0267556448564906
0.0745848041873277 0.705125144020966 0.0603855241743177 0.159904527617388
0.0932980797769004 0.549706508097497 0.284144845794377 0.0728505663312252
0.408741984453744 0.19368778307662 0.387835120700766 0.00973511176887027
0.112775515380666 0.196354736512297 0.256007437703846 0.43486231040319
0.373141613528489 0.285422608609083 0.0498921390454511 0.291543638816978
0.0508925846606561 0.0463068556698649 0.840658845874544 0.0621417137949348
0.109952512772778 0.122730016633438 0.767241462284995 7.60083087891147e-05
0.620407786557566 0.059590323026572 0.18793305797614 0.132068832439722
0.142193331671833 0.280861513533516 0.262743903748954 0.314201251045696
0.259566711267568 0.258185520869595 0.383320800662616 0.0989269672002208
0.258335757567139 0.280537106044252 0.286085437333863 0.175041699054745
0.122417933342165 0.233690303978669 0.271575146985813 0.372316615693353
0.369652172365077 0.163226353104933 0.0100645918746056 0.457056882655384
0.155175273235778 0.0719215710856458 0.281767585925545 0.491135569753031
0.0331005777958485 0.0462348875454337 0.396336005820916 0.524328528837802
0.269020124660836 0.0243823779368018 0.271646443981258 0.434951053421103
0.0853465556854554 0.262216600412576 0.289305250265439 0.36313159363653
0.0196468100345059 0.362183498162122 0.474611466223923 0.143558225579449
0.42510243509957 0.323119155759021 0.251707808130896 7.0601010513912e-05
0.248300924825589 0.314904765071121 0.295396390869192 0.141397919234097
0.242179381626395 0.272578590754721 0.194140123889728 0.291101903729156
0.23156242639645 0.0359766386298623 0.436673645217348 0.295787289756339
0.173194414911192 0.298348776584104 0.139811808280843 0.388645000223861
0.15327906234418 0.524481128662308 0.231821052692871 0.0904187563006412
0.11307034768039 0.44947393883461 0.0271561038094228 0.410299609675577
0.344235331362115 0.160294914656658 0.334339437646058 0.161130316335168
0.0444444834287875 0.514098214495781 0.405672686807293 0.0357846152681384
0.235284549556716 0.389217285359684 0.313438117836207 0.062060047247393
0.104946934053836 0.481972173887113 0.310181498226542 0.10289939383251
0.000682277482436225 0.00159794561269389 0.887142801724739 0.110576975180131
0.000231219278766254 0.341751082888565 0.385669401045746 0.272348296786923
0.298103984059122 0.265683216061551 0.250984130474149 0.185228669405177
0.569026911970835 0.0998969660425332 0.233666072922277 0.0974100490643551
0.0774071270529413 0.508108024598599 0.242691891278627 0.171792957069832
0.381979185515725 0.0439971661839047 0.383853467464991 0.190170180835379
0.258660428347616 0.0328489177746405 0.522471113321386 0.186019540556358
0.295939247472069 0.606718853748931 0.096892393108198 0.000449505670802073
0.00403418270650549 0.465993927057687 0.160486281659901 0.369485608575906
0.289351742387924 0.00279727990894466 0.241210317091677 0.466640660611454
0.192831624389133 0.156692202916583 0.122392811923068 0.528083360771216
0.100875517625763 0.0530191259911998 0.313725853480548 0.532379502902489
0.0544334418362499 0.144872419085729 0.184862041274313 0.615832097803708
0.141344597128613 0.0114945072613769 0.323647220846603 0.523513674763406
0.0999364571884333 0.124775657738909 0.601635822307626 0.173652062765032
0.806443677256683 0.0497170333694147 0.126098826180569 0.017740463193334
0.503516002122713 0.0876649350936724 0.277251248333454 0.131567814450161
0.721326317003695 0.130647105062317 0.147698607365194 0.000327970568793324
0.0432238046808952 0.690178132018153 0.0913212245575879 0.175276838743364
0.0968903823223398 0.530535754183566 0.276148928210328 0.0964249352837658
0.454616138596547 0.208910923014354 0.316664926370141 0.0198080120189587
0.0951245544826394 0.239755450552332 0.229698894003122 0.435421100961907
0.389947262989946 0.25508126908448 0.0741734919493778 0.280797975976196
0.0207159729503163 0.0645351474482245 0.83671504323121 0.0780338363702495
0.128770613529977 0.127619138255983 0.741961949696827 0.00164829851721263
0.616189572837552 0.0423357034875552 0.227328157499384 0.114146566175509
0.181000352048968 0.280772491027954 0.227584458579107 0.310642698343972
0.288162523944508 0.235268424232639 0.397614042774651 0.0789550090482023
0.246632577691518 0.303886274743021 0.283648558999598 0.165832588565863
0.133682497369243 0.25743174258519 0.22698741316224 0.381898346883326
0.338122327923393 0.20213040625235 0.0130826856356623 0.446664580188595
0.157098712887506 0.0708748047856586 0.283251702016705 0.488774780310131
0.00565768021318897 0.0657040534754925 0.380745034729619 0.547893231581699
0.219401041769687 0.0629978194977798 0.261657879163791 0.455943259568742
0.109519538090162 0.242003292541559 0.289067339222216 0.359409830146063
0.0237616572514938 0.32543136478802 0.507166006815005 0.143640971145482
0.373664429388618 0.385008684591419 0.2108029019076 0.0305239841123628
0.296193255412499 0.288960845357512 0.24835937143993 0.166486527790059
0.24831690862213 0.235056034826276 0.211919296113255 0.304707760438338
0.21754078132337 0.0514930389612608 0.454065234192791 0.276900945522579
0.172333634771272 0.292416032271073 0.15042186994358 0.384828463014075
0.15088341682679 0.550356000644104 0.213645314306527 0.0851152682225797
0.092488880510122 0.388698441697972 0.0888931827208148 0.429919495071091
0.314740594669247 0.203919779693349 0.386664794368635 0.0946748312687693
0.0283979970412926 0.49457417157627 0.420750231393094 0.0562775999893427
0.268067022826333 0.410502292444637 0.31448665512174 0.00694402960729036
0.163079508167387 0.476515381539281 0.300136336319214 0.0602687739741179
0.000682277482436225 0.00810324718996578 0.887142801724739 0.10407167360286
0.0137287221826859 0.332476521854748 0.373155093899553 0.280639662063014
0.284109021319597 0.227750582487896 0.277174230019205 0.210966166173302
0.571303083563365 0.0835918334888533 0.287529572980928 0.0575755099668541
0.0875556396948406 0.511636883383884 0.238421548826408 0.162385928094867
0.386714521037125 0.0378905540801463 0.38514313151672 0.190251793366009
0.228981367800701 0.029572797875403 0.5068679248728 0.234577909451096
0.271722428470474 0.602315142050681 0.107392070275006 0.0185703592038391
0.0039604062425275 0.397484718914464 0.181824691136349 0.416730183706659
0.288423115183076 0.00279727990894466 0.316267006172925 0.392512598735055
0.190721081252182 0.114690869211899 0.151204125286326 0.543383924249593
0.0574882635485204 0.0741461302607103 0.34489382869998 0.523471777490789
0.0387343571336036 0.156519067180485 0.223347217285767 0.581399358400143
0.151605329105791 0.0356463511000034 0.290553695924452 0.522194623869753
0.0673359592974711 0.132510734291398 0.61773734225154 0.182415964159591
0.82819587363825 0.0230222569431124 0.122661161506439 0.0261207079121986
0.466313940543849 0.0713124157414505 0.282367589934114 0.180006053780587
0.678406935045496 0.127811792384537 0.193179902957811 0.000601369612155912
0.0226498513338474 0.745702717676139 0.0707040250314195 0.160943405958594
0.165624328701847 0.509865999751983 0.277111464980713 0.0473982065654571
0.485246840568951 0.174078265623847 0.316664926370141 0.0240099674370611
0.118602477753187 0.218313615055525 0.180032883769781 0.483051023421507
0.33604378469324 0.277984379753475 0.103574442433356 0.28239739311993
0.06578651343622 0.00890580099836505 0.856740732717857 0.0685669528475583
0.130198413051457 0.104701977736119 0.743515813333045 0.0215837958793793
0.664211083092609 0.00823205991350173 0.185715195640175 0.141841661353715
0.225686213214603 0.280480524188959 0.178953004669196 0.314880257927242
0.33088106237689 0.258545977450124 0.388922374642563 0.0216505855304219
0.273784567715658 0.304397742496698 0.305466675551329 0.116351014236316
0.150419074337349 0.240105404356886 0.212986419334882 0.396489101970883
0.307426498604091 0.232847169916154 0.0413999298643364 0.418326401615419
0.168317721433829 0.0903669046097873 0.289062088675118 0.452253285281266
0.00565768021318897 0.0640242895150733 0.408659101173538 0.5216589290982
0.236708417525313 0.0133945865294141 0.26994475225783 0.479952243687442
0.139491068780253 0.267953518077339 0.260956431168866 0.331598981973542
0.011807141323557 0.312720351632962 0.524098681131927 0.151373825911555
0.366215770261505 0.413531357898871 0.172753908676105 0.0474989631635188
0.335272088936172 0.291414196052362 0.223481622143792 0.149832092867675
0.250374246930208 0.252188349080108 0.186952211305679 0.310485192684006
0.21197341468771 0.0948354189249848 0.421091083468315 0.27210008291899
0.142707434947002 0.332256660367208 0.139692435986559 0.385343468699231
0.1265072131366 0.554650939331339 0.20146586565887 0.117375981873192
0.0311114455479258 0.376864709751437 0.121305510657432 0.470718334043205
0.311029661051698 0.201669275711863 0.431366652390652 0.0559344108457869
0.0173264276560527 0.490611557945696 0.441829793345596 0.0502322210526552
0.262920971837636 0.424342840946685 0.308529369882612 0.00420681733306679
0.137350991671368 0.463276962383458 0.320041780967098 0.0793302649780765
0.000933276721942425 0.00148313615874083 0.91398718355097 0.083596403568347
0.0149267439417322 0.344816483855008 0.391969088321642 0.248287683881618
0.27823152608849 0.195786212426719 0.273123158084105 0.252859103400687
0.597016885407178 0.111280604369776 0.290669471208455 0.00103303901459103
0.110083656343562 0.486123570726753 0.299948286322432 0.103844486607253
0.423467058238516 0.0263040660185618 0.395708652578373 0.154520223164549
0.207701209757328 0.0217232708588881 0.594386556394179 0.176188962989604
0.304846146183644 0.584529531990007 0.108503085952458 0.00212123587389045
0.00916386933893194 0.385461216326192 0.162945493819639 0.442429420515237
0.291062499855587 0.009013631294173 0.304912211272527 0.395011657577714
0.183675065324847 0.0606847726076186 0.207159625005456 0.548480537062078
0.0493632526182858 0.0619640345614652 0.376803620865951 0.511869091954299
0.0104135834193816 0.194449493711724 0.221938781468192 0.573198141400702
0.216511268729505 0.0109990821385869 0.287941638567124 0.484548010564784
0.112085693970422 0.133713668171666 0.597745575357304 0.156455062500609
0.880661549904251 0.00259289045370574 0.108385055170984 0.0083605044710593
0.480011878140438 0.0666958588252975 0.251985451222248 0.201306811812017
0.686940423352644 0.13736411586514 0.17509409117006 0.000601369612155912
0.0456166769932342 0.712450972305923 0.0628941749002579 0.179038175800585
0.19623700971631 0.446718721243579 0.304844858774173 0.0521994102659381
0.502747641103568 0.204507635230856 0.284052368975245 0.00869235469033069
0.135859330295237 0.201925199737309 0.179393267653831 0.482822202313622
0.379100960343268 0.288470692528649 0.0660066932853537 0.266421653842729
0.0364271142581546 0.001394734457755 0.875895155878801 0.0862829954052895
0.162699257465337 0.10945210642604 0.71740311832383 0.0104455177847933
0.713800053950049 0.0125598338507587 0.159609159732887 0.114030952466305
0.247236520684046 0.263823879826002 0.184644388855698 0.304295210634254
0.357087382936031 0.2714735600249 0.364868161134065 0.00657089590500412
0.299249351918289 0.329906793218 0.303909176381025 0.0669346784826847
0.17656138155691 0.255634994160077 0.170292617743942 0.397511006539071
0.310790036765011 0.219079113659923 0.0388285552964123 0.431302294278653
0.141129321860041 0.152766708497607 0.306895332427948 0.399208637214404
0.0291886790683197 0.0494400833074179 0.392020735867112 0.529350501757151
0.253411443399762 0.0389345438481019 0.271015784970764 0.436638227781371
0.162390497447987 0.208566045316475 0.24609827765989 0.382945179575648
0.0462015226993075 0.325503323834201 0.500469828755213 0.127825324711279
0.376273130917133 0.384272727421747 0.169226077127978 0.0702280645331419
0.340234454777665 0.28420178162866 0.230834311762502 0.144729451831173
0.244575542269943 0.231846796216279 0.178058036701468 0.345519624812311
0.206471485552648 0.0905152609246478 0.391805741152172 0.311207512370532
0.134165368041355 0.366407808848968 0.118572774281689 0.380854048827988
0.0702638477680268 0.599841822054884 0.231142828913912 0.098751501263177
0.0467030965163433 0.375186511710974 0.161444918147347 0.416665473625336
0.348510232219241 0.170438570189396 0.453687673458562 0.0273635241327999
0.0275482133646161 0.490602747261611 0.465823350193159 0.0160256891806137
0.231610879057596 0.435623987538913 0.308529369882612 0.0242357635208796
0.181475164147954 0.453291420185048 0.326326228662459 0.0389071870045393
0.000933276721942425 0.00148313615874083 0.922218908006224 0.0753646791130929
0.0216642349878107 0.305254734640236 0.430421986596051 0.242659043775903
0.271122793391402 0.211621203175854 0.272624071920633 0.244631931512112
0.576286880365482 0.131106788443239 0.291573292176688 0.00103303901459103
0.038211875652126 0.488314439428772 0.324147995414932 0.14932568950417
0.401282281199879 0.0488355534853292 0.400789477825942 0.14909268748885
0.228742307674224 0.00224611605542577 0.627612192060347 0.141399384210004
0.272987214445692 0.586408229164841 0.123360295321533 0.0172442610679337
0.0073801430909731 0.368672998755327 0.200847736451756 0.423099121701944
0.335871920204198 0.000796183973242336 0.30523293275422 0.35809896306834
0.143177044760874 0.0250538769445659 0.210943975060958 0.620825103233602
0.0597080448513674 0.0761901595908465 0.369956068056319 0.494145727501467
0.0521441069071674 0.145684134160544 0.238115059641417 0.564056699290871
0.214862565576027 0.0103755733105932 0.314038087061478 0.460723774051902
0.128208387527248 0.109985300229281 0.596204966862761 0.16560134538071
0.878144569143986 0.0226830474335646 0.0978972576930028 0.00127512572944665
0.482730751642892 0.0491221374560347 0.256111170559274 0.2120359403418
0.660980945569463 0.13365107493818 0.197877401148028 0.00749057834432876
0.0442204265769423 0.703689969833321 0.081747842243759 0.170341761345978
0.209690820972059 0.425291176239753 0.257786856228209 0.107231146559979
0.495701432153809 0.187994116655044 0.278170531027718 0.038133920163429
0.128456138819341 0.212283894526775 0.160850231325202 0.498409735328681
0.396259225859896 0.278078248547394 0.046575850167474 0.279086675425236
0.0475023318551083 0.0481507343199714 0.837466379499359 0.0668805543255612
0.16621750076234 0.12536332579403 0.682058326218806 0.0263608472248245
0.704519773687584 0.0081406545027165 0.18955808241614 0.0977814893935602
0.285851065323177 0.20304579895025 0.168815243936873 0.342287891789701
0.393461691250438 0.274406350109642 0.330661396151983 0.00147056248793682
0.358333800980646 0.298884046141651 0.284019185803086 0.0587629670746172
0.170345559046489 0.301280185255614 0.113027674288131 0.415346581409767
0.364255151892631 0.192519608251992 0.0188554734454999 0.424369766409878
0.143089235241183 0.174910990059094 0.298612319846425 0.383387454853299
0.0114137064169331 0.0121116952136801 0.385316769150807 0.59115782921858
0.239198493767561 0.0715036227687438 0.19754255113639 0.491755332327305
0.149893651639641 0.160869552041477 0.28906031391261 0.400176482406272
0.0465355545151809 0.377556274576855 0.484479844619836 0.0914283262881274
0.386848104029804 0.359652486710372 0.168056394181922 0.0854430150779015
0.339296433223053 0.318466023282387 0.236548024692948 0.105689518801611
0.205459148012071 0.241878673394978 0.175474132672598 0.377188045920353
0.200552915835325 0.0792280605785244 0.372705085158492 0.347513938427659
0.128653900428541 0.363636546047716 0.147267793127299 0.360441760396445
0.0745518886553584 0.642507415689477 0.195359088652808 0.087581607002357
0.0185841899736845 0.398300578101527 0.148530907084526 0.434584324840263
0.351376785577277 0.131109982063169 0.503518801992259 0.0139944303672953
0.0246511321548038 0.480235284384427 0.483170415209088 0.0119431682516813
0.194889169052519 0.465775993462359 0.333527592325421 0.00580724515970047
0.204158696026237 0.434560603352071 0.341379028799077 0.0199016718226142
0.000933276721942425 0.00413281788288311 0.919569226282082 0.0753646791130929
0.00668863778479997 0.329655715113964 0.417947296468631 0.245708350632604
0.228303424540496 0.225505373051964 0.271164992510218 0.275026209897322
0.578395501613526 0.0464841363596037 0.338986479511002 0.0361338825158683
0.0881011569860158 0.505659208810224 0.282851877737812 0.123387756465949
0.366578162407445 0.0596879909924575 0.406896825104099 0.166837021495998
0.191281131444816 0.00382670085552945 0.618508495552247 0.186383672147408
0.298068604628878 0.573914128359935 0.125857392309906 0.00215987470128141
0.00177147353313161 0.393861349386251 0.176665793856587 0.42770138322403
0.375892911798263 0.0047365551178053 0.30523293275422 0.314137600329712
0.115895035021445 0.0275892026233298 0.214776327396989 0.641739434958236
0.041932761382713 0.115222066796782 0.342890452071708 0.499954719748797
0.0768597938575343 0.1644464495861 0.191082148130512 0.567611608425853
0.258801562271241 0.0013511649731659 0.309217634279618 0.430629638475974
0.0712101789313427 0.180256668850896 0.566706724857986 0.181826427359775
0.857449661133213 0.0149508936856353 0.118592165703776 0.00900727947737591
0.504540235556131 0.0469321556117585 0.294727128090421 0.153800480741691
0.630062724155141 0.104268858665537 0.254886447282799 0.0107819698965218
0.0184291548766514 0.72898082108757 0.0780554367475007 0.174534587288278
0.232229082669687 0.400462074496809 0.276061483074169 0.0912473597593351
0.490623089573572 0.16277891003383 0.292723498248961 0.0538745021436369
0.111839055997437 0.224606635656676 0.172468049945491 0.491086258400395
0.459224352731027 0.276160293221478 0.0143582073221209 0.250257146725374
0.0249599016042029 0.0881712705787881 0.783353603654371 0.103515224162637
0.190583667967493 0.105930979358533 0.636766887875104 0.0667184647988699
0.687305859016137 0.0059284362784127 0.194665482225779 0.112100222479671
0.298079529122869 0.179633754673766 0.183796011883563 0.338490704319801
0.38074287319893 0.302992188001666 0.299546646914088 0.0167182918853157
0.293516393771453 0.309973724966297 0.308057335830713 0.088452545431537
0.149766953347369 0.295060559130665 0.106853750647386 0.44831873687458
0.34589817968159 0.17398537304975 0.029755875904583 0.450360571364077
0.131906131502598 0.19058938357392 0.313317554711384 0.364186930212098
0.0373670683444647 0.00108594324949095 0.378592700459552 0.582954287946493
0.128516393663393 0.129816729007819 0.202869807858765 0.538797069470023
0.133553131284489 0.191569516252567 0.270084549836152 0.404792802626792
0.0641372994738462 0.403631101917054 0.468105524822222 0.0641260737868781
0.40887799047693 0.344900739279372 0.141308414969835 0.104912855273863
0.375911627137675 0.275194936143241 0.232114293033866 0.116779143685218
0.191796768189145 0.254480335682466 0.133912055321916 0.419810840806473
0.19935669230883 0.0969953026937481 0.327637459293152 0.37601054570427
0.107011539691226 0.329071433843425 0.20531606500988 0.358600961455469
0.0478021370665631 0.683222551556253 0.163684244655346 0.105291066721838
0.0201361636537188 0.37798246243595 0.154998438781652 0.44688293512868
0.348715067230632 0.128593077642251 0.512699218845892 0.00999263628122455
0.00357556884741792 0.496143475330056 0.480602126718213 0.0196788291043129
0.136592438159321 0.472732235947098 0.354894285183704 0.0357810407098773
0.189518766210343 0.395963630726834 0.387747002249183 0.0267706008136395
0.00154395482359938 0.00413281788288311 0.931282017639504 0.0630412096540136
0.0454979058565818 0.317427959602552 0.411091580348878 0.225982554191988
0.209179112772978 0.227391642484689 0.268512526696191 0.294916718046142
0.517148126174838 0.0393973468854797 0.405225410862111 0.0382291160775722
0.108691669364856 0.455850025001249 0.292300049080768 0.143158256553128
0.322123941585364 0.104040506744419 0.436524892078791 0.137310659591425
0.198058058175342 0.0019586033481346 0.603543696714346 0.196439641762177
0.309753967494561 0.555747960808982 0.114529044002035 0.0199690276944222
0.00177147353313161 0.409174825075869 0.178704397831094 0.410349303559906
0.331399992544146 0.0136842853393581 0.292788447076814 0.362127275039682
0.122576274184017 0.0310294374159814 0.236928952072062 0.60946533632794
0.0254687481722152 0.14759825573878 0.346478025884982 0.480454970204022
0.0276046379575067 0.130534518484634 0.244449876224384 0.597410967333475
0.323047437648915 0.0208183255037871 0.268962763058359 0.387171473788938
0.0657754994410615 0.198425149056246 0.553972924142918 0.181826427359775
0.876347809106444 0.0289810812917484 0.061921338867287 0.03274977073452
0.516072594067016 0.0499982250582626 0.28361256629982 0.150316614574901
0.616612522781361 0.121783091723856 0.254672545275709 0.00693184021907343
0.0145044790262209 0.728493326985589 0.0828194795247428 0.174182714463447
0.24758836593744 0.410742765438536 0.28202921680962 0.0596396518144036
0.484247745691326 0.164627840864431 0.31135122832493 0.0397731851193128
0.12833995862154 0.237346923080043 0.186351824929188 0.44796129336923
0.48580112591305 0.240662494148132 0.0375419738184886 0.235994406120329
0.0456838204470531 0.0748445663386169 0.740855144400678 0.138616468813651
0.25124594699524 0.10993175710392 0.628185353131096 0.0106369427697439
0.711363610281491 0.00349648824944219 0.176099778361337 0.109040123107729
0.316882852864173 0.200592386147826 0.158706814731735 0.323817946256267
0.370461323688384 0.347603613000977 0.260676294948782 0.0212587683618565
0.318998019609891 0.294174100633139 0.33542824077555 0.05139963898142
0.173685117298389 0.249665907247849 0.108639359825864 0.468009615627897
0.356657619123198 0.12484703790537 0.0111735161740842 0.507321826797348
0.115089564635542 0.239966983153668 0.313944738951532 0.330998713259258
0.00313931364493279 0.0712185917228636 0.399337132060458 0.526304962571746
0.11842026612352 0.147830087385903 0.181991304590879 0.551758341899698
0.169527390423527 0.161093469148109 0.274904554133805 0.394474586294558
0.046550869678363 0.39511383386147 0.466992809515995 0.0913424869441717
0.426973991399308 0.349409135139111 0.092304599452773 0.131312274008808
0.424407143534035 0.242116334722384 0.202770310789257 0.130706210954324
0.154158040898822 0.27166680246156 0.120110648200561 0.454064508439057
0.233256186662512 0.0562714438443698 0.293448324532625 0.417024044960493
0.0576766926430683 0.384150482866759 0.235052720424915 0.323120104065258
0.0281015641474626 0.650003886938509 0.1911995492096 0.130694999704428
0.0342468814539318 0.353507000748989 0.168214644729917 0.444031473067163
0.349614481261933 0.10835407222399 0.521632990969311 0.0203984555447666
0.0332860762403012 0.484076984649611 0.460429682557651 0.0222072565524366
0.120529748621672 0.456064275723822 0.382252782106238 0.0411531935482677
0.142419592297332 0.434566762229003 0.366850249826042 0.0561633956476237
0.0353214887666657 0.00413281788288311 0.931584444662921 0.0289612486875309
0.0764244724974282 0.297262088117183 0.405618110470098 0.22069532891529
0.246400345557191 0.238577137283391 0.240455214667942 0.274567302491477
0.55828966009631 0.0321910020132322 0.382342911490921 0.0271764263995366
0.149518731555366 0.452390286433777 0.263066073145273 0.135024908865584
0.347824902033376 0.0794401057300967 0.444433759046565 0.128301233189963
0.172377026010621 0.0367481027906933 0.613310134846266 0.17756473635242
0.335394976339393 0.589740150769536 0.0724729697641186 0.00239190312695257
0.00818902218377447 0.323597972414544 0.191267662241804 0.476945343159878
0.35750628622988 0.00102479338568523 0.298761418931313 0.342707501453122
0.16877911940936 0.0278475316567157 0.292273350426707 0.511099998507216
0.00382337465875877 0.127927676307668 0.31015970366044 0.558089245373134
0.0150821653882534 0.168093659627627 0.228801291231061 0.588022883753059
0.285821149057869 0.000806662771210141 0.295116658876056 0.418255529294864
0.0267568434943504 0.208097243000637 0.530277087199111 0.234868826305902
0.859754306912289 0.0397155362648835 0.0653531989628755 0.0351769578599514
0.492288501550145 0.0462451286283987 0.268529404354598 0.192936965466859
0.57992595716496 0.0849926793271977 0.324573933059175 0.0105074304486666
0.00485917945349042 0.757404260542788 0.0627327454987708 0.17500381450495
0.253474513143624 0.463724965579368 0.271232529494169 0.0115679917828391
0.518004811859218 0.179664780921029 0.284287467278773 0.0180429399409803
0.121409312228092 0.188499720111725 0.193387317656488 0.496703650003696
0.465858616850229 0.232806780850519 0.0569674028904869 0.244367199408765
0.0828387240998981 0.040693688697103 0.697989809675904 0.178477777527095
0.318000746046218 0.0965138899111541 0.534798259998036 0.0506871040445924
0.717655670665785 0.00191123576536833 0.15648006260623 0.123953030962616
0.247672376953951 0.250940126234552 0.152821096853617 0.34856639995788
0.382986776006753 0.385920958054633 0.224371104844024 0.00672116109459033
0.315941871647548 0.288301589339866 0.324408733259374 0.0713478057532119
0.154586133651553 0.271794054221986 0.079520674552876 0.494099137573584
