0.00673463276986473 0.38251272060655 0.424573147425711 0.186179499197874
0.0374349366897487 0.358188486494793 0.0158629804150926 0.588513596400366
0.361468910404738 0.26954311979994 0.0538577871613585 0.315130182633963
0.523859156301564 0.06610139729659 0.0876594547017187 0.322379991700127
0.34269415771764 0.351155892671303 0.0767825196252584 0.229367429985799
0.821323093253254 0.0244067104141797 0.148593899270962 0.00567629706160461
0.526812805524009 0.177145451634472 0.0456338270101507 0.250407915831369
0.0610531535288298 0.0578416996036155 0.144503558051213 0.736601588816342
0.000415817441494552 0.0625377100040435 0.0898608821030573 0.847185590451405
0.127898124926469 0.107990109462675 0.0971127447842668 0.666999020826589
0.237605623725474 0.541310425705387 0.0113176161380741 0.209766334431065
0.609814313499175 0.148952714688405 0.138996050433758 0.102236921378661
0.0815170387942199 0.348829112665028 0.483779593040294 0.0858742555004574
0.202438444907223 0.387521624682268 0.28522846883466 0.12481146157585
0.504437893908988 0.0162600129017941 0.47460528622358 0.00469680696563822
0.278753986521562 0.173887239966431 0.535463824497118 0.011894949014889
0.0364522468420764 0.912345424257226 0.0203826402942801 0.0308196886064178
0.356226390757147 0.241716184919109 0.318977581553751 0.083079842769993
0.354815733469358 0.368622080576119 5.33302054314162e-05 0.276508855749092
0.277967695333871 0.592737516369928 0.124355520406375 0.00493926788982559
0.150914870743108 0.0488062492901176 0.216096137672349 0.584182742294425
0.143600527547701 0.0454272428138745 0.0713876712945521 0.739584558343872
0.188618901271064 0.171124846963302 0.156268455494024 0.48398779627161
0.0113417694756333 0.157136107191188 0.758228746242604 0.0732933770905748
0.529960202595712 0.259911197221789 0.0818865960137772 0.128242004168722
0.246992862975682 0.0490478848072982 0.46170925002656 0.24225000219046
0.0401022130497631 0.3859094761899 0.475666957164584 0.0983213535957535
0.551790054790065 0.226567807304144 0.00720010663197098 0.21444203127382
0.218243945588439 0.0665558835396057 0.607342010294454 0.107858160577501
0.0185820626577584 0.414682701144873 0.534524997963888 0.0322102382334807
0.181570073515627 0.318562257459398 0.131310472940368 0.368557196084607
0.545763740030239 0.276058659325273 0.150987342218739 0.027190258425749
0.0305313425437173 0.613086104997571 0.218974742980693 0.137407809478018
0.427233812543061 0.483422632538387 0.0173549120474939 0.0719886428710579
0.00951040863760358 0.469668968368297 0.124908269810089 0.39591235318401
0.379358894088381 0.364708348124866 0.167821481307572 0.0881112764791807
0.00352481924887672 0.0613012490570152 0.538866816937365 0.396307114756743
0.533280419820481 0.334481464323591 0.0631036402697461 0.0691344755861824
0.297158819877221 0.229865232425443 0.0183360650326667 0.454639882664669
0.255587950830219 0.0023412040753384 0.168962122319033 0.573108722775409
0.598517219426766 0.0624526520197387 0.0892889509392183 0.249741177614277
0.152981615189473 0.0752408314554635 0.0798068565561047 0.691970696798959
0.193939993418063 0.0385975892858926 0.0795466458747297 0.687915771421314
0.00774298402626096 0.120255340899185 0.745011475307345 0.126990199767209
0.397117948156305 0.393815126957777 0.0021207852471331 0.206946139638784
0.136371664752712 0.816189735189037 0.0442891763051128 0.00314942375313828
0.137710110436546 0.381488617470788 0.34557669816624 0.135224573926426
0.0174681544180817 0.373408099597813 0.466538367834458 0.142585378149647
0.0389613880450608 0.346391362917813 0.0127095217990948 0.601937727238032
0.380964998280188 0.267101409118053 0.0265282101156105 0.325405382486149
0.493592806725151 0.0330634597651094 0.108554630063957 0.364789103445783
0.339787880151423 0.298575108840813 0.121389543846008 0.240247467161756
0.810177541692342 0.00915606579087775 0.158367430640827 0.0222989618759539
0.534847270654195 0.100602646120872 0.0896913895907157 0.274858693634218
0.0619577497881817 0.0569923210580798 0.163157972352485 0.717891956801254
0.00746677956481592 0.0373880243823163 0.0988971224455961 0.856248073607272
0.0884989704538385 0.0751993096628343 0.175622778973361 0.660678940909967
0.23158600288946 0.572853301072837 0.00738964598432882 0.188171050053375
0.58004967554278 0.168934531343896 0.139432294238628 0.111583498874696
0.0944926281198714 0.388466834117192 0.484068046395027 0.0329724913679093
0.209780934791691 0.371763380198536 0.291045467074266 0.127410217935507
0.528818616481084 0.025173811299201 0.44236075200932 0.00364682021039564
0.257896530625814 0.14182386498375 0.598225644756156 0.00205395963427975
0.000613334449575639 0.927233812053462 0.0207023359066958 0.0514505175902667
0.40529923355185 0.265832710799636 0.295912987454919 0.0329550681935954
0.354261571950546 0.369176242094931 5.33302054314162e-05 0.276508855749092
0.303824940743732 0.556111362703635 0.110586204932174 0.0294774916204586
0.161369565483583 0.0930899146808028 0.200766330001562 0.544774189834053
0.150342466590396 0.0753000356217478 0.0543948164670027 0.719962681320854
0.187338455781963 0.179106497564443 0.137153837071561 0.496401209582033
0.019359613611972 0.17798613219217 0.740957650251004 0.0616966039448544
0.558190336440485 0.27719832653105 0.0765260735375195 0.0880852634909459
0.260480132611925 0.0450230493525325 0.458419589896166 0.236077228139376
0.0383029233189199 0.388624499360358 0.481238760912027 0.091833816408695
0.558659560706322 0.191625344112452 0.00985635001841654 0.239858745162809
0.299560492317506 0.015959318985462 0.569585998088954 0.114894190608077
0.00915926699114382 0.379988076394464 0.570417372125519 0.0404352844888736
0.170802424046429 0.283617431228758 0.158778460498707 0.386801684226106
0.543801498988764 0.298060374481057 0.149315943444251 0.00882218308592689
0.0283091917525137 0.606984468624366 0.232307280076687 0.132399059546433
0.449526267438858 0.471081804152019 0.00772539121539858 0.0716665371937252
0.00565897678493133 0.508552468396466 0.106656942227686 0.379131612590916
0.396457903920981 0.365302221657355 0.14997135947512 0.0882685149465443
0.0179440608127594 0.0578411831820456 0.522743517165212 0.401471238839983
0.512335448898634 0.307207601287638 0.0886685031913473 0.09178844662238
0.246604491587639 0.237670219661602 0.00434036304420617 0.511384925706552
0.239574735574994 0.0023412040753384 0.14754993715859 0.610534123191077
0.636307515700072 0.0544000144403536 0.0818953722256913 0.227397097633883
0.196393429669096 0.0484461229993179 0.0927455182490016 0.662414929082585
0.133213072786349 0.000359277581411584 0.100828307928391 0.765599341703848
0.00774298402626096 0.130252434058658 0.766982075202921 0.0950225067121601
0.386679991680653 0.425358721917435 0.00147325153888108 0.186488034863032
0.128671840016957 0.825240810906471 0.0451380840147001 0.000949265061871728
0.153532530845495 0.366641088932121 0.366568185257182 0.113258194965201
0.00764102662730471 0.3807821910966 0.494888772036232 0.116688010239864
0.00886445568415833 0.281812490446929 0.0798589854268151 0.629464068442098
0.374344787056116 0.267966768431373 0.00684263064595022 0.35084581386656
0.459470563469308 0.0952124786874644 0.084783632122929 0.360533325720298
0.347245746839915 0.300715385626753 0.165841737900619 0.186197129632713
0.824615901370366 0.00736618646929141 0.156274419063446 0.0117434930968966
0.532592769733078 0.0834496731416336 0.113897337170764 0.270060219954524
0.103326120570766 0.0414122117374988 0.183315871664229 0.671945796027507
0.00448963048107118 0.0336712708717908 0.12357816938249 0.838260929264648
0.0252077822407956 0.0694965943481425 0.224736502172477 0.680559121238585
0.195916800508646 0.573686325390236 0.0128296372845559 0.217567236816562
0.602654586868978 0.192109721471117 0.108709718737788 0.0965259729221167
0.112730129031217 0.42221739667328 0.440379399871513 0.0246730744239904
0.192418836459895 0.39348754516177 0.307212401480185 0.10688121689815
0.506822517142217 0.0247631809664293 0.467043577044736 0.00137072484661851
0.280567889518508 0.0998775163368616 0.585200641777181 0.0343539523674491
0.0410663246008189 0.874415582858498 0.00895139102825544 0.0755667015124271
0.444259826116977 0.254953502721959 0.282467151958387 0.018319519202677
0.327651803319376 0.403347396963022 5.33302054314162e-05 0.268947469512171
0.253487697302705 0.533772481068993 0.160777351055863 0.0519624705724381
0.14977787265012 0.122012493652636 0.176949011422613 0.551260622274632
0.149642852014099 0.070688121179827 0.0833667510358382 0.696302275770236
0.211460430062532 0.166107984571808 0.0895683526744289 0.532863232691231
0.0284394121208731 0.179266399414489 0.738358112127536 0.0539360763371024
0.584333346860976 0.285779333861263 0.0625335071608278 0.0673538121169329
0.224513758754116 0.132591461386839 0.442897555709296 0.199997224149749
0.0763881589975107 0.383503963164312 0.434225459882226 0.105882417955951
0.533575917682932 0.186885498108512 0.013782104450983 0.265756479757573
0.272608462849713 0.0262005579969825 0.579520048364433 0.121670930788871
0.0295076655066328 0.367927843311143 0.585987544845409 0.0165769463368152
0.194613048459155 0.28747780516931 0.200299845094833 0.317609301276702
0.517190023179287 0.311727966922255 0.161886344370303 0.00919566552815501
0.00285996111418099 0.61451729512112 0.189788069844265 0.192834673920434
0.455392477182402 0.477180881501082 0.0255635071240697 0.0418631341924465
0.00271031415208785 0.526161717801098 0.0524802926658361 0.418647675380978
0.351803308837424 0.400683913315759 0.127769504570705 0.119743273276113
0.0122801782209978 0.00656133336686319 0.566256241470249 0.41490224694189
0.463534127187709 0.332236404242696 0.129222317073054 0.0750071514965417
0.220803719890681 0.203733987403036 0.00146583307130088 0.573996459634982
0.196635322998615 0.003013336451687 0.19054991435213 0.609801426197568
0.570937733306972 0.126465759233862 0.0274930964114822 0.275103411047684
0.198824662890528 0.0436588958313372 0.0606548125867343 0.696861628691401
0.14058881528723 0.00467016575563437 0.126550346453082 0.728190672504054
0.0147229411036803 0.133475173109055 0.777460205843616 0.0743416799436482
0.408859061696789 0.405862441287316 0.00033363840851838 0.184944858607377
0.10994670587568 0.806188745276959 0.0546263700228272 0.0292381788245343
0.168943289132676 0.316393407139296 0.426654678072935 0.0880086256550933
0.0242273383708994 0.386649253070149 0.489021710062682 0.100101698496269
0.0056841871492335 0.263588306540361 0.101659534202169 0.629067972108236
0.437965245581954 0.248715554387903 0.0110436441767876 0.302275555853355
0.474426133598986 0.0844488340799596 0.102056802100054 0.339068230221001
0.308082683198743 0.295853338721425 0.217037025220916 0.179026952858915
0.818781166528884 0.00551866163309764 0.149355676474259 0.02634449536376
0.510677109761077 0.0653700087988298 0.15251533703993 0.271437544400163
0.0882563579243122 0.067848759096252 0.182060326632484 0.661834556346952
0.00563688240650237 0.000680112933995877 0.152861036208305 0.840821968451197
0.0264847419583021 0.0706167675982347 0.221587864175257 0.681310626268206
0.192701689723551 0.547453799404547 0.0108033491663425 0.249041161705559
0.590677569774364 0.193181191934766 0.114344173480328 0.101797064810543
0.14803407758892 0.402936412449692 0.441536630510877 0.00749287945051043
0.155589926505839 0.439618100121879 0.288262154780798 0.116529818591484
0.500515246182266 0.0368508833217769 0.432679083609021 0.0299547868869363
0.278318673893747 0.102146518427768 0.578313045833773 0.0412217618447113
0.119264381926609 0.857525518039481 0.00521769994405679 0.0179924000898535
0.465475982648568 0.259106911978792 0.275333456079367 8.36492932731955e-05
0.320371174866367 0.387629103318999 5.33302054314162e-05 0.291946391609202
0.262705954264027 0.512252292181623 0.193035755142905 0.0320059984114449
0.169918476998973 0.106021311184503 0.169330716906034 0.55472949491049
0.115594148747791 0.0913083678479404 0.117007916740305 0.676089566663964
0.246402087473933 0.140667574908674 0.0839596927615968 0.528970644855796
0.0276608681251798 0.191242606916209 0.775943724618774 0.00515280033983626
0.562250276912264 0.321695206700077 0.0710649340262025 0.0449895823614567
0.214110227552234 0.161452808792312 0.443678151525037 0.180758812130418
0.0943136133942652 0.392713033565578 0.435460245675575 0.0775131073645813
0.548418261799118 0.186718725348527 0.00422450883477648 0.260638504017578
0.280324598827248 0.000890697488559241 0.571638370049553 0.14714633363464
0.0302995616412477 0.335964399287284 0.579027297277787 0.054708741793681
0.135757403804906 0.326235082088515 0.213627361640374 0.324380152466205
0.504945892112451 0.318780250586489 0.158822116800455 0.0174517405006057
0.000731111825033811 0.657845688203022 0.127494097769279 0.213929102202665
0.479668271947383 0.456996396428113 0.00327993894320507 0.0600553926812991
0.000852669006004763 0.570299970658472 0.0207689000315207 0.408078460304003
0.368414734480046 0.459750854963084 0.083053771792282 0.088780638764588
0.0101464775037572 0.0139499755701588 0.588740650324756 0.387162896601328
0.443414746632593 0.357515223368074 0.0890121833577538 0.110057846641579
0.224972122847247 0.200087127509694 0.00146583307130088 0.573474916571759
0.232564471724315 0.003013336451687 0.130322146921651 0.634100044902347
0.575384470402686 0.143710311792848 0.00107115393692885 0.279834063867537
0.187249177561151 0.023409637401361 0.150048891234918 0.63929229380257
0.116585143321901 0.025421999741194 0.079120877207829 0.778871979729076
0.0293368402033209 0.173662362086198 0.758732430925537 0.0382683667849442
0.345333154438053 0.430974846706665 0.00290006810759099 0.220791930747691
0.103227067916648 0.826948131392201 0.0513975936447357 0.0184272070464153
0.151396747423223 0.348794890319297 0.412880357630473 0.0869280046270071
0.0203876045642278 0.419812516037868 0.477367522277221 0.0824323571206835
0.028130757159158 0.262876705056725 0.104026787460295 0.604965750323821
0.457862459905236 0.227516922914086 0.0206744135864925 0.293946203594184
0.476305883337132 0.0687403373091381 0.086970827746921 0.367982951606809
0.309711388871663 0.280204272339105 0.234205570268669 0.175878768520564
0.814802849204811 0.00346696431093018 0.161083389039593 0.020646797444665
0.535233772217675 0.0318393606122597 0.166785864398097 0.266141002771968
0.0372419305259807 0.102613397383267 0.175687712509091 0.684456959581661
0.00372062115634919 0.0158523319543104 0.141888426127225 0.838538620762116
0.0473129038242406 0.015590325919597 0.257066956895455 0.680029813360707
0.202425907376825 0.534458542577567 0.0364169248220767 0.22669862522353
0.60386267838456 0.124061135065769 0.125295408189101 0.14678077836057
0.168689107100465 0.400143704467685 0.430617403700076 0.000549784731774768
0.216212101788172 0.429029770696798 0.265466534150303 0.0892915933647275
0.478847252985514 0.0910121331854592 0.407468762129777 0.0226718516992501
0.311504556568044 0.0808362592238761 0.571886892111787 0.0357722920962925
0.119939567067762 0.870647458840401 0.00637552249130442 0.0030374516005321
0.444757623621045 0.276951121688229 0.278207605397453 8.36492932731955e-05
0.342049654481733 0.410126482778673 5.33302054314162e-05 0.247770532534162
0.295313471207271 0.470440849486297 0.207647838355611 0.0265978409508206
0.135679153742203 0.102248085544323 0.179869770298165 0.582202990415309
0.131531638961919 0.095447153466065 0.118165618943213 0.654855588628802
0.197794519263942 0.140690555339769 0.112696166992715 0.548818758403574
0.079801112180952 0.178659357149597 0.736386730329615 0.00515280033983626
0.550289659476867 0.297638098111327 0.129683457951745 0.022388784460061
0.259823607531367 0.165814906186499 0.437441777309814 0.13691970897232
0.102709272537836 0.366149644746238 0.504472155044722 0.0266689276712046
0.532893387625548 0.201409585429991 0.00422450883477648 0.261472518109685
0.29524439165889 0.00949252533819323 0.5655526988503 0.129710384152616
0.0296607797109278 0.386001349295064 0.530955052759816 0.0533828182341923
0.0413698154808804 0.380895859836146 0.253050720255397 0.324683604427577
0.537152198375557 0.281044592627942 0.159069501943757 0.0227337070527441
0.000902873639305842 0.653674161363531 0.0981550624133278 0.247267902583836
0.463771830241392 0.378858167759282 0.0444329111764539 0.112937090822872
0.000852669006004763 0.530127195126353 0.0435057156333408 0.425514420234302
0.331605846849578 0.440201351116291 0.129259129318478 0.0989336727156525
0.00472796305507348 0.0260284780184345 0.549254257882852 0.41998930104364
0.42641946155371 0.388428527981279 0.0443264937242745 0.140825516740737
0.204770881360308 0.229587714124871 0.00209941946147767 0.563541985053344
0.234046074187487 0.00789322117037148 0.136697477945825 0.621363226696316
0.574040721847167 0.121862682373786 0.0147678569839548 0.289328738795092
0.160312578012944 0.0223648888350147 0.185461253883558 0.631861279268484
0.122058805873859 0.0195576129800986 0.0441802802294161 0.814203300916626
0.0116750724651481 0.173134511250847 0.759943340908447 0.0552470753755579
0.313118995408517 0.425230942777996 0.0228980575812226 0.238752004232264
0.112741919330781 0.850349713580872 0.0123248115000868 0.0245835555882599
0.122318241321136 0.341470568244878 0.43120941770232 0.105001772731666
0.0262539135576549 0.425286437840927 0.457986391412144 0.0904732571892739
0.0142848542566181 0.296630840835598 0.104660990287063 0.584423314620721
0.427722090141406 0.219583928579826 0.0506070976303806 0.302086883648387
0.436072360543853 0.0690197605543669 0.145391349838831 0.349516529062948
0.303119652649046 0.273640215262056 0.260418175986261 0.162821956102637
0.817957609495447 0.00197548130104419 0.139255562437209 0.0408113467662997
0.485828069519398 0.00123063810290909 0.215476924384692 0.297464367993001
0.0146625512510052 0.0898055904935079 0.206397087461221 0.689134770794266
0.000421801253064878 0.0141914466067913 0.143549311474744 0.8418374406654
0.0268214879857624 0.0259224646570278 0.222382993722153 0.724873053635057
0.200445092480302 0.566900888187456 0.021694909753676 0.210959109578566
0.577480811477092 0.127676115211127 0.175596145944707 0.119246927367075
0.185813404902103 0.372442444102838 0.435513783358097 0.00623036763696297
0.2035861671913 0.440879281634261 0.276994990297365 0.0785395608770743
0.512097312935446 0.0415526357644106 0.441531934219877 0.00481811708026592
0.291086957624586 0.133195909944485 0.561820354005602 0.0138967784253265
0.124041930196676 0.870647458840401 0.000637199786739644 0.00467341117618331
0.453762139548562 0.291292564877416 0.25483612900263 0.000109166571391255
0.331341111364808 0.415213486216475 0.0211355609675443 0.232309841451173
0.309190480830955 0.435762612514921 0.215826419100036 0.0392204875540882
0.137019805504642 0.00854597703238911 0.290873441744981 0.563560775717989
0.164884610935283 0.0505403044826915 0.116554074716451 0.668021009865574
0.173669188269803 0.136336148615318 0.135034672000507 0.554959991114371
0.0687138999641445 0.185720850965451 0.736386730329615 0.00917851874078959
0.544704130950877 0.312932338491499 0.140621013900949 0.00174251665667518
0.274356569431481 0.146861222621594 0.425570029031896 0.15321217891503
0.11865996774774 0.336103190499616 0.492160443317779 0.0530763984348656
0.487568993786438 0.214491638389353 0.0316547414432345 0.266284626380974
0.287584904983488 0.044188478177877 0.555328844540421 0.112897772298214
0.07772608870461 0.38819184871604 0.513979265867818 0.0201027967115325
0.00506855399742162 0.362599594775365 0.274601374252507 0.357730476974707
0.507727148132985 0.263190230285901 0.19137482599808 0.0377077955830331
0.000902873639305842 0.673516374179532 0.0984568390883695 0.227123913092792
0.454370390453339 0.298511415923386 0.105282144945567 0.141836048677707
0.00495005745210295 0.599556506305909 0.010391395436431 0.385102040805557
0.273107805383932 0.479251043178254 0.126927743068034 0.120713408369779
0.00269898886285649 0.0149028852823728 0.524652562487312 0.457745563367459
0.384908261487986 0.379793355919657 0.100469191853681 0.134829190738677
0.205828725724858 0.263170577936041 0.00209941946147767 0.528901276877623
0.185855512325058 0.0221967540126854 0.145079371990403 0.646868361671854
0.58656305460744 0.1245485717252 0.0259870970163241 0.262901276651036
0.222380356008197 6.48830784633347e-05 0.145693481644856 0.631861279268484
0.121167806633058 0.0122193850431006 0.00744163402436709 0.859171174299474
0.0301846538009684 0.135217875278632 0.786873109025126 0.0477243618952735
0.254011483621075 0.422267601826168 0.0258554889944559 0.297865425558302
0.0801509399348813 0.850315799189921 0.0559162925514945 0.0136169683237035
0.0549740699128048 0.421616372956961 0.440703411396515 0.0827061457337188
0.00303824330264212 0.437052469242857 0.470184316160906 0.0897249712935947
0.0118814925745366 0.313281854428088 0.0897908577869906 0.585045795210384
0.446876980418829 0.198953636113451 0.0380799266144083 0.316089456853312
0.418685656803514 0.0527041309475332 0.195851185569557 0.332759026679396
0.298326983670129 0.266484576229922 0.283156814710228 0.152031625389721
0.821449619333093 0.0211230975009604 0.125634778390848 0.0317925047750987
0.465101735262346 0.00123063810290909 0.21375490538192 0.319912721252825
0.00914148479909431 0.130446499450501 0.208208785121235 0.65220323062917
0.0278596765797877 0.00454125243916616 0.113518249417502 0.854080821563544
0.0108014692503276 0.00367216774231063 0.296430913905664 0.689095449101697
0.209553030312897 0.574092261356645 0.0671092751044105 0.149245433226047
0.51551043323396 0.114888117092689 0.233364104994377 0.136237344678974
0.112448060957933 0.374584574773674 0.498756975448982 0.0142103888194106
0.241720381618855 0.44982749110859 0.23955319075217 0.0688989365203854
0.501185869775298 0.0301303876146543 0.463865625529782 0.00481811708026592
0.293648386959623 0.169198615330394 0.53263394904351 0.00451904866647339
0.106893848820459 0.875057186841739 0.000877404549407061 0.0171715597883957
0.467690033896143 0.277364670529836 0.25483612900263 0.000109166571391255
0.366595049413653 0.361001884013626 0.0346424017306922 0.237760664842029
0.279826418206437 0.448206484840742 0.270423309935127 0.0015437870176937
0.113077673699408 0.021306719169132 0.235678761317314 0.629936845814146
0.133485351283039 0.0628564723669649 0.10279922333376 0.700858953016236
0.140260862970416 0.164720171140597 0.148258488844909 0.546760477044078
0.0666872087171339 0.211871422683332 0.705536282912145 0.0159050856873892
0.593010778621565 0.31130549843814 0.0939412062836199 0.00174251665667518
0.247779329866395 0.209554514436824 0.454655523487545 0.088010632209236
0.112721633706465 0.322070822254082 0.497375106074549 0.0678324379649044
0.455107491540578 0.1957036573842 0.0209278352761241 0.328261015799098
0.296599622816394 0.0524842110425214 0.569981722545712 0.0809344435953727
0.0393981841293385 0.370372866608475 0.546927598892796 0.0433013503693902
0.0196614590082168 0.350836902822611 0.293286969518795 0.336214668650377
0.462749230348859 0.291247515969364 0.187760626399993 0.0582426272817842
0.024683655409198 0.680680771444829 0.121049222827908 0.173586350318065
0.467177404991315 0.265970046672411 0.129161335078288 0.137691213257987
0.0167652748862988 0.629692729198815 0.0168940027789852 0.336647993135901
0.31248902785739 0.505604859790645 0.0930712732969082 0.0888348390550574
0.0034633142636709 0.0238983937140626 0.555873848537588 0.416764443484678
0.401839617500341 0.360467983983228 0.100196073615716 0.137496324900716
0.246165931595168 0.255702443736307 0.00117550634956744 0.496956118318958
0.206623730178095 0.0055156254935638 0.143203848175006 0.644656796153335
0.617985051766926 0.113799455290019 8.21747591465364e-05 0.268133318183908
0.224475604482703 0.0132046476937979 0.112871270825861 0.649448476997638
0.126588972644423 0.00445520878125651 0.01205490518209 0.85690091339223
0.030597526054187 0.124658138812829 0.842957749261931 0.00178658587105295
0.236949997194101 0.394813390891939 0.0486411628844859 0.319595449029475
0.0842847322612012 0.827908144784815 0.0660798311052465 0.0217272918487374
0.0400430220827726 0.456438211918177 0.46624815072484 0.0372706152742105
0.0279034622996438 0.436947738480316 0.420990566182466 0.114158233037574
0.00132896776434531 0.315335172018705 0.0982900650065652 0.585045795210384
0.467414219499124 0.150772533857393 0.0546880805324678 0.327125166111016
0.339864618238148 0.0327536441580757 0.228586441902228 0.398795295701548
0.24287093176449 0.287917679896562 0.311091227944699 0.158120160394249
0.840958671265348 0.00193812042284857 0.156867670676182 0.000235537635621776
0.435637219794939 0.00808307955279156 0.208465241140201 0.347814459512068
0.0532832570779117 0.133536782579633 0.189928798566245 0.62325116177621
0.00446981175623961 0.0205495097695614 0.10540784734123 0.869572831132969
0.0133253311631052 0.00367216774231063 0.339768027758277 0.643234473336307
0.193579023109421 0.571359717977111 0.135781870719909 0.0992793881935585
0.502083261750324 0.118234199480414 0.276792950092619 0.102889588676643
0.115997646455173 0.404349496568087 0.469692758832884 0.00996009814385622
0.1871266822225 0.531778911542642 0.201340601053792 0.0797538051810663
0.506551496300898 0.00354547469661189 0.4557552156304 0.0341478133720907
0.261680655114989 0.188699504301773 0.549073333579862 0.000546507003376171
0.105128604232435 0.840401015108225 0.0394394685095327 0.0150309121498066
0.449389963480426 0.314648853141456 0.235852016806727 0.000109166571391255
0.368426872587796 0.371236593755406 0.0190535640956873 0.24128296956111
0.30960411270579 0.485911353886152 0.202940746390364 0.0015437870176937
0.149581562657076 0.0118185548382994 0.209244665932994 0.629355216571631
0.133532420983706 0.0377233403811795 0.147202636766643 0.681541601868471
0.120560924759291 0.113519404284979 0.174390731005293 0.591528939950437
0.10220780674755 0.197640290351562 0.675241067353419 0.0249108355474692
0.599719005684629 0.278979588214259 0.119558889444437 0.00174251665667518
0.228483481338704 0.212535041148151 0.40314314346173 0.155838334051415
0.13155553183075 0.309064174909636 0.537928859234024 0.0214514340255906
0.485221278267303 0.192283825377871 0.00184384685406184 0.320651049500765
0.289302323316771 0.107803606500149 0.540468036866881 0.0624260333161993
0.0381175088596751 0.367522404158761 0.562517054559282 0.0318430324222819
0.0364415052886903 0.380803379283297 0.262645466882077 0.320109648545935
0.49896041096014 0.310963016318775 0.149725658112309 0.0403509146087757
0.0610468255538119 0.606426265590496 0.14541810653803 0.187108802317662
0.431182560258974 0.269147137057408 0.137468043137096 0.162202259546522
0.041883730479773 0.622162889372067 0.00780774570518978 0.32814563444297
0.279759790586848 0.51834803292865 0.0745039970165349 0.127388179467967
0.0034633142636709 0.0646457179283795 0.529714803827368 0.402176163980582
0.368741267523988 0.355666826255157 0.11640556699529 0.159186339225565
0.242019375725793 0.282765675831986 0.00117550634956744 0.474039442092653
0.219017655779013 0.0436646482643765 0.111070713877678 0.626246982078932
0.604246555252656 0.108913167350284 0.000194961619118939 0.286645315777941
0.173849611753375 0.0450951951323226 0.154827742268106 0.626227450846196
0.0946730223000136 0.0127702172641523 0.00120327548670059 0.891353484949133
0.00398608116461923 0.124233865727748 0.86621095143253 0.00556910167510344
0.20857546046282 0.391108366836268 0.022990090307611 0.377326082393301
0.0977016925786099 0.821192817306801 0.0723534353769471 0.00875205473764206
0.0979464553130125 0.483053853422936 0.41882912602943 0.00017056523462109
0.00354009008084864 0.451140321793295 0.409850452462727 0.135469135663129
0.00417654185679306 0.304039971780468 0.112532740185249 0.57925074617749
0.437041013666685 0.172095854109515 0.0951702477510468 0.295692884472753
0.298265036265452 0.0177175783456202 0.262012181140966 0.422005204247962
0.250110193668522 0.285840892069026 0.380565375944125 0.0834835383183264
0.861415474546907 0.0207909062578912 0.11755808155958 0.000235537635621776
0.452398604297691 0.0202023669332746 0.219588473997991 0.307810554771044
0.0799787412395215 0.101551758531152 0.173872582570323 0.644596917659004
0.00437438108779617 0.00832661058150672 0.116482063620897 0.8708169447098
0.0174847574040542 0.000942099148791821 0.383320024917652 0.598253118529502
0.147915525745272 0.609125643837842 0.14186165139701 0.101097179019875
0.512034014149488 0.163165119869429 0.27410514753106 0.0506957184500231
0.0978089455603477 0.400408874199259 0.491822082096537 0.00996009814385622
0.184794925468653 0.504082030966674 0.164574751836019 0.146548291728654
0.512857717689411 0.00835968462534798 0.417936328510753 0.0608462691744885
0.275890071326805 0.172733055904397 0.550830365765422 0.000546507003376171
0.157262072637081 0.818383488237166 0.0138189037318958 0.0105355353938574
0.432984575017836 0.346772138260179 0.220134120150593 0.000109166571391255
0.430352999405503 0.28627588110578 0.00876959060859328 0.274601528880124
0.334227381676544 0.428311903639954 0.212475802917602 0.0249849117658995
0.137416085541881 0.0206698168805983 0.227846151507612 0.614067946069909
0.173781004229263 0.0132841692790487 0.123990231076651 0.688944595415037
0.101045089009374 0.0980080819724562 0.194744212935508 0.606202616082661
0.10231908439347 0.250877438196191 0.620787960878589 0.0260155165317502
0.604659819959225 0.22294611100964 0.157386972745866 0.0150070962852694
0.260616146843173 0.167218065013951 0.413768006960108 0.158397781182768
0.11006577455461 0.324945828121181 0.544091679198835 0.0208967181253744
0.503821726639611 0.203487162372966 0.0308059859641427 0.261885125023281
0.243016207841539 0.146862457712179 0.537721980159771 0.0723993542865111
0.0430445976455917 0.376935535525943 0.575775884027678 0.0042439828007874
0.0183168157136384 0.331577815465407 0.318794333894312 0.331311034926643
0.481403468071371 0.31233435699941 0.113414017556804 0.0928481573724142
0.0393041539362723 0.622726458723562 0.156479707657611 0.181489679682555
0.413285920860442 0.271027060359157 0.173654383332222 0.142032635448178
0.0356625318865067 0.634106072838859 0.00780774570518978 0.322423649569444
0.209275104013812 0.495358056598223 0.0997249242517396 0.195641915136225
0.0034633142636709 0.0819129586345123 0.523466782497847 0.391156944603969
0.31808749284272 0.354755432592475 0.135921176387255 0.19123589817755
0.207675317463143 0.262442170131187 0.00117550634956744 0.528707006056102
0.191025918598158 0.0681642719106377 0.120711247092811 0.620098562398393
0.615139428446026 0.0880612093485534 0.000194961619118939 0.296604400586301
0.144891737693232 0.0502123834157977 0.133186615469175 0.671709263421796
0.0958335224869747 0.0106340268364522 0.005455959830074 0.888076490846499
0.0098579940598554 0.110144228530426 0.865292228965499 0.0147055484442199
0.242074731204415 0.358267815260622 0.00969182198244984 0.389965631552513
0.102226056959241 0.822539355749686 0.0703752366295637 0.00485935066150839
0.0979464553130125 0.485658447271746 0.416308723112723 8.63743025185881e-05
0.0236682685551091 0.40883203998886 0.395490802464358 0.172008888991673
0.000340081625688199 0.328512840362702 0.112475222127957 0.558671855883653
0.374686386403419 0.19511434239162 0.15499939711717 0.275199874087791
0.289609736169309 0.0183032877880048 0.29108524993739 0.401001726105296
0.309855590336381 0.253846846834275 0.377564033986992 0.0587335288423521
0.841315642551585 0.000610370440838 0.0958176229682049 0.0622563640393719
0.455215873421316 0.0223463129788186 0.219068625132767 0.303369188467099
0.0789743179860504 0.1133264195797 0.183504154622926 0.624195107811323
0.00437438108779617 0.047812907836423 0.124768710374446 0.823044000701335
0.0237873902844513 0.00878093919219689 0.380628392513194 0.586803278010158
0.166604028134977 0.551733865120559 0.247146316025571 0.0345157907188922
0.474461822831456 0.170289090360077 0.31656533477622 0.0386837520322467
0.104447316387188 0.422188474799971 0.465968905856193 0.00739530295664742
0.210534806044218 0.534832910623664 0.0832563803724522 0.171375902959666
0.496805714094597 0.000903439875865257 0.455876134478952 0.0464147115505862
0.268924935962943 0.199452234792413 0.525481758006198 0.00614107123844689
0.153887186328051 0.763946703429108 0.0584191355726367 0.0237469746702044
0.444463876401788 0.348284023421924 0.207142933604897 0.000109166571391255
0.435859793944318 0.313552323311546 0.00558097789488194 0.245006904849254
0.350001623913056 0.393338117549686 0.248529912443469 0.0081303460937887
0.132585055432682 0.00614228126161694 0.240157111855143 0.621115551450558
0.185101828556676 0.00490444838838699 0.131639434088184 0.678354288966752
0.108222531420568 0.0771025633882699 0.219920969549163 0.594753935641999
0.0953123888121024 0.290048959026323 0.609014989860371 0.00562366230120287
0.643595248747179 0.209994295089689 0.129458847423069 0.0169516087400623
0.268474321492473 0.196764628556632 0.41737922703609 0.117381822914805
0.105603287822091 0.340077901969689 0.550508824313227 0.00380998589499231
0.526666897571734 0.20935338017245 0.0140528385904683 0.249926883665347
0.278300216881872 0.102581364506388 0.553619355120831 0.0654990634909092
0.0430445976455917 0.393392204332438 0.562205954419767 0.00135724360220329
0.0374812226292994 0.362584971835149 0.279165497300255 0.320768308235296
0.489305065723024 0.372384978459369 0.0984299698587146 0.039879985958892
0.11323832055862 0.583196033600622 0.161300459353272 0.142265186487485
0.415835024205233 0.250775346415722 0.188871507601333 0.144518121777712
0.0424582911934944 0.628824035733215 0.0218508512268948 0.306866821846395
0.152096468048711 0.51075706849794 0.0868062704527515 0.250340193000598
0.000442070012967298 0.0791951285393049 0.487584021069482 0.432778780378246
0.355123208277187 0.307042185924485 0.19904694958057 0.138787656217759
0.207675317463143 0.262442170131187 0.00117550634956744 0.528707006056102
0.169279000941303 0.0561149152081554 0.127429143141024 0.647176940709518
0.604899148702578 0.0948104085047372 0.000194961619118939 0.300095481173566
0.113735453366079 0.0996535848593488 0.110537858803299 0.676073102971274
0.0760589273453311 0.0201196249079306 0.0236611022703484 0.88016034547639
0.0462962593979298 0.0921102404667369 0.854373022457529 0.00722047767780444
0.230375956589346 0.346073216660586 0.0160944505078429 0.407456376242225
0.121139451835532 0.866262573956701 0.00773862354625888 0.00485935066150839
0.108926203073588 0.480955027930506 0.410032394693388 8.63743025185881e-05
0.119069298431775 0.360774412776604 0.400498013111813 0.119658275679808
0.000340081625688199 0.257078510510938 0.166059012751773 0.576522395111601
0.337636649395363 0.207593206619507 0.2093994933688 0.24537065061633
0.259102221450389 0.00217997959902433 0.271344974160678 0.467372824789909
0.301240076387192 0.273507582796955 0.377564033986992 0.0476883068288618
0.856289300706071 0.00634160810309563 0.102007876255991 0.0353612149348419
0.494394054389472 0.00665911372173719 0.237955205433517 0.260991626455274
0.0413350355925483 0.128088313217178 0.189410936299384 0.641165714890889
0.00437438108779617 0.0641304343145105 0.179257395886197 0.752237788711496
0.00466307161350421 0.0369987731353963 0.376657758774986 0.581680396476114
0.179155643417405 0.51582793506409 0.304353195663241 0.000663225855264408
0.470526496236364 0.157868278099251 0.362117883588923 0.00948734207546173
0.0855091772363377 0.40193352983659 0.502483140940371 0.0100741519867007
0.187616421865444 0.508210855630023 0.0825989434048577 0.221573779099676
0.51380570431408 0.00675336535688107 0.440246250780531 0.0391946795485078
0.268924935962943 0.17640705367027 0.54852693912834 0.00614107123844689
0.19912460275866 0.728870702171705 0.0535981163196417 0.0184065787499929
0.418366514431327 0.343440146812112 0.238084172185169 0.000109166571391255
0.439919463674804 0.290963606660466 0.00143519137362411 0.267681738291106
0.342075710540746 0.414618284458086 0.233595099666259 0.00971090533490847
0.0975146515054435 0.00187675696599259 0.255559076635319 0.645049514893245
0.161947156018746 0.00490444838838699 0.135331803903146 0.69781659168972
0.108317855918238 0.0465035886947034 0.194322306690334 0.650856248696725
0.0756885751212519 0.301968489280413 0.613254386983827 0.00908854861450718
0.64868718244371 0.214221057303201 0.104490155420484 0.0326016048326053
0.26042804133053 0.159152164260233 0.445525092841071 0.134894701568166
0.0878023595423337 0.396469976852441 0.511917677710233 0.00380998589499231
0.512771085884045 0.19204257259791 0.0488387264397526 0.246347615078293
0.285159937450045 0.0931660160385052 0.55420132645559 0.0674727200558601
0.0804195181541832 0.390072208476293 0.528151029767321 0.00135724360220329
0.0825034868046492 0.313503552735328 0.280421344854676 0.323571615605346
0.468633343907427 0.398050866702025 0.103535833271324 0.0297799561192236
0.108523059183089 0.590177062054069 0.158133326622676 0.143166552140165
0.375030158155794 0.302855439850501 0.171723076647367 0.150391325346338
0.0534036444023026 0.622419395201815 0.00954232564761177 0.31463463474827
0.176212330850847 0.491454062663131 0.0771788435132007 0.25515476297282
0.0302666372848295 0.0573186476258167 0.494268416618137 0.418146298471217
0.375039544957949 0.280908319840211 0.145758295255273 0.198293839946567
0.176098654341329 0.259128719598455 0.0119550537440536 0.552817572316162
0.151975260166788 0.0783787651131489 0.125197040213505 0.644448934506558
0.61328694672692 0.0820408831695668 0.00331974582003687 0.301352424283477
0.126040680468558 0.0895753548655342 0.089530464687858 0.69485349997805
0.083575164647083 0.0661827661591463 0.00456113397689945 0.845680935216871
0.0434308791978381 0.116829369335047 0.838408650932778 0.0013311005343376
0.21211664135008 0.332257795788753 0.00156251780066545 0.454063045060501
0.107247042956058 0.87464997299081 0.0132645146507391 0.00483846940239298
0.104095870967376 0.430806190534096 0.464357244388355 0.000740694110172835
0.105265749565358 0.364863960097804 0.396870638279527 0.132999652057311
0.00476747332962726 0.257964627060311 0.149750618363011 0.58751728124705
0.317576544128615 0.257685051620368 0.179238559356416 0.2454998448946
0.212548273365333 0.00838737562502657 0.302704589401622 0.476359761608019
0.312830708263798 0.28776876057287 0.372656750020097 0.0267437811432348
0.813946063588905 0.040202713584724 0.113680187002499 0.0321710358238715
0.494014328418911 0.00665911372173719 0.239652467967225 0.259674089892127
0.00104864425351637 0.161279772592845 0.212408114483253 0.625263468670386
0.0090215047500854 0.054879869167716 0.18356406442992 0.752534561652279
0.0118076013701285 0.0109712755793357 0.388664021621975 0.588557101428561
0.203594251028632 0.505348973683658 0.290393549432445 0.000663225855264408
0.498054215995746 0.0957930807692739 0.399788152865637 0.006364550369343
0.0661968357076258 0.41329589722189 0.517011569371739 0.00349569769874512
0.176136346709593 0.493246622011793 0.0879581662903117 0.242658864988302
0.548450035771174 0.0170300953022073 0.430970915276323 0.00354895365029599
0.280747906168628 0.11878980508133 0.556701379771392 0.0437609089786503
0.222356018587583 0.676027248302714 0.0671900022821652 0.0344267308275374
0.404754730424393 0.353315140875397 0.241820962128819 0.000109166571391255
0.487639628055539 0.225586031018269 0.0183792692116035 0.268395071714588
0.337751711649696 0.417257094562777 0.234945001318688 0.0100461924688387
0.0967533596550853 3.84601802747599e-05 0.230304302576616 0.672903877588024
0.179456392612942 0.0175118149509751 0.120778004155191 0.682253788280891
0.105472122154122 0.0322786084121062 0.210287047094495 0.651962222339277
0.0585058462402355 0.343007141161222 0.57249055678236 0.0259964558161829
0.650413216832121 0.242237064756171 0.0790423891064565 0.0283073293052509
0.260231013916424 0.144983330930192 0.484116136509637 0.110669518643746
0.0900755699074261 0.414988542430129 0.491125901767453 0.00380998589499231
0.555476800534264 0.210727599641012 0.0292656536416682 0.204529946183056
