0.216314867772603 0.19407894609291 0.364054455948393 0.225551730186094
0.212525007045103 0.31852248020511 0.175971445363967 0.29298106738582
0.174060025319458 0.37376337998407 0.306713353660504 0.145463241035968
0.143894509210212 0.236857666765322 0.443794109439609 0.175453714584857
0.214128700233418 0.279479257929879 0.169251507439086 0.337140534397617
0.386947939540353 0.289274959204133 0.245762682736472 0.0780144185190423
0.253516402787879 0.289288902121875 0.352139169758794 0.105055525331452
0.113828243916754 0.269752030358895 0.342794065436466 0.273625660287884
0.117706313072742 0.316942360533263 0.364888664491312 0.200462661902682
0.217243830295125 0.158864273760059 0.429705719999543 0.194186175945273
0.169876860053128 0.319864045932577 0.231272735403542 0.278986358610753
0.217948292886465 0.348466854614264 0.168483590408357 0.265101262090914
0.0924481224607954 0.319079273550841 0.379615157753234 0.20885744623513
0.259866166101519 0.354414499067426 0.306214631522039 0.079504703309016
0.207050316771551 0.226723975550392 0.265200744038365 0.301024963639692
0.266796108014002 0.215461469990379 0.298995591668935 0.218746830326685
0.19056277110631 0.172276672254022 0.373943021736703 0.263217534902964
0.27755337762462 0.174289809572621 0.160946231744043 0.387210581058715
0.272501738836556 0.157604832383867 0.331236602564281 0.238656826215296
0.225234751096412 0.304961055506663 0.20371720169056 0.266086991706365
0.389438069702192 0.221287974908619 0.283506841735712 0.105767113653477
0.151889775072079 0.322114527718199 0.415352965331506 0.110642731878216
0.127587730530383 0.249823023709491 0.135859609478184 0.486729636281943
0.316439676060273 0.333153288724663 0.229287934490814 0.12111910072425
0.135462594635599 0.338660830307108 0.36420842988365 0.161668145173642
0.279334548653204 0.333377063416917 0.197624598620557 0.189663789309322
0.235331181754509 0.222347774214251 0.129530102474349 0.412790941556891
0.140979249095107 0.180484574501787 0.340009813831849 0.338526362571258
0.323660617412591 0.167428290432358 0.154661291584124 0.354249800570927
0.25754529140077 0.320815671721846 0.13314325565278 0.288495781224603
0.336695428491601 0.331776788690092 0.179369411282268 0.152158371536039
0.167714837576152 0.215033266229015 0.313626911504295 0.303624984690538
0.315265645097488 0.224503089451327 0.206338173524687 0.253893091926499
0.237060014904821 0.277960572385299 0.28469250747762 0.20028690523226
0.195692923741824 0.299641131157565 0.181755726353296 0.322910218747315
0.301981672979315 0.286420171803063 0.287748085287153 0.123850069930469
0.155677157328126 0.491756614092409 0.1308367925872 0.221729435992265
0.242327162169976 0.187008301863679 0.204590155134671 0.366074380831673
0.357566010944122 0.242856743552403 0.22507663068733 0.174500614816145
0.205023652205124 0.438733711149496 0.10288500991943 0.25335762672595
0.322660633845828 0.11662008980839 0.246380412255034 0.314338864090748
0.221661669305829 0.192286584592566 0.23100664760867 0.355045098492934
0.290637109858427 0.113916083960027 0.357368142085892 0.238078664095654
0.374674981611868 0.217322687638834 0.165803939961146 0.242198390788152
0.283762605574346 0.26811465491511 0.288943308547476 0.159179430963068
0.391481438463594 0.217394039166307 0.259092152052469 0.132032370317629
0.346761871798262 0.25436977019356 0.259119858657226 0.139748499350952
0.191823935129655 0.226496801248564 0.365009065621165 0.216670198000616
0.232636353598416 0.302633674593352 0.24625170096827 0.218478270839962
0.147462892931189 0.346122802531813 0.317387127414892 0.189027177122107
0.150819146454295 0.241106089394056 0.39613459010156 0.211940174050089
0.261183841570168 0.275651734111407 0.140907332132239 0.322257092186186
0.390003551002685 0.224106842543344 0.243570936303673 0.142318670150298
0.235796725778725 0.319046788594965 0.341912457953349 0.103244027672961
0.132442556370182 0.290962386805577 0.315871088349379 0.260723968474863
0.152024678078053 0.284016578465795 0.327005208602944 0.236953534853208
0.260471670620687 0.163934887492155 0.414633093320805 0.160960348566354
0.157129383878865 0.340024596009557 0.234289501517702 0.268556518593876
0.214492848711413 0.309206151248247 0.201266635515856 0.275034364524483
0.120953206379367 0.358203326289611 0.332793504300299 0.188049963030723
0.251119302787801 0.352773602067683 0.328662198570987 0.0674448965735283
0.259880237353559 0.172784886528514 0.289200648163595 0.278134227954332
0.272162981208 0.224333346310714 0.296666196894656 0.20683747558663
0.180858940657167 0.141137363428654 0.370918307686587 0.307085388227592
0.297412596158004 0.239984857399361 0.137731256505964 0.324871289936672
0.304827680323771 0.119282509649701 0.30695802518207 0.268931784844457
0.18097438608105 0.321921334632151 0.207624056485619 0.28948022280118
0.371329943990168 0.203033230385182 0.315016531710776 0.110620293913874
0.188406966063514 0.286222282457433 0.389193486793768 0.136177264685285
0.12892748457353 0.224139045137003 0.172798355489767 0.4741351147997
0.34131726837617 0.280809686729283 0.236376116990679 0.141496927903868
0.165660050579161 0.327188066924046 0.329952548247014 0.177199334249779
0.270246045328311 0.354725450425682 0.197488362268875 0.177540141977131
0.266476041838677 0.219151093284273 0.102430786931622 0.411942077945428
0.138834300137386 0.195113443179906 0.356921827019388 0.309130429663321
0.372327634189335 0.183512882377759 0.129138110568964 0.315021372863943
0.223663299188506 0.34866690277462 0.106189765911935 0.321480032124939
0.301168677981275 0.357981853290891 0.199973904256503 0.140875564471331
0.169516740132478 0.230052926875809 0.309359288292805 0.291071044698908
0.328260237123131 0.172624628017519 0.229858660728182 0.269256474131167
0.260779688054574 0.30282159089048 0.239628089628558 0.196770631426388
0.17537909261993 0.36475990520166 0.158176810497682 0.301684191680728
0.243954236942232 0.303257347232163 0.280586705408046 0.172201710417559
0.175477595256769 0.501647285923499 0.124317454587566 0.198557664232166
0.203591261659175 0.145368622251553 0.270568907869044 0.380471208220228
0.378703729497777 0.21849826529986 0.202638112677017 0.200159892525346
0.198331354844264 0.404138015516753 0.155318385939483 0.242212243699499
0.341358201234709 0.140738598626018 0.210065018382242 0.307838181757031
0.243713931394812 0.202284430563359 0.249018276823413 0.304983361218416
0.267328273533122 0.124431824799791 0.373347947401039 0.234891954266048
0.341186516103888 0.230775329566704 0.234637005273502 0.193401149055906
0.255422956372975 0.29558647051191 0.289811142152047 0.159179430963068
0.356693581047508 0.248989847893741 0.222943519659018 0.171373051399733
0.380706966912439 0.254890277538769 0.226282768272079 0.138119987276713
0.206988976132565 0.212964789868844 0.32279814344049 0.257248090558101
0.260087457570687 0.298087457112678 0.26451146011662 0.177313625200015
0.176685229342665 0.304857304930688 0.365840610190841 0.152616855535807
0.154108881567798 0.245123059742368 0.389049863675741 0.211718195014093
0.259360372924134 0.29017719822451 0.138069774315128 0.312392654536228
0.396073483845778 0.230517284149184 0.27906750542004 0.0943417265849987
0.188021519226838 0.354028499646624 0.330873369374222 0.127076611752316
0.11558558166343 0.284498936588889 0.281806080203389 0.318109401544293
0.182233119291525 0.289211761598105 0.288229269580055 0.240325849530316
0.250224636902645 0.231343138334864 0.377746575518319 0.140685649244173
0.189073482819449 0.338893226317982 0.303780156796489 0.168253134066079
0.286615889220591 0.339540260071692 0.184994097942616 0.188849752765102
0.0736603781629166 0.338599358640448 0.313957252822821 0.273783010373815
0.216143194729911 0.399825616162926 0.315021733618073 0.0690094554890894
0.249915342233202 0.189698788310177 0.253560383011271 0.306825486445349
0.24656533928826 0.261327760918476 0.311498103521588 0.180608796271676
0.212266717527932 0.132187583820135 0.366847686074105 0.288698012577828
0.316641817129469 0.256604587034201 0.100436373207509 0.326317222628821
0.232505248930804 0.152844588983634 0.344284254347844 0.270365907737718
0.18440389452311 0.314448687295606 0.176067771365305 0.325079646815979
0.352982086499288 0.213009667642319 0.351952000654333 0.0820562452040608
0.16041506515033 0.3088439044522 0.40878404828148 0.12195698211599
0.0824136032778431 0.204316692111338 0.214559804265418 0.498709900345401
0.295064343840514 0.294312717003579 0.242997716327765 0.167625222828142
0.165463971577399 0.338235634100911 0.272318298009407 0.223982096312282
0.296387187701983 0.335650030840695 0.205008659630646 0.162954121826676
0.296048117187956 0.182051993554597 0.105255636520418 0.416644252737028
0.219018516847426 0.215443988037912 0.288344672351805 0.277192822762856
0.414088060174893 0.179289778958114 0.0787826773503169 0.327839483516676
0.221669692104937 0.342573834772828 0.129641873863679 0.306114599258556
0.295276344558022 0.327264528668218 0.204401584198958 0.173057542574803
0.256685010656604 0.263842221112149 0.271699041438157 0.207773726793091
0.31004189803406 0.194097001837662 0.207869532961608 0.28799156716667
0.246189607721865 0.352519104844495 0.229001940963234 0.172289346470406
0.197540267453239 0.335066795327745 0.175893192382793 0.291499744836223
0.209461652356555 0.285541887752212 0.310824186074301 0.194172273816932
0.172792291148461 0.516620729128734 0.0981767405291459 0.212410239193659
0.246024253819496 0.152273735749767 0.230572796272342 0.371129214158395
0.349662427538117 0.252758052449354 0.1946851070437 0.202894412968828
0.189998364000927 0.409288151466706 0.153140074015266 0.247573410517101
0.384720680437624 0.123076439650873 0.212813726745166 0.279389153166337
0.217373899468291 0.232522182355078 0.278640200526648 0.271463717649982
0.243281374131539 0.139552632142255 0.385621241739995 0.23154475198621
0.329900540842762 0.271299504072548 0.196067203419765 0.202732751664924
0.240905353769093 0.347928604521724 0.290933286849048 0.120232754860135
0.326943766451947 0.2815547200827 0.217104573056711 0.174396940408642
0.335258772811685 0.230240261781117 0.239775719191397 0.194725246215802
0.165920756046402 0.217060592103795 0.384111020518798 0.232907631331004
0.237422776272495 0.3208166353688 0.243203286266208 0.198557302092497
0.193719397336944 0.254634751658655 0.337125594935693 0.214520256068708
0.13280124415919 0.283109960749029 0.346462371049115 0.237626424042666
0.272876462698336 0.298337758272928 0.134755599306564 0.294030179722171
0.422015393043496 0.244630252496219 0.275577660005161 0.0577766944551243
0.218396893347032 0.33155211361805 0.329836851109194 0.120214141925724
0.116903910787908 0.330602826654458 0.297851021643148 0.254642240914486
0.199953082973409 0.31101076562945 0.30658396606946 0.182452185327682
0.16587561079658 0.252403885976468 0.424352093000704 0.157368410226248
0.137062980444253 0.372911411197078 0.276237728421035 0.213787879937634
0.244714429501071 0.323908050790953 0.210428853232077 0.220948666475899
0.0796080715071222 0.32439443967475 0.298360950224106 0.297636538594021
0.207819432874194 0.394385563348843 0.294786584725102 0.103008419051861
0.240450059584168 0.230563146034963 0.257968838558217 0.271017955822652
0.235667586599062 0.321891543643261 0.28495229711203 0.157488572645647
0.201974341706777 0.171740165264284 0.407065622375011 0.219219870653928
0.37282521788545 0.266362476078905 0.0697269186971482 0.291085387338497
0.195461331466479 0.188229891187574 0.341568386706462 0.274740390639485
0.25887046372676 0.299303981860811 0.170370078236701 0.271455476175728
0.37290251599352 0.156468161790536 0.391432958194551 0.0791963640213939
0.203489183863014 0.285880765741726 0.402364683301524 0.108265367093736
0.134354164980784 0.184304919919255 0.172208312650009 0.509132602449953
0.277763443512541 0.276123639947566 0.261071901467032 0.185041015072862
0.188591490264797 0.314695402236012 0.288277776481767 0.208435331017425
0.251902733721871 0.302443440767744 0.252877665924705 0.19277615958568
0.28950527762986 0.222815171323856 0.111437500751312 0.376242050294973
0.239219363872688 0.226596365780022 0.283230072929719 0.25095419741757
0.415327890768006 0.189822872281579 0.0618280110615145 0.3330212258889
0.216914470593933 0.356243214206678 0.175299368568616 0.251542946630773
0.264653610964103 0.299949950886855 0.212558753965449 0.222837684183592
0.230616965888423 0.248049017933821 0.282283527719889 0.239050488457867
0.329968948288833 0.205650828521329 0.152312792652497 0.312067430537341
0.283881914320048 0.321305044646678 0.199404532551442 0.195408508481832
0.261971510895471 0.319920222678499 0.177682254981047 0.240426011444983
0.222343092042143 0.242000068330405 0.316662057156196 0.218994782471256
0.196670804890699 0.534628667069736 0.0507495022671203 0.217951025772444
0.265801742155463 0.173324621919309 0.246818999122358 0.31405463680287
0.32302858897396 0.235784158033931 0.184620171417703 0.256567081574406
0.170296990365602 0.44243560857484 0.143456429558011 0.243810971501547
0.396237068151697 0.120342966293361 0.219577670099765 0.263842295455176
0.212406708316482 0.225771191986187 0.337402689372616 0.224419410324714
0.223572751034727 0.164481228577603 0.366889813848815 0.245056206538855
0.29969437082237 0.296242358521003 0.192658449064724 0.211404821591903
0.223628100227696 0.377568107474065 0.267761400221951 0.131042392076288
0.346096639304229 0.257494755849389 0.247397513935719 0.149011090910663
0.331920324649727 0.246925086242234 0.240668400255248 0.180486188852791
0.162864431924395 0.23249366781935 0.347071625580178 0.257570274676077
0.27880899485687 0.335693289204909 0.206051440494622 0.179446275443599
0.170540884914343 0.309414605307161 0.305524253709788 0.214520256068708
0.116553452123616 0.294394525149587 0.360988731455422 0.228063291271375
0.222576580240279 0.327561459159288 0.163845683343144 0.286016277257289
0.43428252006541 0.226823298687461 0.249554447592323 0.0893397336548062
0.205534782789998 0.39253718761825 0.301816520544144 0.100111509047609
0.105988738350237 0.386524188802823 0.299120256290191 0.208366816556749
0.237052349904591 0.273469544419182 0.246477695192746 0.243000410483481
0.170055885793486 0.229600460210872 0.410474560596555 0.189869093399087
0.161525599390816 0.323409186192243 0.269411895217996 0.245653319198944
0.248424423594585 0.329952389562561 0.22221298066819 0.199410206174664
0.0830947671774122 0.401283217339613 0.242407269075285 0.27321474640769
0.230176321659919 0.356236883124294 0.302662798982078 0.110923996233709
0.277540075705678 0.166670019181454 0.255539038508349 0.300250866604518
0.198261014941433 0.337815870817695 0.312870975628319 0.151052138612553
0.287248084557182 0.11188438951963 0.417655963346259 0.183211562576929
0.375871908948077 0.28138705803791 0.071995123476978 0.270745909537035
0.214331759368335 0.155666516559494 0.338487176562598 0.291514547509573
0.269434167405541 0.248379527190644 0.175647361179253 0.306538944224562
0.34840461452568 0.203397751699804 0.339772918883742 0.108424714890774
0.216464715865761 0.303188829762197 0.384573661220596 0.0957727931514458
0.0909330681138333 0.186047582251508 0.194631856972382 0.528387492662277
0.303473619892193 0.262595948821929 0.322458438163259 0.111471993122618
0.236069656219614 0.312891892339158 0.274188601464915 0.176849849976314
0.265298733332528 0.319279772989027 0.267999494957137 0.147421998721308
0.279868803386261 0.212450482833339 0.116279818763691 0.391400895016709
0.233643229812877 0.228536682358861 0.285906370217409 0.251913717610852
0.493918091073923 0.154360825017134 0.0487562839316509 0.302964799977293
0.209387161182262 0.347102377875616 0.189078838765076 0.254431622177046
0.245075433173713 0.308022820645908 0.198117400527725 0.248784345652653
0.219009795364347 0.318930926064653 0.19709245621493 0.26496682235607
0.366137533348765 0.197408830495414 0.117481663911581 0.318971972244241
0.359743705107942 0.305605177662173 0.121844779614502 0.212806337615384
0.23349286599079 0.340719548457579 0.181492580647611 0.24429500490402
0.232001802153542 0.194498190780602 0.322858407754671 0.250641599311186
0.159356105574069 0.532996799836072 0.0819080931194032 0.225739001470455
0.275855480752079 0.179687526812776 0.2439560444646 0.300500947970545
0.314731062748745 0.222703538380011 0.137898389237456 0.324667009633788
0.1577381137124 0.470058571859215 0.0888569619687243 0.283346352459661
0.369454598141476 0.136200297055444 0.256370957489211 0.237974147313869
0.196274985726993 0.246910328676368 0.312914754290328 0.243899931306311
0.228598991210084 0.122698560682289 0.404843996137192 0.243858451970435
0.328674679063814 0.364966031294925 0.136566712336166 0.169792577305096
0.230864215640948 0.359864218320866 0.234795740318822 0.174475825719364
0.351079899088287 0.281500005434414 0.264455201748203 0.102964893729095
0.311550639854577 0.306157925846608 0.271235068847176 0.11105636545164
0.109296080772042 0.259687108904169 0.366783436629088 0.264233373694701
0.297123080373483 0.339795637252218 0.181622620129048 0.181458662245252
0.10302748736879 0.343823511333671 0.28555154571504 0.267597455582499
0.16021290642252 0.283188180227048 0.298115736106542 0.25848317724389
0.192351166540179 0.336237254068065 0.184635369077924 0.286776210313832
0.426413502679299 0.271014160571733 0.261197063415398 0.0413752733335698
0.199071347713122 0.436831933657918 0.306561214279991 0.0575355043489689
0.119556295984324 0.414144060497883 0.240540029804108 0.225759613713685
0.217880209536563 0.307532155422356 0.222174630452949 0.252413004588132
0.20438702070977 0.201547529461618 0.437458597042638 0.156606852785975
0.168351747404168 0.35720106258445 0.249625055472058 0.224822134539325
0.315745789200625 0.323607205979817 0.183963256071218 0.176683748748339
0.0898809808820299 0.383555332689383 0.248920031273975 0.277643655154613
0.20825743026634 0.363436643662354 0.270107736483646 0.15819818958766
0.25449245672446 0.185385663227187 0.263460468243492 0.29666141180486
0.281819790344504 0.299573442353113 0.241135214901586 0.177471552400797
0.353429750466425 0.0806918192759008 0.364267677790848 0.201610752466826
0.456369890509425 0.271932052539307 0.0448986933636718 0.226799363587596
0.258265817399635 0.110545797030272 0.357430544653147 0.273757840916946
0.260439996387993 0.261635366816716 0.139248723768068 0.338675913027222
0.314413555604006 0.193295156939558 0.351255507580268 0.141035779876168
0.224469175848965 0.267648922748899 0.425497773946366 0.0823841274557711
0.0882545334167906 0.19317866610249 0.25339619501753 0.465170605463189
0.374308326336486 0.273107693630102 0.238370389114236 0.114213590919176
0.245608953733743 0.318941928040058 0.268568247883298 0.1668808703429
0.315705960077101 0.302437341018155 0.274510129729849 0.107346569174894
0.261013285423314 0.311043922984646 0.121843913808665 0.306098877783375
0.238389262773125 0.191343804138631 0.318138920475459 0.252128012612786
0.563095322155917 0.14274401309252 0.0674765272440694 0.226684137507494
0.218641828927234 0.310417460036604 0.191048219488388 0.279892491547773
0.255993450301264 0.327174399722332 0.216358660792493 0.200473489183911
0.235106466307427 0.333715478000389 0.161724963517961 0.269453092174223
0.381999490426633 0.15101897275178 0.115315263533243 0.351666273288343
0.331381734275603 0.315930328342901 0.147109134380615 0.20557880300088
0.24516011093621 0.298829473009843 0.231469774402942 0.224540641651006
0.241354191015131 0.190657871637693 0.331486130545368 0.236501806801808
0.19448223762064 0.497931051409941 0.112317337124972 0.195269373844448
0.252899092337475 0.161858631323557 0.276217938327924 0.309024338011045
0.287281871416183 0.225878556455865 0.152485736161692 0.33435383596626
0.151813000743856 0.502644963531009 0.115378013428437 0.230164022296698
0.409563573991056 0.128400696565774 0.270542006959526 0.191493722483644
0.205017235786725 0.240006416601737 0.283243236996428 0.271733110615111
0.235021965821716 0.12367002272436 0.431849686746995 0.209458324706928
0.322181364382239 0.385411519193466 0.112800490106705 0.179606626317589
0.262064297298101 0.34160463069303 0.225375431190349 0.17095564081852
0.358494805036386 0.258080133938843 0.250932882258346 0.132492178766425
0.341220904636029 0.264753536105243 0.277541255060799 0.116484304197928
0.142333580704148 0.221656793993012 0.313279990220075 0.322729635082765
0.36229773062302 0.323443428199215 0.138154298420551 0.176104542757214
0.157633374803235 0.345356446364662 0.240387496921081 0.256622681911021
0.135397384829547 0.29283412419933 0.298380341456636 0.273388149514487
0.185584142644079 0.351570745492163 0.211342816089647 0.251502295774111
0.46207676879256 0.235350894458472 0.269562225964706 0.0330101107842622
0.15731645433663 0.493222930400912 0.290604535171206 0.0588560800912527
0.155443326414928 0.409984007494304 0.19911247684213 0.235460189248638
0.222319215257923 0.312132020086843 0.199788915545517 0.265759849109716
0.244299610372478 0.25717719345173 0.374897696590557 0.123625499585236
0.186664564110188 0.421555880438923 0.197311703922384 0.194467851528505
0.275104014090354 0.304427259213582 0.224847398323835 0.195621328372229
0.0999299237028974 0.387379442995251 0.277713523541116 0.234977109760736
0.194355661199179 0.349696874798466 0.276651818356208 0.179295645646147
0.248351584348188 0.234115753947533 0.243433834698434 0.274098827005845
0.317913044760986 0.355388069701558 0.20164270551555 0.125056180021906
0.312524660830791 0.0776752437278015 0.375034185010371 0.234765910431037
0.450729775869306 0.321893410533778 0.0342354299512465 0.193141383645669
0.287782350707832 0.0996193948214106 0.330580305093139 0.282017949377618
0.221849467967821 0.251063283045022 0.190580968691174 0.336506280295984
0.287892349108188 0.279192077556064 0.324228143155838 0.10868743017991
0.275747813675873 0.261251976798789 0.438967896216885 0.0240323133084534
0.109548491739867 0.188141897604823 0.249161621976208 0.453147988679101
0.387810803975608 0.287311343005224 0.239327412728555 0.0855504402906129
0.231374264657778 0.353887246620198 0.225302689395097 0.189435799326928
0.370586953645905 0.30146835817424 0.290191564041986 0.0377531241378683
0.290267574604286 0.272267890241602 0.133325184084209 0.304139351069903
0.272665544413757 0.113085865541978 0.336780804553265 0.277467785491
0.572042292639438 0.124826962770235 0.0893243565365977 0.21380638805373
0.205607065961253 0.300466829221603 0.168967616467657 0.324958488349487
0.22130276523161 0.327174399722332 0.230201651152483 0.221321183893575
0.20610362145084 0.340208547470551 0.136285930733763 0.317401900344846
0.389730489695457 0.119787239456645 0.103820796486666 0.386661474361232
0.363712644880982 0.295814836891904 0.119019049244842 0.221453468982272
0.212231513218664 0.329766546313928 0.187564094468982 0.270437845998426
0.240601556698681 0.197676732276766 0.349382441291805 0.212339269732749
0.191260046426568 0.495414944195326 0.101858931867303 0.211466077510804
0.311178086355221 0.171237691197311 0.202632014450379 0.314952207997089
0.286775818238078 0.269583581957414 0.157836356373958 0.28580424343055
0.156653910771125 0.526319465184304 0.0955986821797179 0.221427941864853
0.453707906335933 0.179972695893053 0.223855895347746 0.142463502423268
0.206038647510648 0.2876919300376 0.284587544974134 0.221681877477619
0.263220369023248 0.094482212611871 0.452990381039257 0.189307037325624
0.299136222102069 0.391510954088907 0.154044924648728 0.155307899160296
0.180198689548896 0.361595804695674 0.251736961365549 0.206468544389882
0.330627613221801 0.298927884197242 0.221989763147574 0.148454739433382
0.287457190383757 0.305674298368947 0.293532123644121 0.113336387603175
0.197578460495428 0.245818121023755 0.248276401372026 0.308327017108791
0.34576003862682 0.308505102729367 0.158393313478001 0.187341545165812
0.203393490662101 0.35797853983217 0.156939827736548 0.281688141769182
0.0647878343197124 0.336412854100094 0.306777573988206 0.292021737591987
0.17004187513085 0.429856077912073 0.183511501137301 0.216590545819776
0.469672023622645 0.247688940122836 0.232703457785624 0.0499355784688944
0.181164284352796 0.504571600149898 0.270148444881106 0.0441156706162
0.13616829347647 0.456712472164318 0.156550719376539 0.250568514982674
0.223432457727651 0.331164598332813 0.19756349401346 0.247839449926076
0.245920158934392 0.238560427754941 0.374156507128424 0.141362906182243
0.186893058952492 0.410611484699571 0.251045135144301 0.151450321203636
0.291377008779998 0.305350998534879 0.201449505394919 0.201822487290203
0.139822336384263 0.3942809610761 0.234721927220472 0.231174775319165
0.174045985370858 0.335381025709867 0.357521850014768 0.133051138904506
0.284294777604577 0.232848050336595 0.270617872440406 0.212239299618421
0.288085331178787 0.382826995711485 0.220539382784917 0.10854829032481
0.370464883211939 0.0599983068287225 0.362033373484517 0.207503436474821
0.425667931137625 0.318525278600975 0.0398724438634474 0.215934346397952
0.289143130650311 0.097561537423234 0.335270621569766 0.278024710356689
0.227115869750685 0.212705324434153 0.237110205255121 0.32306860056004
0.291887182885148 0.289719205671127 0.277046446286172 0.141347165157552
0.273702632951638 0.295477575969684 0.410335989539847 0.0204838015388308
0.136523029609549 0.164446196319791 0.246617723909703 0.452413050160957
0.412844208455809 0.208443170902849 0.245427639335495 0.133284981305847
0.205086057421566 0.377509869589758 0.208799236786502 0.208604836202174
0.380559753506312 0.265674681970192 0.29373362944704 0.0600319350764557
0.303547929917613 0.296424519413523 0.132658767059878 0.267368783608986
0.26453056260434 0.0731491739960967 0.354363670497397 0.307956592902166
0.558451546964992 0.136238325307418 0.108715543642391 0.1965945840852
0.174281345041258 0.259646677281615 0.261802048029298 0.304269929647828
0.221415952851328 0.323159083140979 0.237642362780197 0.217782601227496
0.225071678384795 0.363837581973215 0.0699456133021587 0.341145126339831
0.351187759415725 0.151631207512554 0.112345228607278 0.384835804464443
0.390731017665351 0.311164236132126 0.0705411068821819 0.227563639320342
0.19431925906794 0.351001609095416 0.172176375129058 0.282502756707586
0.230515393873799 0.202885098600261 0.350602212919608 0.215997294606333
0.168047662506241 0.489843099766548 0.137077171955155 0.205032065772056
0.352578845900143 0.173179589959326 0.183264065664722 0.290977498475808
0.32030172612662 0.227747413782782 0.15255451694153 0.299396343149067
0.143049413106052 0.523850903686787 0.0960342031269303 0.237065480080231
0.470249621511778 0.175682148019228 0.162363553107802 0.191704677361192
0.162646638304066 0.282399207187027 0.319799308668085 0.235154845840822
0.245617615506263 0.14723267045261 0.407917135509474 0.199232578531654
0.278132755228406 0.399146484673865 0.215283318395044 0.107437441702685
0.161121824964546 0.393173210395901 0.25083109283807 0.194873871801483
0.316526514447102 0.30324247316798 0.212505314456209 0.167725697928709
0.338934020575434 0.298927010729065 0.272561992874119 0.0895769758213817
0.222296387858664 0.224087653183657 0.238142481902945 0.315473477054734
0.364307423189955 0.358781469001377 0.121462592050222 0.155448515758446
0.202287637270755 0.362580746033695 0.191000874356447 0.244130742339102
0.047177649966169 0.383272296979307 0.289520953956657 0.280029099097866
0.181595715010194 0.422955993969035 0.154026735498238 0.241421555522533
0.488649118972337 0.292354768662128 0.160045752285601 0.0589503600799346
0.141326190862689 0.468339446090208 0.247952291481106 0.142382071565997
0.14390999723891 0.442916573641369 0.157302964778502 0.255870464341219
0.206706546283133 0.32098061255119 0.212419052054477 0.2598937891112
0.178590312897073 0.274414962571404 0.394017989247146 0.152976735284377
0.203735771431903 0.379524053323935 0.273485413895611 0.143254761348551
0.283583182903564 0.313423605480523 0.179037342544541 0.223955869071371
0.122047138835937 0.374473383797402 0.266660551026235 0.236818926340426
0.242390356991191 0.26496377810785 0.348565299627103 0.144080565273856
0.227887717363251 0.239802687750905 0.314099010695853 0.218210584189991
0.233073862821381 0.374354135235018 0.281454202618041 0.111117799325561
0.337272133669289 0.0752900920272191 0.35674385855127 0.230693915752221
0.441440906938417 0.334917090743658 0.0634378203144536 0.160204182003471
0.2759839562015 0.07272258372518 0.368697750795804 0.282595709277516
0.177615680750876 0.207156290021902 0.252896263530383 0.36233176569684
0.33956479963108 0.302053123626529 0.254297699935765 0.104084376806626
0.296781938332453 0.324226417384611 0.374427652969128 0.00456399131380783
0.140517998690217 0.191909014089056 0.275923709479657 0.39164927774107
0.31985016676148 0.254851464706537 0.250238024735692 0.17506034379629
0.19593097715783 0.423442468403428 0.19053639412224 0.190090160316502
0.384594703485126 0.293877724968403 0.293412385941581 0.02811518560489
0.281267086873913 0.264270007043052 0.14529778579596 0.309165120287075
0.252252107044477 0.120240464828128 0.301478827803358 0.326028600324036
0.553518942962459 0.140683127213774 0.101232868918667 0.204565060905101
0.170981279074935 0.26767178728818 0.273109480654043 0.288237452982842
0.232736335871539 0.322552292379748 0.243521665976176 0.201189705772536
0.25651593404322 0.390638367186924 0.0836652433049013 0.269180455464954
0.338739348079789 0.179059199807097 0.124588504516264 0.35761294759685
0.406454452757137 0.296582699508244 0.0476142784889349 0.249348569245685
0.201563641109912 0.3370125705861 0.215344173600462 0.246079614703526
0.280341651683562 0.226213016659919 0.314021032814622 0.179424298841897
0.0950151487855588 0.514446578563328 0.153808477992555 0.236729794658558
0.416082371964012 0.170018999292515 0.165852983810934 0.24804564493254
0.362350844519954 0.20685549535454 0.140830081514071 0.289963578611434
0.116551991820449 0.543896543465041 0.0906313467835045 0.248920117931006
0.477364716993054 0.170488501825281 0.18046156825972 0.171685212921945
0.185657607792016 0.312010576845987 0.273387536956657 0.22894427840534
0.240138736797008 0.0699743042459489 0.449501845820618 0.240385113136425
0.28202105740257 0.385105979730751 0.232856500208394 0.100016462658285
0.148919629735072 0.371660727812844 0.314205223452171 0.165214418999913
0.314077697063837 0.309709016382608 0.196862103263991 0.179351183289564
0.372795610752255 0.2517837985238 0.249871008896019 0.125549581827926
0.214856482668988 0.214222421581204 0.230282516198098 0.34063857955171
0.366610504742919 0.351681450183213 0.147447583927561 0.134260461146307
0.214298545013416 0.35622685193643 0.218278929618733 0.21119567343142
0.0190122467132358 0.394971268516715 0.294273696164732 0.291742788605317
0.191849970337357 0.504074131521438 0.100015401746979 0.204060496394226
0.503603754292801 0.31543004243483 0.0940754912340485 0.0868907120383213
0.141326190862689 0.500594653901458 0.270359664673361 0.0877194905624928
0.117701499468779 0.423561508946832 0.155452181867442 0.303284809716947
0.189459118481065 0.379930078903541 0.204422391158599 0.226188411456795
0.201836925459871 0.285163125244957 0.397296774614875 0.115703174680297
0.253207147430012 0.323170975082708 0.282758978553972 0.140862898933308
0.26970831955932 0.329919796485512 0.202381812627789 0.197990071327379
0.0992720162136758 0.354949425628245 0.353687420217558 0.192091137940521
0.31353190725621 0.19733094450734 0.339085390062269 0.150051758174181
0.264685010708694 0.236516498357067 0.296105053769342 0.202693437164897
0.242374082345101 0.38617455325014 0.28412415374565 0.0873272106591085
0.353088799302172 0.121700335484868 0.337001698906896 0.188209166306064
0.489880409165537 0.396295040791267 0.0706213804206584 0.0432031696225375
0.312676710241041 0.0858565197687759 0.360257243557539 0.241209526432644
0.18310446315021 0.21092347591877 0.262842176649391 0.343129884281629
0.363162482736698 0.330998897646924 0.192759422305303 0.113079197311075
0.296844428808283 0.299207587683608 0.383310084171929 0.0206378993361799
0.156558566482005 0.220465734046907 0.265778452473723 0.357197246997365
0.315028907052638 0.26327636683762 0.223247042404356 0.198447683705386
0.172990577229346 0.454623854842558 0.172411823337382 0.199973744590714
0.341571647978488 0.270666601092595 0.298623744150489 0.0891380067784275
0.279269381150288 0.260621668058121 0.129369772138274 0.330739178653316
0.203746889165631 0.140997497863753 0.319284006389053 0.335971606581563
0.527120597856177 0.100122063084777 0.135899168447575 0.236858170611471
0.169080504723847 0.271142610229925 0.290611220049126 0.269165664997101
0.267946130673897 0.275820023897301 0.223436194229897 0.232797651198904
0.254063761593663 0.374009959546541 0.122549412459236 0.249376866400559
0.309520154777228 0.177370926719022 0.105697665085295 0.407411253418455
0.386901508924896 0.209280735876481 0.0836859768274267 0.320131778371196
0.177509073436902 0.340739851190753 0.230029854340975 0.251721221031371
0.303316286930936 0.245018798935659 0.285349941147711 0.166314972985694
0.0482229089384315 0.497686834690065 0.218375892366879 0.235714364004625
0.424022468232442 0.175023382584331 0.142230352639914 0.258723796543313
0.329696423849366 0.178056019729848 0.167884088900394 0.324363467520391
0.135370061337595 0.509643836398561 0.103471792821676 0.251514309442167
0.48330740173684 0.10856951687802 0.22509550416385 0.183027577221289
0.229818306780724 0.289837780294384 0.262150422638011 0.218193490286882
0.204631685383129 0.106521337117698 0.433878410849997 0.254968566649175
0.314376560546778 0.368908868209136 0.234569696594512 0.0821448746495737
0.149878224240281 0.350969173343322 0.303846668372734 0.195305934043663
0.320738673429511 0.277735603214156 0.234792548084076 0.166733175272257
0.409390979999043 0.2517837985238 0.246134709509073 0.092690511968084
0.175019381456518 0.270848530015488 0.249270019193976 0.304862069334017
0.342595014858732 0.38633161054965 0.123580154024086 0.147493220567533
0.25732242693496 0.325755262013758 0.193481383180094 0.223440927871188
0.00251563395299747 0.423487489184813 0.277608095994351 0.296388780867839
0.130834259631233 0.485426429663594 0.127277803275402 0.256461507429771
0.425927700412087 0.331075727912477 0.126656395925761 0.116340175749674
0.0935149090535714 0.550058480633702 0.267873150332507 0.0885534599802194
0.17305649396348 0.394142350227585 0.153733609316989 0.279067546491946
0.168973255810599 0.465186021001406 0.157785776600079 0.208054946587916
0.164666498999655 0.312398002064378 0.407002229331334 0.115933269604633
0.241421995376086 0.313968195451112 0.281837478952872 0.16277233021993
0.317020087227317 0.323226550735592 0.189698395055382 0.170054966981709
0.118361519264458 0.317070620176917 0.374636222577193 0.189931637981432
0.297509685849754 0.229948631202061 0.316591115550568 0.155950567397616
0.261403662451834 0.248942336133457 0.301896397320005 0.187757604094703
0.248062818432278 0.316154891073648 0.30741589094774 0.128366399546334
0.287652479138164 0.164200247188503 0.376993728900923 0.171153544772409
0.490825974997618 0.388956541513437 0.080646739109676 0.0395707443792697
0.312705890259505 0.121531993809685 0.345914563868832 0.219847552061978
0.185519882101051 0.173702971393885 0.255989011980964 0.384788134524101
0.361416497212668 0.313058362850125 0.220173405965821 0.105351733971387
0.313411795419263 0.314783348647447 0.336989721497624 0.0348151344356669
0.111409974348232 0.220459155812882 0.320617797954737 0.347513071884149
0.312209536667379 0.247451503144641 0.248979243474415 0.191359716713564
0.118624124155893 0.424244765013046 0.174121501937692 0.28300960889337
0.365071666114598 0.258739647237159 0.281586724202014 0.0946019624462287
0.277545299885014 0.250040372603945 0.125114498560983 0.347299828950058
0.262614615762867 0.171608786294854 0.245844116522195 0.319932481420084
0.520753673729545 0.0752152690040339 0.185079741003209 0.218951316263214
0.164090809180656 0.326902099213238 0.203751242501116 0.30525584910499
0.299315041439638 0.261039743664639 0.182098046244381 0.257547168651341
0.237680761450558 0.396647656634608 0.132947581361848 0.232724000552987
0.304155847440952 0.171040549733306 0.139187351795822 0.38561625102992
0.428893027042616 0.186444971738919 0.0709961579257184 0.313665843292747
0.172463873972826 0.346067073058381 0.23355492742223 0.247914125546563
0.305046420331933 0.202154342255987 0.285126783342553 0.207672454069526
0.0399669029769835 0.501082554760759 0.225744700257331 0.233205842004926
0.387429636892056 0.174595976483542 0.14864202782907 0.289332358795331
0.301192508111983 0.150933641106968 0.249719126888306 0.298154723892742
0.126755203074423 0.50380731428503 0.107195524447036 0.262241958193512
0.544194317818494 0.103817941797575 0.18865729363993 0.163330446744001
0.205014879162261 0.289625649412538 0.279055019354642 0.226304452070559
0.171626235555369 0.072676481445484 0.426894251266771 0.328803031732376
0.280055765814003 0.404841256010722 0.24256030613465 0.0725426720406251
0.109419081254062 0.39070219190063 0.255871683274035 0.244007043571273
0.273822597936302 0.293678521996977 0.239683677527498 0.192815202539223
0.370904178294186 0.251567300065042 0.263885449606908 0.113643072033864
0.184252031228247 0.293453756297519 0.232609468642953 0.289684743831281
0.337908331634451 0.374393072991342 0.155225381276824 0.132473214097383
0.290922774441541 0.338912947964622 0.170311928538919 0.199852349054917
0.00800387545182168 0.427102553719637 0.291773784923266 0.273119785905275
0.201540168866636 0.525676085507539 0.0633588838564638 0.209424861769361
0.466185656435648 0.33745218776364 0.153283407423965 0.0430787483767474
0.107931141845999 0.510315738800959 0.283227025311117 0.0985260940419247
0.166135519069752 0.415818540780119 0.158192200263149 0.25985373988698
0.172014411033635 0.466845566297976 0.160187593712775 0.200952428955614
0.176936338679012 0.24894911151548 0.439884766517713 0.134229783287795
0.188873827213038 0.36199486141481 0.238939161008381 0.210192150363771
0.288708000517542 0.330908627856581 0.217790647535947 0.162592724089929
0.121542813645378 0.345251892642653 0.370027828261028 0.163177465450941
0.342022066713061 0.220499508286085 0.266481207979109 0.170997217021744
0.300408512653143 0.262978758379593 0.293846413043711 0.142766315923553
0.26164774696115 0.308642692102995 0.295826170259678 0.133883390676177
0.320279560456224 0.233695449667223 0.346830350894378 0.0991946389821754
0.456690250061704 0.410851090457402 0.0587413512880687 0.0737173081928257
0.337726937660747 0.149506634195631 0.323254365916768 0.189512062226854
0.196743581690078 0.173702971393885 0.253170361560441 0.376383085355596
0.420306824278851 0.319774734596859 0.209440951176717 0.0504774899475737
0.314316388017353 0.294079471639392 0.335195690124632 0.0564084502186237
0.142007778101567 0.167208259347849 0.289284198557988 0.401499763992596
0.269238409757545 0.214703125780745 0.286391951616489 0.22966651284522
0.160846321160487 0.367103495455868 0.203538979159851 0.268511204223794
0.402516944993621 0.228471600028494 0.259801253725407 0.109210201252478
0.314549053300788 0.280910481562279 0.0402767108345543 0.364263754302378
0.261866918608574 0.175572205112001 0.223820256791506 0.338740619487918
0.541013863214815 0.0935935284726247 0.129448567228608 0.235944041083952
0.183577734035229 0.290006796501019 0.191933077832604 0.334482391631148
0.281096488612036 0.297409953018848 0.166664873083381 0.254828685285735
0.261186673915601 0.359914744250867 0.132442168211898 0.246456413621633
0.318518376145757 0.14337395535419 0.20571246011646 0.332395208383592
0.447361771717081 0.157376597279753 0.0714390394179178 0.323822591585249
0.169070595567989 0.332466038411527 0.26108177058006 0.237381595440424
0.286489671209716 0.200964365761926 0.293120140394881 0.219425822633476
0.035613958941202 0.505574746533201 0.23648278991472 0.222328504610877
0.367852971784896 0.163784302959684 0.165614014371992 0.302748710883429
0.303724606228337 0.159454628090754 0.249060820199305 0.287759945481605
0.136709584046036 0.498654614310897 0.118033486075603 0.246602315567465
