0.299262539084577 0.223954801330456 0.269793443355723 0.206989216229245
0.200921035706897 0.320937687656901 0.253654144154543 0.224487132481659
0.201057626702229 0.155640832523756 0.365147565226676 0.278153975547338
0.271059347482454 0.336021798747958 0.267648469678906 0.125270384090681
0.237080818015634 0.110661078491579 0.244743212573428 0.407514890919359
0.15406457797171 0.300154531360567 0.175735151172345 0.370045739495379
0.414208470998276 0.279393975799406 0.186187747477229 0.12020980572509
0.247589795215262 0.416872860029342 0.153218530166781 0.182318814588615
0.356634869531288 0.18095952515482 0.17559900754149 0.286806597772403
0.27299698858664 0.306812936970767 0.134961620916426 0.285228453526167
0.204017300333413 0.18323393506898 0.333042938061197 0.27970582653641
0.254144518399919 0.169815482993093 0.319408121569272 0.256631877037716
0.153102685763505 0.270228007072633 0.295004544539508 0.281664762624354
0.167473230243168 0.183286599249386 0.445715772341563 0.203524398165883
0.200867483785225 0.236725086893731 0.423311496207754 0.13909593311329
0.115482193380793 0.319806972043946 0.24200798516504 0.322702849410222
0.174816269091188 0.232640502404771 0.332816875042476 0.259726353461565
0.191221561447489 0.299655988531761 0.229118331507105 0.280004118513646
0.219244920388598 0.16078823119134 0.291309564557515 0.328657283862547
0.399730062741343 0.25557211464525 0.191957148165393 0.152740674448014
0.362027186608562 0.255721265407714 0.301889483679168 0.0803620643045559
0.260774975209601 0.224346648457031 0.409562706621155 0.105315669712213
0.169951470675327 0.396887560942743 0.212815700947007 0.220345267434923
0.211224459696343 0.102777058939736 0.38606323868192 0.299935242682001
0.176708949674079 0.300535839895794 0.240852073555632 0.281903136874495
0.36906927129109 0.182997014728798 0.29830726333941 0.149626450640702
0.150705428693978 0.341739856294529 0.281155494668397 0.226399220343096
0.161746739246782 0.217336031977723 0.412811870537595 0.2081053582379
0.186421643181766 0.210086116865453 0.322824048453924 0.280668191498857
0.34714840866554 0.217815293308668 0.253671664081883 0.181364633943908
0.377294383107673 0.241476303167128 0.197550171700345 0.183679142024854
0.157849888489636 0.244127640993582 0.312573666448014 0.285448804068769
0.0720136151687702 0.253191916009009 0.182567911838644 0.492226556983576
0.283571506444206 0.204476333867554 0.265227317976937 0.246724841711303
0.402989664265805 0.28913297694682 0.141949501992001 0.165927856795374
0.327707569952001 0.329922742727214 0.0992880609500983 0.243081626370687
0.205654797867021 0.222030943351011 0.215951729765352 0.356362529016616
0.332544503321618 0.208778897761191 0.264741675256682 0.193934923660509
0.243290987317458 0.120432317653884 0.39034729761763 0.245929397411027
0.275219758381179 0.203964176329574 0.242892402833506 0.277923662455741
0.19446197640157 0.150167199502265 0.336407154490653 0.318963669605511
0.245681625804086 0.358962282425589 0.188139542901115 0.20721654886921
0.257554940528299 0.252217879889011 0.131983821397633 0.358243358185056
0.420517818479946 0.289797170613384 0.158329107554175 0.131355903352495
0.25467124745405 0.257465418748469 0.263981675891241 0.22388165790624
0.221568788176103 0.257443112173762 0.238575918569468 0.282412181080668
0.252022843839461 0.310248709336767 0.177955281266262 0.25977316555751
0.260709887279937 0.271698526292221 0.247941000390113 0.219650586037729
0.209832363765354 0.293616603097238 0.245806124600031 0.250744908537377
0.234752479544247 0.114700650583661 0.379257563300804 0.271289306571288
0.305438537956737 0.310476859790639 0.277613846607355 0.106470755645269
0.263544882434904 0.162534822631027 0.18725825743071 0.38666203750336
0.188763517458116 0.256838369512661 0.164080094521129 0.390318018508094
0.471319805769892 0.228845665774509 0.174995345879719 0.124839182575879
0.27766216121332 0.417472958277448 0.177508884489656 0.127355996019577
0.31923376161724 0.186256192395147 0.185199955472666 0.309310090514947
0.264825056239754 0.356068510050921 0.0790205133208539 0.300085920388471
0.232645515113888 0.136284314721975 0.320919085826398 0.310151084337739
0.272388764717691 0.144577597072297 0.309750632381024 0.273283005828989
0.207237123624426 0.205823147632232 0.306139949340969 0.280799779402373
0.154083809239065 0.186037485382093 0.408600689416843 0.251278015961999
0.190934405827977 0.242852962884664 0.462121844735959 0.104090786551401
0.167951029432205 0.311642635040109 0.192759507237864 0.327646828289823
0.194809919899653 0.235595635424485 0.324174331993413 0.24542011268245
0.200763984224065 0.302508844003189 0.219607128013647 0.277120043759099
0.188770751156414 0.160285431786555 0.327917040002422 0.323026777054609
0.420415173401613 0.246161981537219 0.178041736776658 0.15538110828451
0.414436222582977 0.226156365514702 0.276316944540793 0.0830904673615276
0.28941795348433 0.197695015805112 0.388389653322311 0.124497377388247
0.206815104816955 0.328373083818771 0.255114062745755 0.209697748618519
0.234396616500118 0.0891731106211039 0.421594823128937 0.254835449749841
0.213929403214873 0.27912272192266 0.227984333788097 0.278963541074369
0.325657487236612 0.185835851921191 0.303482632642152 0.185024028200044
0.113638138432358 0.33783417842927 0.323837941021534 0.224689742116838
0.180800484359397 0.274732781437163 0.366575181713457 0.177891552489983
0.225693394623759 0.200726099668712 0.324819595860765 0.248760909846764
0.330149744579554 0.224998279400025 0.234403121652684 0.210448854367737
0.403567263149179 0.232017682588612 0.226167866790706 0.138247187471503
0.173678174653377 0.21632937610663 0.330125140546596 0.279867308693396
0.0960040591055522 0.258598254777089 0.148241454088359 0.497156232029
0.291107575183343 0.243316808742732 0.220313899217112 0.245261716856813
0.409714169107064 0.280637561985457 0.141298821723119 0.168349447184359
0.271885170413991 0.381401427478996 0.107675686860207 0.239037715246806
0.20435873125781 0.197282711921171 0.228750029452335 0.369608527368684
0.303747805843808 0.240062091267724 0.27365273982652 0.182537363061947
0.275340966784869 0.161607641273857 0.368103027320397 0.194948364620877
0.253835848453498 0.249810613974951 0.233904666119899 0.262448871451651
0.213302786458579 0.200647348461006 0.295278266526939 0.290771598553476
0.298347460969039 0.301013733735406 0.179755685343333 0.220883119952223
0.291768359618092 0.185466413302291 0.163761989749954 0.359003237329664
0.39424373597876 0.309647402303018 0.159955598262616 0.136153263455606
0.286602042009278 0.25803446930382 0.242123199631728 0.213240289055174
0.21317477778199 0.275674633819555 0.247188178949063 0.263962409449392
0.256452184801548 0.297785742208973 0.18282321860061 0.262938854388869
0.232361852345331 0.264300726638521 0.289511698522386 0.213825722493762
0.227717193481413 0.350283687472169 0.20441511201524 0.217584007031178
0.238836086558283 0.151890967596962 0.360675105106226 0.248597840738529
0.276141019011205 0.291481310889491 0.252345884281757 0.180031785817546
0.240757188255917 0.183427207011594 0.233285104470758 0.342530500261731
0.244805320797147 0.245400494311434 0.114110617349585 0.395683567541835
0.477646361486698 0.13576422869993 0.226645543066692 0.15994386674668
0.295809252268609 0.403861687103289 0.195263064386676 0.105065996241427
0.308143914293057 0.191373375597094 0.182219861250081 0.318262848859768
0.271556834815094 0.371680533916027 0.111008346808655 0.245754284460224
0.264277312794053 0.105843674802141 0.299991707832458 0.329887304571347
0.283432704649242 0.154153756165127 0.327643660366725 0.234769878818906
0.235896622234494 0.139092106061339 0.326596420489615 0.298414851214551
0.150676357292078 0.19580727725317 0.421966652512409 0.231549712942343
0.215070799147326 0.215928771806959 0.434540112813267 0.134460316232448
0.161422172925866 0.274797123032979 0.244766063319915 0.31901464072124
0.159944990878084 0.232107413031277 0.343371093812015 0.264576502278623
0.192841826380933 0.278451271982506 0.224896548004379 0.303810353632182
0.209722763109755 0.216704989008953 0.281671118017176 0.291901129864116
0.402600296645448 0.280109196789775 0.168578605715602 0.148711900849176
0.477070218428658 0.210739011141208 0.259195553856751 0.0529952165733829
0.290210764200996 0.206116601199647 0.368439483636549 0.135233150962808
0.233197548259663 0.286260587090693 0.278513407594923 0.202028457054721
0.257622397775078 0.0877270707220844 0.39669540243379 0.257955129069047
0.229969497993746 0.283859850304045 0.233854180299729 0.25231647140248
0.368250038725972 0.187670622347113 0.315978590585763 0.128100748341152
0.147522967674373 0.245375322230333 0.336897871559827 0.270203838535467
0.146033878315838 0.271933826416901 0.38405061931339 0.197981675953871
0.21721054010146 0.215038345039533 0.309254933386557 0.25849618147245
0.336014606740079 0.283881355968625 0.20643671782538 0.173667319465917
0.390132951779978 0.216069315545446 0.174196569877017 0.219601162797559
0.213172409908202 0.180735859796885 0.31741502739257 0.288676702902343
0.12143926918311 0.259506440487521 0.14186159134749 0.477192698981878
0.255310576928388 0.247481012063129 0.235527921163416 0.261680489845067
0.398630068235251 0.293648394117298 0.160467754639483 0.147253783007968
0.263266216601589 0.363015762325377 0.125287141916092 0.248430879156941
0.238464414812472 0.156371951136417 0.243136992993955 0.362026641057157
0.281164012140574 0.207057690202315 0.316410998305236 0.195367299351874
0.22799535956933 0.17288425759876 0.358741575840325 0.240378806991584
0.223540145207705 0.249684345958777 0.263754295637311 0.263021213196206
0.164774131614311 0.213535286659406 0.317817777494848 0.303872804231434
0.276440548840132 0.278872785226074 0.201655621697353 0.243031044236441
0.28563405412535 0.163662192653809 0.134960252745994 0.415743500474848
0.380885913992913 0.331694013336165 0.118834260298183 0.168585812372738
0.28124086299135 0.293123755720589 0.240267870446237 0.185367510841824
0.213095856226449 0.236573086065884 0.234831475540768 0.3154995821669
0.278357400776678 0.323757291719696 0.151397872009333 0.246487435494293
0.213663972899359 0.271760210190314 0.283643442849409 0.230932374060918
0.223753058191988 0.401933747679053 0.183216526810693 0.191096667318266
0.260620511107252 0.12580130656989 0.328008573994181 0.285569608328678
0.266264199020164 0.243604484361264 0.272160359232302 0.217970957386269
0.249183362253494 0.1893408740548 0.205760219034471 0.355715544657236
0.22952240459517 0.297742411823674 0.114720004737106 0.35801517884405
0.510434558379641 0.087249824039839 0.255196687854036 0.147118929726484
0.290713892079165 0.419762605345112 0.163589346084631 0.125934156491092
0.352369964128618 0.192572133310521 0.135815396753781 0.319242505807079
0.29586332426665 0.327948497719866 0.113107961521298 0.263080216492187
0.292029721423802 0.100530757420616 0.263798384586488 0.343641136569094
0.294189170098472 0.183550302698226 0.301676342611158 0.220584184592144
0.258839667287893 0.106049755056206 0.340991147425622 0.29411943023028
0.123927880078527 0.204583209280663 0.433186544441477 0.238302366199333
0.182951636266045 0.232705044374181 0.454192444235816 0.130150875123959
0.19230799744624 0.234145198229592 0.262968534977338 0.31057826934683
0.173941969529351 0.254822780658375 0.354867644791806 0.216367605020468
0.224528625661512 0.278671507652491 0.204366517640208 0.292433349045789
0.175691893314512 0.271618196973226 0.257211254801724 0.295478654910538
0.395366421324922 0.288651892233386 0.18877895595594 0.127202730485751
0.501047337496807 0.185120445336883 0.212650354551932 0.101181862614378
0.277375093286495 0.214880253116171 0.376357715221612 0.131386938375722
0.250874561975392 0.287210169618085 0.277349474832348 0.184565793574174
0.23894195578435 0.128716988157302 0.351776734536208 0.280564321522139
0.224585810020957 0.297378314869322 0.239037754443759 0.238998120665962
0.376948998095185 0.207062840066109 0.30015425878857 0.115833903050137
0.14703747099738 0.243046783283293 0.32118293908226 0.288732806637067
0.175146366056187 0.258132594267775 0.389994484537643 0.176726555138394
0.138651585568969 0.200136918581733 0.375260455230466 0.285951040618833
0.343991800776436 0.28748656133641 0.232629573689445 0.13589206419771
0.397703880109347 0.15667196779088 0.178829085092798 0.266795067006975
0.187356395912411 0.173794961777064 0.35475819841028 0.284090443900245
0.149836856089904 0.24493457316893 0.168174945358417 0.437053625382749
0.270956400503712 0.160530185720912 0.288591399839319 0.279922013936058
0.403955543692609 0.292855618761785 0.196687664944709 0.106501172600897
0.248143705404475 0.394077581014718 0.122757881161274 0.235020832419533
0.240625056491547 0.181857582418625 0.227714129125657 0.349803231964172
0.291295719736003 0.189841956401766 0.315112431886536 0.203749891975695
0.18250284230803 0.257207468135728 0.378622663632198 0.181667025924043
0.181983833523743 0.202244605942652 0.30856719357934 0.307204366954265
0.198560813048451 0.197895623474414 0.31176700587449 0.291776557602645
0.253496396933137 0.319191032965998 0.151620910233976 0.275691659866888
0.321306190969718 0.160665537082767 0.127644746186896 0.390383525760619
0.316471878033278 0.301676749375839 0.215438225946866 0.166413146644016
0.300686872301546 0.271295734611485 0.243267288250185 0.184750104836784
0.261634344870857 0.225639800428591 0.24779732506583 0.264928529634722
0.305403027080558 0.307633152808441 0.157833878920432 0.22912994119057
0.214371993185761 0.289771567546177 0.28039214926843 0.215464289999632
0.218826159471546 0.39908248577622 0.180772160462484 0.20131919428975
0.270324483920692 0.127391558672941 0.308267456121417 0.29401650128495
0.285126765529216 0.295088238802407 0.222677754592232 0.197107241076146
0.248479872007406 0.170941239161515 0.195555214018293 0.385023674812786
0.233883276066169 0.330537431172524 0.0963003833295863 0.339278909431721
0.514357747181496 0.122942424485894 0.193600549800462 0.169099278532149
0.261465290165015 0.417519657241881 0.21186386773072 0.109151184862384
0.377534039958871 0.239395036784616 0.127977302944231 0.255093620312283
0.339834877944343 0.313408861589654 0.13764446050073 0.209111799965273
0.283952195785293 0.135709382038018 0.223133339147688 0.357205083029002
0.303511403945815 0.196418502649707 0.265940481247803 0.234129612156675
0.286487970398511 0.102891285109849 0.285279758762 0.32534098572964
0.132231035293053 0.163556731730041 0.444773742694732 0.259438490282174
0.147042559031945 0.21945402774176 0.477425002838283 0.156078410388013
0.222536346360774 0.178704833154691 0.260598913301877 0.338159907182659
0.170183896641338 0.290964761650772 0.347541705149774 0.191309636558117
0.163382299141264 0.309736880670409 0.194509019286395 0.332371800901931
0.200054846688442 0.234254461852483 0.256119544544845 0.30957114691423
0.36900983789286 0.282261785275981 0.214240255254271 0.134488121576887
0.517446079989118 0.183829200923878 0.197526630283881 0.101198088803123
0.271758795544842 0.258370717606777 0.389648977509724 0.0802215093386575
0.17474961436415 0.316142742606645 0.267051604114871 0.242056038914334
0.247215213850388 0.1464973863273 0.332591107750006 0.273696292072306
0.199242012228509 0.299585522124154 0.268610506154416 0.23256195949292
0.38561497698044 0.175235471385721 0.307852854556876 0.131296697076963
0.207748133490164 0.246872632624521 0.335923904312418 0.209455329572897
0.210770879255041 0.235666570710421 0.379534426770302 0.174028123264235
0.115963243316455 0.233452649741842 0.371940404670761 0.278643702270942
0.36307486324267 0.274400444428757 0.233902397892342 0.128622294436231
0.413650733706762 0.175320920898066 0.156858576647278 0.254169768747894
0.199043813363004 0.195335225718343 0.357331828833565 0.248289132085087
0.147672693406138 0.230622349468822 0.168174945358417 0.453530011766623
0.277482993302475 0.158025139393779 0.272978727069389 0.291513140234357
0.397445733827225 0.302978369309966 0.153455257803232 0.146120639059577
0.270659091887175 0.362595138069011 0.12497107756532 0.241774692478495
0.238970815397181 0.204800063073081 0.237797819289103 0.318431302240635
0.321777028981809 0.200570027280888 0.287395058639976 0.190257885097326
0.211823159407367 0.251709711797283 0.375049676682032 0.161417452113319
0.163470618807521 0.216524052681889 0.326715607467752 0.293289721042837
0.255384911669015 0.162973911703829 0.292278329632891 0.289362846994265
0.205401318603348 0.334208533619628 0.169460155802006 0.290929991975017
0.302175707379885 0.157247858922873 0.133257064358084 0.407319369339159
0.324632715039568 0.275711000520461 0.193007291568222 0.206648992871749
0.291646541485485 0.25594478953877 0.249281923070352 0.203126745905392
0.271924434720006 0.256645031149212 0.189912124814936 0.281518409315846
0.30385977618522 0.34878955941592 0.165818254513218 0.181532409885642
0.203929547950667 0.291297495783419 0.273202418469139 0.231570537796775
0.251628209316305 0.354777424698754 0.194503017593788 0.199091348391153
0.29077385551004 0.0820007663654969 0.349767203259422 0.277458174865041
0.292054049039083 0.303834247109614 0.229269280720118 0.174842423131186
0.255090124896047 0.17665500815758 0.17742107533171 0.390833791614663
0.242204089785352 0.353635665742877 0.0574244968343612 0.34673574763741
0.535357124838922 0.116197788443617 0.187817153283535 0.160627933433925
0.27654551831607 0.451715448013509 0.178993930029104 0.0927451036413173
0.392420447326756 0.226664367339025 0.11415956774162 0.266755617592599
0.334602018838307 0.29578298369985 0.116498253523884 0.253116743937959
0.305648727837303 0.19032590362212 0.188096318821562 0.315929049719015
0.342126762799528 0.192569360663132 0.253060102292061 0.21224377424528
0.309999534943844 0.100637546388948 0.279087708458202 0.310275210209006
0.109451261768091 0.173986727685241 0.460671096660288 0.25589091388638
0.175178200201446 0.206656047847666 0.488172468585691 0.129993283365197
0.215362727878581 0.197176776311019 0.268904398836824 0.318556096973577
0.194982526277981 0.261823642598116 0.364198811512756 0.178995019611147
0.170386048012185 0.354454668185083 0.182708792612446 0.292450491190287
0.158031870281126 0.253490499045815 0.326707165877224 0.261770464795835
0.364959093870618 0.307493023433702 0.220093750320093 0.107454132375588
0.490253502938818 0.210102304366387 0.218597602514399 0.0810465901803962
0.285901457616232 0.271858365639382 0.335894393984718 0.106345782759667
0.215747189907738 0.30677353072406 0.204289571415333 0.27318970795287
0.212981342264931 0.132150817592682 0.364968229446488 0.289899610695899
0.216751776382019 0.318772319804022 0.258621984527033 0.205853919286926
0.401696264052015 0.201487544848541 0.254583847185603 0.142232343913841
0.208756173360231 0.201096798659941 0.377743410654708 0.212403617325121
0.147184386930794 0.261913070842095 0.377528432729783 0.213374109497328
0.119000447106609 0.233065907024023 0.354002994542691 0.293930651326677
0.32003573436568 0.242055543030002 0.228639534040956 0.209269188563362
0.400029939532268 0.195500949522666 0.157432018720351 0.247037092224715
0.245710809287902 0.183408021558323 0.390786196613925 0.18009497253985
0.14816831380981 0.22590220561141 0.144609596678286 0.481319883900494
0.229995213747099 0.198628959046239 0.29769454458536 0.273681282621302
0.389481215713931 0.270181685157985 0.19112008374979 0.149217015378294
0.275755409825471 0.295934078317369 0.179811931055488 0.248498580801671
0.210505316512274 0.215648871058975 0.251254013159037 0.322591799269714
0.309252379964086 0.209445680940813 0.324541148570296 0.156760790524805
0.185066581398722 0.236953065947144 0.396925916569238 0.181054436084896
0.173437534403099 0.238127882014051 0.33119471164345 0.2572398719394
0.241788336089874 0.167237017779643 0.29549818107108 0.295476465059403
0.209409051395873 0.333236317398357 0.195563545315452 0.261791085890318
0.299064994915917 0.139167414102647 0.133557214815854 0.428210376165582
0.359043453117281 0.173576195929856 0.206771041796321 0.260609309156542
0.329739536419899 0.253163334471318 0.209749836514506 0.207347292594277
0.280451699015851 0.24865063899005 0.183928061775868 0.286969600218232
0.307755713603785 0.345867855335265 0.141827747782012 0.204548683278938
0.210633053202456 0.258144156698017 0.269574623243664 0.261648166855863
0.249186455479258 0.369652628424869 0.171941077630882 0.209219838464992
0.258947533857415 0.118326199255359 0.395147557891347 0.227578708995879
0.300720309480615 0.307209968174709 0.222780669817084 0.169289052527592
0.263254314215406 0.169148028534004 0.19334120920879 0.3742564480418
0.286267147564919 0.313568782297625 0.055698434634329 0.344465635503127
0.537641073545385 0.135681279261565 0.135013073980949 0.191664573212101
0.292119185864666 0.418131891612664 0.182835238050323 0.106913684472346
0.380020159157018 0.242634694834622 0.0895674006083876 0.287777745399972
0.424499319286808 0.260740895232688 0.115660557052167 0.199099228428337
0.289915412775059 0.210721562596423 0.141115789403346 0.358247235225171
0.339698208166594 0.192729329611123 0.235239517052382 0.232332945169901
0.301489998000679 0.112700974321974 0.286838314599255 0.298970713078092
0.12937845225094 0.161548883717314 0.439709242926537 0.26936342110521
0.179005971280241 0.152286411286642 0.51576069191404 0.152946925519077
0.173094707341132 0.244226870019113 0.302469323867629 0.280209098772126
0.217630065105713 0.334475566418492 0.321712080543943 0.126182287931851
0.14547594096675 0.406362296872414 0.136985532261222 0.311176229899613
0.229664022378426 0.269857573299318 0.26697418179515 0.233504222527107
0.360603662633127 0.338076019973008 0.185137768987051 0.116182548406814
0.50770510848301 0.213942943005326 0.214188882052748 0.0641630664589155
0.3129091632472 0.22334056830503 0.345810306828726 0.117939961619045
0.215480204056398 0.275780453896916 0.196289156474571 0.312450185572115
0.257595868568416 0.149072944338022 0.315565898042798 0.277765289050764
0.202570142267663 0.348591532104958 0.201044486176741 0.247793839450639
0.430744726735583 0.202941182529511 0.227261035581358 0.139053055153548
0.227493805309128 0.198587138240631 0.343638929548084 0.230280126902157
0.089071609260181 0.295042562731945 0.366974086398155 0.248911741609719
0.132957122860771 0.217214455934185 0.351749246258271 0.298079174946774
0.29996170619315 0.235930476548238 0.205216641026453 0.258891176232159
0.441928454165335 0.24735248603667 0.139767939777153 0.170951120020842
0.244437216674032 0.216173942204812 0.397397216918187 0.141991624202969
0.111914794861013 0.231604181502544 0.19484613439324 0.461634889243203
0.241841057549538 0.206274286387982 0.343429820982678 0.208454835079802
0.362983238824563 0.264767355112525 0.23250383103479 0.139745575028123
0.29985905998514 0.318920692439425 0.189178370029881 0.192041877545554
0.222749073175794 0.159289023726624 0.284873810196718 0.333088092900863
0.302967067425119 0.249544769672035 0.295117471720022 0.152370691182823
0.207657255230014 0.258603195532904 0.391094877908402 0.14264467132868
0.190789139820306 0.23374188642858 0.299593201900545 0.275875771850569
0.211481965091142 0.163861786607685 0.326197961089848 0.298458287211326
0.19760435364597 0.342649564849078 0.19431264785693 0.265433433648022
0.356718077887146 0.0756764302180986 0.167678346002693 0.399927145892063
0.374703770324502 0.227061536252223 0.121897823357733 0.276336870065541
0.358795425021478 0.250733132515015 0.210450617636356 0.180020824827152
0.311586933945239 0.252940557615777 0.150425338982377 0.285047169456607
0.329554288359452 0.338316381362412 0.133462187796616 0.19866714248152
0.268810049860314 0.298138173430107 0.247914898643051 0.185136878066529
0.258751204537594 0.353272933132306 0.132533466085706 0.255442396244394
0.241283247316594 0.121095967767003 0.391305398280407 0.246315386635997
0.254057525066249 0.307973870481498 0.243859027947846 0.194109576504406
0.200123704663961 0.215071926355925 0.224181132221326 0.360623236758787
0.321158673151055 0.306689613368326 0.0690321785148319 0.303119534965788
0.563548677144283 0.149710146421069 0.112574626233103 0.174166550201544
0.29124870962647 0.367345763368301 0.219496115403602 0.121909411601626
0.397432856395633 0.224313097211914 0.11381322209508 0.264440824297372
0.416604907382537 0.207203050756165 0.137334117474081 0.238857924387218
0.306195541808899 0.235980450644543 0.14039985310207 0.317424154444488
0.380243588421801 0.156894652798022 0.228752487808656 0.234109270971521
0.318795656432402 0.084058769167218 0.241887279266622 0.355258295133758
0.128978369745865 0.160135587664826 0.443006279742903 0.267879762846407
0.169593943338224 0.197308795195151 0.471654714669132 0.161442546797493
0.201226527509478 0.246421540176154 0.263235618140246 0.289116314174122
0.219194116398084 0.345531963016489 0.3109321070752 0.124341813510227
0.144570337476213 0.432273180368231 0.115864512915048 0.307291969240507
0.254573029904429 0.276941186579292 0.281526981372509 0.186958802143771
0.361130618432559 0.324910670605235 0.175323115243527 0.138635595718679
0.538458255404062 0.198155363402997 0.210750276958186 0.0526361042347542
0.297827684871258 0.2843424593483 0.278588870656468 0.139240985123974
0.250641941595272 0.33330452164246 0.155994560556186 0.260058976206082
0.254102714513676 0.153088451176936 0.306987443950886 0.285821390358503
0.205138870034292 0.383327347500792 0.182137608323299 0.229396174141618
0.40367287308415 0.210700775176709 0.222637769068132 0.162988582671008
0.221950726413703 0.218294676777381 0.311913545194889 0.247841051614027
0.0956025959981065 0.286421533775686 0.371626909632365 0.246348960593842
0.0957596459733941 0.198169204576583 0.422977722854568 0.283093426595455
0.32821651758322 0.24558162963469 0.212346669764627 0.213855183017463
0.428217647838627 0.23874547067955 0.139529584004117 0.193507297477705
0.231655478265656 0.268977857082398 0.365285457463477 0.134081207188469
0.0896178012286773 0.261562886314996 0.207213885458416 0.44160542699791
0.20646779250361 0.202887330150027 0.354285515464548 0.236359361881815
0.394668314250338 0.23483246599946 0.251206397652657 0.119292822097545
0.320651301222499 0.289199298752939 0.191161383464683 0.19898801655988
0.253970362386747 0.159956080872244 0.281248064247616 0.304825492493393
0.246084179975072 0.256218714192334 0.284563410175196 0.213133695657398
0.219127101047205 0.191672034882921 0.419850686431094 0.16935017763878
0.124897675055588 0.250066921217622 0.304185030159254 0.320850373567536
0.235811742554714 0.158022791285565 0.29892559718056 0.307239868979161
0.212201128546535 0.345458766291947 0.17162944081814 0.270710664343378
0.315727465341862 0.0756764302180986 0.187126433920101 0.421469670519938
0.385876860942606 0.169337285643634 0.129078231187316 0.315707622226444
0.327273990114142 0.26170412509251 0.185062693698832 0.225959191094516
0.354201841204361 0.209933418312987 0.144718287895439 0.291146452587214
0.340911497084982 0.361166509619826 0.113414185276273 0.184507808018918
0.279001130492235 0.254616910497771 0.230187086234348 0.236194872775646
0.281434109205048 0.374955989557842 0.108935857613951 0.234674043623159
0.284504395984684 0.105564057497947 0.38675732413251 0.223174222384859
0.275915292106159 0.321618560926424 0.222107340155716 0.180358806811701
0.256216742927459 0.165316791916597 0.248821266576612 0.329645198579332
0.305207858004266 0.296482263054895 0.0809501038789369 0.317359775061902
0.556799514944144 0.174013001665674 0.109277174099256 0.159910309290926
0.317415327857688 0.296055504863851 0.233250223171784 0.153278944106677
0.357031235029015 0.236706690627532 0.144310023921019 0.261952050422434
0.38750006492741 0.194504635066063 0.110800664092228 0.307194635914299
0.297269287245632 0.272238276564436 0.107616517689683 0.322875918500248
0.3793170621177 0.176071526531544 0.227175752461612 0.217435658889144
0.355075796771334 0.106783304623145 0.225618285835618 0.312522612769903
0.153539864165914 0.183240551058243 0.407373481661406 0.255846103114437
0.179150965661358 0.212548640562765 0.419083477523674 0.189216916252203
0.201343933671213 0.260650353893063 0.236848072289652 0.301157640146072
0.193525718939581 0.342136351602036 0.315996945012443 0.14834098444594
0.133487628978216 0.427858482649192 0.139890936642676 0.298762951729916
0.23362615140694 0.279963504825368 0.294116518625879 0.192293825141813
0.343117189757083 0.322487122349187 0.17720704538603 0.157188642507699
0.512531918263217 0.173939061884971 0.237198235835729 0.0763307840160831
0.251147537315369 0.307672554811034 0.326825709035411 0.114354198838187
0.275708739513679 0.352770921020603 0.112718176898246 0.258802162567472
0.223669486349929 0.158365114330135 0.304511811538061 0.313453587781875
0.18072775273716 0.402314606350457 0.242760931699356 0.174196709213026
0.342348576885132 0.219696831290102 0.270740548318025 0.167214043506741
0.244542585143423 0.213364461902469 0.296706810644005 0.245386142310103
0.151207530579895 0.278178642762762 0.371243600124623 0.19937022653272
0.111210802263176 0.13199279170501 0.450809248803864 0.30598715722795
0.324679512141025 0.250000096061122 0.249320323044338 0.176000068753515
0.432963707370672 0.229256012450623 0.118850821680894 0.218929458497811
0.276078415677238 0.21918704841916 0.366474276119851 0.138260259783751
0.0701829022184474 0.262968841455941 0.22288695419463 0.443961302130981
0.211546966394018 0.193006888914882 0.369395358841107 0.226050785849994
0.393727466614836 0.29098272455314 0.226170380882484 0.0891194279495401
0.329606738668046 0.294279995064718 0.189304875131679 0.186808391135557
0.237885658141306 0.159260094623924 0.357154007554477 0.245700239680293
0.278552483198213 0.212533594808598 0.285427915477357 0.223486006515832
0.270154981324457 0.19753505539962 0.370538383873575 0.161771579402347
0.145463557788214 0.27429305691996 0.284458547595834 0.295784837695991
0.252246406822295 0.185200586919472 0.228648266150331 0.333904740107902
0.219981111383917 0.355544429962854 0.185112638194039 0.239361820459189
0.329105487801663 0.111159961860338 0.174177589151994 0.385556961186005
0.345314873913683 0.188836368151898 0.114393493131513 0.351455264802906
0.312303538811781 0.231986604561243 0.161553601582104 0.294156255044872
0.292336361670334 0.26773705693585 0.159028681604895 0.28089789978892
0.339474808264151 0.385083445895609 0.0861552334539774 0.189286512386263
0.387123660058989 0.225624610290742 0.19162553155051 0.195626198099759
0.304773299253912 0.363770353803469 0.144295624594352 0.187160722348267
0.296410772360967 0.0966438097615601 0.439856951954449 0.167088465923025
0.26316046997957 0.356234519140696 0.193733688664005 0.186871322215729
0.195237313824724 0.200456756577226 0.274660731018718 0.329645198579332
0.299361854887226 0.281595127136643 0.104489615773278 0.314553402202852
0.544871305497075 0.171613451607494 0.151408036648203 0.132107206247228
0.31738654116003 0.35818949329341 0.185044190079792 0.139379775466767
0.382052350713664 0.24635652368065 0.14804772122315 0.223543404382536
0.393817302796781 0.21682386169074 0.133685242513008 0.255673592999471
0.292852448107493 0.350386303520914 0.0823540356561067 0.274407212715486
0.428115355371339 0.130259957259935 0.244965896072522 0.196658791296204
0.3471613768742 0.106311135236224 0.217607792704031 0.328919695185545
0.247575241897694 0.102048503693931 0.353098521624551 0.297277732783824
0.184704668787855 0.204105594504237 0.421595072323254 0.189594664384653
0.194705560178462 0.252340215633515 0.244914657617849 0.308039566570175
0.226611614438097 0.36076424857683 0.313336674010929 0.0992874629741434
0.126272030065772 0.447000997849848 0.143809855551715 0.282917116532665
0.251181134146906 0.324304139031678 0.297283392862074 0.127231333959342
0.364878199477004 0.279112675232093 0.208398854192064 0.147610271098838
0.515014130615551 0.158908348330965 0.249730579882942 0.0763469411705426
0.225981857980473 0.325989675408964 0.318326548521664 0.129701918088899
0.275224923379169 0.324531188819857 0.120122724007282 0.280121163793692
0.258239934793921 0.16622649529605 0.249084576685375 0.326448993224655
0.201011098725879 0.368302765792079 0.272422779786918 0.158263355695123
0.342200494779689 0.249870694097089 0.239198257221614 0.168730553901608
0.237614697560271 0.193902655062206 0.321896182877586 0.246586464499937
0.167938030749692 0.283522592673947 0.346447202891474 0.202092173684888
0.140693210288246 0.143291005464447 0.428530812617839 0.287484971629469
0.360449401085949 0.279227963440208 0.232112972759312 0.12820966271453
0.44516745611605 0.25674732905738 0.0807314290658497 0.217353785760721
0.336751690405708 0.237776116448702 0.280145834330477 0.145326358815113
0.0683843069806689 0.256005875747715 0.202431251276514 0.473178565995102
0.187720607798621 0.196689181481982 0.350151438776342 0.265438771943055
0.396655577839737 0.28606490903341 0.225768969252038 0.0915105438748149
0.347780343202287 0.256250610562275 0.196181505921745 0.199787540313693
0.245441493125247 0.176540439434494 0.349585558289387 0.228432509150873
0.260253763514551 0.26248103106144 0.28701997044629 0.19024523497772
0.237312974487439 0.190270099731841 0.387762981833587 0.184653943947132
0.183385156132324 0.291207398122897 0.213160088540001 0.312247357204778
0.282697124333416 0.147616095280772 0.242359721766034 0.327327058619778
0.24345715889513 0.328815924868784 0.172946217788775 0.254780698447311
0.380273400536336 0.0562315647117234 0.217990764813483 0.345504269938458
0.368546737505037 0.157056888171429 0.0837783260154652 0.390618048308068
0.267922081215462 0.249768251407803 0.202924881606863 0.279384785769871
0.315570247424933 0.277593015755239 0.14361165857269 0.263225078247138
0.383271402024058 0.404072232073551 0.0800519558575651 0.132604410044826
0.441570550968446 0.236357608908202 0.187788709407453 0.134283130715899
0.330003758697904 0.328517390273104 0.127726936913941 0.213751914115051
0.297125712443947 0.119773491934581 0.417105287950859 0.165995507670613
0.289975240218276 0.3316314640433 0.191521973522694 0.186871322215729
0.202846698471363 0.239914622096443 0.224817672434926 0.332421006997269
0.338396294464016 0.214787045922094 0.0879957982205872 0.358820861393303
0.48337956653297 0.191013588699946 0.188879518561438 0.136727326205646
0.364556017843515 0.350962173051901 0.177261113522694 0.10722069558189
0.397138818004194 0.250831730387789 0.161516535765434 0.190512915842583
0.452414261721099 0.176634510229145 0.153937192313885 0.217014035735871
0.317126112373131 0.313021165758524 0.0968554739052421 0.272997247963103
0.483290204507141 0.183180327989342 0.163242772760991 0.170286694742526
0.353389040161627 0.0895736227254882 0.197568084990736 0.359469252122148
0.292012220493025 0.0958243780876905 0.338801041110045 0.27336236030924
0.240310979078606 0.163096497400276 0.415369194852685 0.181223328668434
0.188769705376088 0.266053459411844 0.253772837826912 0.291403997385156
0.192677679013086 0.368360303529422 0.321793890864205 0.117168126593287
0.123880392337921 0.475636596039278 0.170736282193591 0.22974672942921
0.215651729175158 0.313855307857388 0.347536576396443 0.122956386571012
0.357820143091282 0.270784774741836 0.244602560386711 0.126792521780171
0.531983937846185 0.194490062711497 0.220065960016417 0.0534600394259013
0.2640136456153 0.324778990282248 0.260371074825317 0.150836289277135
0.27558763962184 0.34736108638772 0.1228571707133 0.254194103277141
0.270013649577988 0.181672389514333 0.202313727606481 0.346000233301199
0.169692774521112 0.399497036991717 0.264673030957399 0.166137157529772
0.294721640821962 0.264355436433297 0.263780382194563 0.177142540550179
0.246220673456624 0.227047980873553 0.28653975206345 0.240191593606373
0.189235675835416 0.314070585529956 0.339263971833176 0.157429766801453
0.0880600654769841 0.174203423342145 0.446315640239493 0.291420870941378
0.369272750354591 0.317521744076949 0.183641591983285 0.129563913585175
0.479897283812042 0.253638945126858 0.0487518000991941 0.217711970961906
0.333577136355506 0.260564215555103 0.268179138426211 0.13767950966318
0.0866012810593465 0.274004045407119 0.171217178895834 0.468177494637701
0.179526279087951 0.246873144663899 0.359797231053639 0.213803345194511
0.352275087090129 0.253243263014991 0.264750118067984 0.129731531826896
0.403339505834849 0.229098213841209 0.185087430480385 0.182474849843558
0.227399995714507 0.13964623771436 0.370395376948131 0.262558389623002
0.242895262229935 0.265765949892635 0.318329075221135 0.173009712656295
0.261131510421409 0.186534617271953 0.391103682061588 0.16123019024505
0.197163237988759 0.270627631827047 0.254376189210864 0.27783294097333
0.253248826876578 0.155465784137867 0.232276727870986 0.359008661114569
0.30544674625426 0.280273438568791 0.117361524420483 0.296918290756466
0.360368684840452 0.0272298437868617 0.253889857227667 0.35851161414502
0.326317001572259 0.174136232278034 0.106466660788294 0.393080105361413
0.252514569419824 0.283898851863486 0.212201608687441 0.251384970029248
0.339373822214714 0.264020900536972 0.110297666087053 0.286307611161261
0.372623140832968 0.404153174354607 0.0693767785418494 0.153846906270576
0.484531296093757 0.206843111849503 0.144375931852976 0.164249660203764
0.356323672258195 0.313791585239873 0.10587923782613 0.224005504675802
0.316855828771939 0.10323612246121 0.397898508523964 0.182009540242888
0.25976182455482 0.337807749506453 0.199090990807244 0.203339435131484
0.254943660701643 0.179656548544629 0.195412118976435 0.369987671777293
0.417811199349942 0.213002186301128 0.0297246645420876 0.339461949806843
0.487163050574893 0.135413702980816 0.170475433081296 0.206947813362994
0.370462562067641 0.331336302069484 0.161655884604555 0.13654525125832
0.373997042188446 0.211330993657383 0.173625679954597 0.241046284199575
0.419101601632103 0.160188815819368 0.151378479780676 0.269331102767852
0.31883775171014 0.295951848684031 0.0776627669254309 0.307547632680398
0.471211485997848 0.172499751546369 0.179819086215416 0.176469676240367
0.38508929584851 0.103244402007017 0.173343030198841 0.338323271945632
0.215923983656076 0.113538659683235 0.363607430217879 0.30692992644281
0.22194507606033 0.173508548626288 0.406706393040514 0.197839982272867
0.222186352549086 0.263126862348647 0.24536346724017 0.269323317862096
0.198774780037438 0.336374310626067 0.339848666484317 0.125002242852179
0.131555011806083 0.484030752645215 0.146929946626094 0.237484288922608
0.241026345432771 0.320468140043899 0.276128336650209 0.162377177873121
0.336399536789883 0.290513058116406 0.220879827097242 0.152207577996469
0.524539161379603 0.183797686900447 0.240858317209257 0.0508048345106925
0.236782364492642 0.369219408571989 0.233020864845976 0.160977362089393
0.244617338346465 0.389221729673047 0.104785984269742 0.261374947710746
0.297453456491014 0.0922739428876042 0.25151195166439 0.358760648956992
0.208875662364456 0.411680282187492 0.234023908949509 0.145420146498542
0.271947887080904 0.223538512783315 0.261824397719937 0.242689202415844
0.175777417839341 0.257080413360321 0.319039039003306 0.248103129797032
0.198379267769532 0.321265029327881 0.314620755842085 0.165734947060501
0.115451485764297 0.204208410550085 0.410259562095609 0.270080541590009
0.302243874880238 0.397247872438602 0.148774248024818 0.151734004656341
0.492039612840616 0.20444652177086 0.0822554309089128 0.221258434479611
0.305410676912924 0.261042176173549 0.32645073413966 0.107096412773867
0.120580498755816 0.275079193692718 0.180207188752477 0.424133118798989
0.14507348264575 0.234219064753764 0.406904107405976 0.213803345194511
0.362521562224173 0.244697293122698 0.254152489468486 0.138628655184643
0.393669750860538 0.214847088144162 0.250089156601794 0.141394004393507
0.202372607543214 0.157332150857574 0.346758966987677 0.293536274611535
0.214374921728371 0.299006318558064 0.341476385793812 0.145142373919753
0.223888917241719 0.154289778590881 0.415842082712264 0.205979221455136
0.19765487642381 0.214542482948419 0.269177304200541 0.31862533642723
0.285134255091023 0.131535122029981 0.270540686598461 0.312789936280535
